# Ensemble C, m = 50.0, c_n/c_p = 0.870967741935, f = -0.99347826087
# lambda = [  6.16440087e-09  -5.33397913e-09   0.00000000e+00   6.12181790e-10]
#  
2.723193112460362553e-01
3.710958982755646618e-01
1.637823557987770240e+00
1.323228194984098050e+00
5.565172329702560150e-01
1.754253863075091679e+00
3.911298857535052687e-01
1.130474202044718712e+00
0.000000000000000000e+00
1.568013613695775188e+00
0.000000000000000000e+00
1.320334986873124006e-01
3.827775267170839824e-01
8.923572537983058828e-01
0.000000000000000000e+00
4.713219655629585780e-01
0.000000000000000000e+00
0.000000000000000000e+00
6.237368125092813687e-01
1.866994457210789660e-01
0.000000000000000000e+00
0.000000000000000000e+00
7.566747405967670925e-01
1.060390379571452657e+00
1.250638577827828612e+00
1.508629206042058302e+00
1.459114375642063255e+00
0.000000000000000000e+00
4.417777719198861530e-01
6.409354329790410976e-01
0.000000000000000000e+00
4.689643192884969114e-01
3.850371591927735371e-01
3.990452454963361317e-01
3.018731781434416117e-01
1.621518427167871979e+00
4.747965062592631423e-03
8.199413953153322776e-01
7.699563767027516326e-01
0.000000000000000000e+00
0.000000000000000000e+00
8.172617396899855002e-01
4.252558824625910505e-01
0.000000000000000000e+00
4.426022876667129458e-01
1.882822017164234474e+00
1.046045080691608564e-02
5.151248229556391056e-01
8.738175638760707908e-01
1.188788304432215837e+00
3.721041945356432512e-01
6.280191310767864188e-01
4.400817889769648161e-01
8.581266109526733965e-01
1.103881691253033454e-01
0.000000000000000000e+00
0.000000000000000000e+00
0.000000000000000000e+00
0.000000000000000000e+00
0.000000000000000000e+00
4.554741255955654933e-01
7.189317133682594507e-01
1.444686487190648405e+00
1.039047790028688745e+00
1.251273261542262816e-01
1.588146445068673307e-01
1.031340126624139764e+00
1.060689049257947492e+00
0.000000000000000000e+00
1.078802596145846282e+00
1.583640733611857199e+00
0.000000000000000000e+00
1.030103650307600427e+00
0.000000000000000000e+00
5.777679657121691514e-01
0.000000000000000000e+00
0.000000000000000000e+00
0.000000000000000000e+00
1.497106865984854984e+00
1.209179565467462414e+00
7.349118113780513939e-01
0.000000000000000000e+00
8.239669047498765497e-01
0.000000000000000000e+00
8.033957121035726137e-03
0.000000000000000000e+00
1.296502919937653875e+00
0.000000000000000000e+00
5.915561867050646017e-01
0.000000000000000000e+00
0.000000000000000000e+00
2.074596024488410073e+00
2.504084498415528603e-01
1.995382767015841385e-01
0.000000000000000000e+00
0.000000000000000000e+00
0.000000000000000000e+00
9.335611333972619885e-01
4.253454487490432867e-01
0.000000000000000000e+00
