# Ensemble C, m = 50.0, lambda = [  5.27646181e-09  -4.51520454e-09   0.00000000e+00   8.55993549e-10]
1.976112150557742586e+00
5.669377800692125824e-01
0.000000000000000000e+00
0.000000000000000000e+00
8.078373175108881643e-01
1.968529404512697756e+00
0.000000000000000000e+00
5.347728444837954731e-01
0.000000000000000000e+00
1.377085432868228265e+00
0.000000000000000000e+00
0.000000000000000000e+00
0.000000000000000000e+00
5.285316191236381911e-02
0.000000000000000000e+00
1.424073743273198245e+00
0.000000000000000000e+00
2.142028548432385993e+00
1.151749169428126551e+00
0.000000000000000000e+00
0.000000000000000000e+00
6.886873712204098774e-02
1.544863391248903817e+00
9.326888400042289140e-01
0.000000000000000000e+00
8.722073388709207231e-01
1.684759593671834699e+00
0.000000000000000000e+00
9.508949294371271677e-01
1.604053627192364662e+00
9.368484224001837057e-02
2.303932919432777615e-01
0.000000000000000000e+00
9.549179409946146890e-01
0.000000000000000000e+00
2.086603404730191791e+00
0.000000000000000000e+00
0.000000000000000000e+00
0.000000000000000000e+00
0.000000000000000000e+00
6.227653810814007818e-01
0.000000000000000000e+00
1.974890192591624016e+00
1.805024658586053821e-01
0.000000000000000000e+00
2.051437675035942543e-01
2.273578432877748856e+00
0.000000000000000000e+00
0.000000000000000000e+00
1.426751730414683506e+00
0.000000000000000000e+00
0.000000000000000000e+00
0.000000000000000000e+00
9.959955026112731202e-01
5.925611348520876120e-02
1.054918332179573870e+00
1.530875969892717237e+00
0.000000000000000000e+00
1.452955739850881889e+00
0.000000000000000000e+00
0.000000000000000000e+00
0.000000000000000000e+00
2.634665147992137912e-01
3.712580131618871664e-03
1.387277958749517648e+00
0.000000000000000000e+00
0.000000000000000000e+00
0.000000000000000000e+00
0.000000000000000000e+00
0.000000000000000000e+00
2.073857855540752748e+00
2.151906394908964959e+00
9.412274484376338402e-01
0.000000000000000000e+00
0.000000000000000000e+00
0.000000000000000000e+00
0.000000000000000000e+00
0.000000000000000000e+00
0.000000000000000000e+00
0.000000000000000000e+00
1.414988134604021897e-01
0.000000000000000000e+00
1.303191590163874203e+00
1.861038009073604282e+00
1.816036712194985192e+00
1.909592376878762376e+00
0.000000000000000000e+00
0.000000000000000000e+00
0.000000000000000000e+00
6.017657563817760957e-01
9.885142359968243989e-03
0.000000000000000000e+00
9.399782266368086198e-03
1.019606861881231508e+00
1.890640177128461552e+00
0.000000000000000000e+00
7.578496664947255435e-02
1.621038321655861869e-01
0.000000000000000000e+00
0.000000000000000000e+00
