# Ensemble C, m = 50.0, c_n/c_p = 0.716129032258, f = -0.998695652174
# lambda = [  3.02127412e-08  -2.16079999e-08   0.00000000e+00   1.10471806e-09]
#  
5.207911591869062384e+00
2.950917324282378296e+00
3.347616411741045628e+00
3.849520857506630644e+00
4.002952403214139920e+00
4.489352253590744191e+00
4.742852257383870729e+00
4.313292589323984849e+00
4.675172983855024000e+00
4.776605291387777896e+00
4.918497253723877805e+00
4.802029998372312036e+00
4.310206897232972345e+00
2.185118861476123886e+00
4.293104752091628562e+00
4.104862695028179687e+00
4.488224761482385361e+00
5.463968449880835188e+00
5.374749445744966714e+00
5.131150451047592043e+00
3.089470759358202478e+00
4.161145795799444436e+00
4.035906652488074009e+00
4.608044274695158649e+00
4.189343518800676236e+00
3.688678277917068815e+00
5.215741371172698315e+00
4.548114893578040885e+00
5.354264013587785698e+00
4.329637674480666831e+00
4.152310026085187289e+00
4.794567197114055546e+00
3.650297829298859931e+00
5.079307010853454152e+00
3.564623676671291985e+00
3.700847513961934787e+00
4.945778679194449801e+00
3.718682274384510489e+00
4.557126189061429855e+00
3.862630825680111180e+00
3.418227704386286980e+00
2.922034906765855311e+00
4.546612035523961204e+00
3.246057680126853029e+00
5.068683493316444633e+00
3.888796423652177481e+00
4.725699562744113180e+00
5.055902151108856657e+00
5.344534563289783158e+00
3.514499479758856459e+00
2.959311020093581490e+00
5.319499879811539600e+00
4.583294539791666011e+00
4.140750921708367116e+00
3.191733382133758123e+00
3.783187796938101588e+00
4.182167293810077346e+00
3.895028113690996108e+00
4.520026148622051210e+00
4.576242545058361699e+00
5.227159141869682557e+00
5.211876512515940973e+00
5.365243789950032038e+00
5.207968522382206977e+00
3.270411036713742448e+00
3.414135592354267335e+00
4.492572946674608936e+00
3.589766905699309341e+00
4.395394406793555753e+00
5.304151707790872194e+00
3.430114625518367433e+00
4.790663828289347670e+00
4.567905551546496135e+00
4.892730717957928910e+00
4.386244662530770277e+00
3.629905398517140558e+00
4.568360221985456882e+00
4.149154989400825500e+00
4.185465736451480012e+00
3.244332561542800697e+00
4.943254481175701542e+00
4.668422141327789099e+00
5.123392852789084628e+00
3.044230642712840051e+00
2.961545101382125900e+00
4.571388228328995496e+00
3.873506210956286111e+00
5.137501359640932463e+00
4.565521208989001600e+00
4.211717389151874436e+00
3.784783608655101883e+00
2.979162658429621136e+00
3.536192761085570790e+00
4.066313886448597259e+00
3.463546641507247781e+00
3.523515235076734697e+00
3.393089571843355134e+00
4.706228305167605264e+00
4.485088000912195838e+00
4.019546873310336998e+00
