# Ensemble C, m = 50.0, lambda = [  5.87268348e-09  -4.78983642e-09   0.00000000e+00   9.72617768e-10]
1.202790763697065390e+00
0.000000000000000000e+00
1.174128393536685966e+00
6.910300624863763286e-02
0.000000000000000000e+00
1.142987085269490333e+00
4.490223012892854415e-01
1.934764172113013325e+00
0.000000000000000000e+00
1.503244749586097218e+00
0.000000000000000000e+00
1.496952673828409353e+00
0.000000000000000000e+00
4.386366453193459303e-01
2.061998584228405651e+00
7.500314863161489098e-01
0.000000000000000000e+00
1.565269304495736126e-03
1.403355307284941844e+00
0.000000000000000000e+00
2.901640552308188403e-01
0.000000000000000000e+00
1.796563084084500161e+00
2.976240973094253506e-01
0.000000000000000000e+00
1.786444623850863425e-03
5.931560659523830159e-01
0.000000000000000000e+00
1.366402554301954453e+00
6.201443161865179306e-03
2.019964393624291699e+00
8.659554446284544182e-01
0.000000000000000000e+00
1.932056433815551033e-01
0.000000000000000000e+00
1.057405088890080114e+00
0.000000000000000000e+00
0.000000000000000000e+00
0.000000000000000000e+00
0.000000000000000000e+00
0.000000000000000000e+00
3.560716568748236166e-01
1.116738295124998892e+00
0.000000000000000000e+00
0.000000000000000000e+00
3.144446220552705729e-01
1.657861580781728295e+00
6.520522653399053459e-01
0.000000000000000000e+00
0.000000000000000000e+00
1.974758712429477203e+00
0.000000000000000000e+00
1.657969404033322824e+00
6.952374752905030042e-02
1.379144899516714096e-01
0.000000000000000000e+00
7.098890086728158744e-02
1.443392709337062429e+00
0.000000000000000000e+00
0.000000000000000000e+00
1.460040695062768901e+00
0.000000000000000000e+00
1.412124240620796112e+00
0.000000000000000000e+00
0.000000000000000000e+00
3.425307621977449757e-01
0.000000000000000000e+00
2.081604207604877743e+00
7.419031592415148424e-01
0.000000000000000000e+00
0.000000000000000000e+00
0.000000000000000000e+00
0.000000000000000000e+00
2.139433248031589407e+00
3.342803975491465129e-01
9.289812996095715425e-01
0.000000000000000000e+00
2.952036145278329471e-01
0.000000000000000000e+00
0.000000000000000000e+00
0.000000000000000000e+00
2.161578726497989322e+00
0.000000000000000000e+00
0.000000000000000000e+00
1.120217452221861976e+00
1.137399411430640050e+00
2.407659572908329160e-01
1.149491227837129426e+00
1.428672480773676146e+00
6.580950488644061735e-01
1.663005946443034677e+00
5.732075365812623335e-01
0.000000000000000000e+00
0.000000000000000000e+00
0.000000000000000000e+00
0.000000000000000000e+00
0.000000000000000000e+00
0.000000000000000000e+00
0.000000000000000000e+00
0.000000000000000000e+00
