# Ensemble C, m = 50.0, c_n/c_p = 0.638709677419, f = -0.973913043478
# lambda = [  7.15427343e-09  -4.45029923e-09   0.00000000e+00   1.03691880e-09]
#  
9.859501524211364831e-01
1.275256791587852545e+00
0.000000000000000000e+00
2.387056147852416821e+00
0.000000000000000000e+00
1.625929530756939356e-01
9.117513145083626647e-01
4.447857683792826311e-01
0.000000000000000000e+00
0.000000000000000000e+00
1.548801572089315570e+00
1.873223402754203626e+00
0.000000000000000000e+00
4.411983114605800838e-01
2.950871365671789981e+00
5.734634710073478470e-01
0.000000000000000000e+00
5.016390587725187977e-01
1.343184976246600382e+00
6.492798845435616695e-01
0.000000000000000000e+00
1.585079382468871145e+00
0.000000000000000000e+00
3.135978478700853223e-01
1.047828957458502908e+00
2.498624941583547532e+00
0.000000000000000000e+00
1.427934455915898848e+00
0.000000000000000000e+00
1.804107023633980234e+00
8.361510215499426413e-02
6.624882357356393081e-01
0.000000000000000000e+00
0.000000000000000000e+00
0.000000000000000000e+00
1.648278703927024580e+00
9.381913525112041130e-01
1.044456930919539062e+00
8.434968383061011155e-01
1.443995529164544322e+00
1.056661938799357658e+00
0.000000000000000000e+00
6.283262986591087174e-01
0.000000000000000000e+00
1.362094248157128540e-01
3.718246914715295781e-01
6.804101836638931644e-02
0.000000000000000000e+00
1.434388831728011793e-01
8.387266004415022680e-01
1.309616128410553859e+00
3.404112840030816267e-01
8.250225545787480685e-01
0.000000000000000000e+00
0.000000000000000000e+00
1.037929091707415319e+00
2.310008391775137060e+00
5.826876312825408633e-01
2.561851607469362024e-01
6.953731832308346350e-01
1.467028631686101425e+00
1.716709963199288369e+00
1.577378706948754150e+00
3.310146294254938115e-01
2.770158480289411695e+00
2.028929043262702070e+00
1.430595900643336638e+00
1.589480531916884765e+00
7.581210801724790338e-01
0.000000000000000000e+00
0.000000000000000000e+00
0.000000000000000000e+00
0.000000000000000000e+00
7.624372312699018162e-01
3.559183151100903109e-01
5.815200026231289732e-01
1.517521995890463715e-01
1.235799425535041018e-01
1.174104331974720861e+00
7.935437305748580528e-01
3.408451529192398910e-01
0.000000000000000000e+00
8.667259875843030814e-01
1.537416197533488127e+00
0.000000000000000000e+00
4.371018094931441444e-01
1.539140660813019146e+00
0.000000000000000000e+00
1.445103831633436808e+00
2.021076830891276599e-01
1.167613855091242492e+00
1.856033342050063206e+00
0.000000000000000000e+00
1.316939450238758802e+00
0.000000000000000000e+00
2.126396852296545958e+00
0.000000000000000000e+00
0.000000000000000000e+00
0.000000000000000000e+00
7.353953264424568925e-03
