# Ensemble C, m = 50.0, lambda = [  8.08790957e-09  -6.22697290e-09   0.00000000e+00   1.04341785e-09]
0.000000000000000000e+00
8.431365502687410141e-01
1.943798867689681575e+00
0.000000000000000000e+00
2.131819449679343670e+00
0.000000000000000000e+00
0.000000000000000000e+00
2.154010973623225134e+00
0.000000000000000000e+00
1.972965058364137159e+00
1.525707124971515061e+00
0.000000000000000000e+00
0.000000000000000000e+00
1.598385742688134048e+00
2.340082156758901633e+00
0.000000000000000000e+00
2.444620305458496123e-01
2.876711041898603188e-02
6.239211102639077300e-01
2.205606830511556815e+00
1.733979488126657476e+00
2.371115179003854823e-02
3.089046748418104449e-01
0.000000000000000000e+00
2.047962465668904830e+00
1.799134068905121175e+00
2.470881598675517044e+00
9.632598252742632372e-01
6.157494912765382189e-01
1.099749573813766368e+00
1.746478668709249504e+00
1.548412999034010973e+00
0.000000000000000000e+00
2.318589123231710847e+00
7.194684959837901461e-01
0.000000000000000000e+00
2.244348780687530631e+00
9.865115048176269497e-01
5.933533909287467267e-01
2.170173733978687357e-03
0.000000000000000000e+00
5.972485786484337256e-01
0.000000000000000000e+00
2.017934589902996123e+00
1.802735579447904524e+00
0.000000000000000000e+00
0.000000000000000000e+00
2.938802113956890949e-01
0.000000000000000000e+00
0.000000000000000000e+00
1.307995385095150898e-01
6.573444229397692462e-01
0.000000000000000000e+00
0.000000000000000000e+00
0.000000000000000000e+00
2.050271407558317271e-01
1.675727741871109844e+00
0.000000000000000000e+00
6.185215351370433323e-01
3.305411264705659935e-01
3.999621444037974594e-01
1.063114918210327442e+00
4.042524017930230681e-03
1.330624956767517686e+00
2.024039191686146211e+00
0.000000000000000000e+00
1.042463039061036989e+00
1.572756401179766339e+00
8.923823186604427082e-01
2.275052246269582135e+00
1.756199358265824184e+00
1.035577433559716543e+00
0.000000000000000000e+00
0.000000000000000000e+00
1.583470397414572961e+00
1.615049868097436780e+00
1.748832999883208839e+00
2.044173137358628267e+00
2.213532590279843615e-01
1.370823484670874448e+00
1.518342615570237530e+00
1.458972785180199239e+00
1.240360483413051718e+00
2.151528094593539442e-01
3.222509664952499242e-01
1.506327291085598929e+00
0.000000000000000000e+00
0.000000000000000000e+00
1.809265857696245261e+00
1.825098538517412328e+00
1.245250364096133877e+00
8.976654402541440758e-01
1.954117381050959334e+00
7.185228544844968201e-01
1.029877353058187062e+00
0.000000000000000000e+00
1.596479032493679229e-01
0.000000000000000000e+00
1.007644597744284720e+00
0.000000000000000000e+00
