# Ensemble C, m = 50.0, c_n/c_p = 0.883870967742, f = -0.992173913043
# lambda = [  5.69688406e-09  -4.99590365e-09   0.00000000e+00   6.28727141e-10]
#  
8.502981917292385949e-01
1.091703619382273116e+00
2.812141474095126714e-01
9.951570193620238314e-01
0.000000000000000000e+00
1.371749753462659926e-01
1.472776824162287612e+00
1.045614076576655699e-01
7.515269162650045631e-01
6.114943202324243376e-01
0.000000000000000000e+00
0.000000000000000000e+00
2.108450132542001754e+00
0.000000000000000000e+00
3.777782255812792145e-01
1.615647942163913164e+00
2.321528328261174945e+00
1.116638076057778761e+00
3.846703697235975827e-01
7.594304515769011443e-01
5.784881833400085105e-01
1.698314898982872023e+00
0.000000000000000000e+00
8.672699614399893564e-01
1.416259053077806307e+00
6.985227647898323289e-01
1.153410204377627757e+00
0.000000000000000000e+00
5.996455284318333856e-01
2.023299387701730900e+00
1.317642968685001748e+00
0.000000000000000000e+00
1.488376388053749055e+00
0.000000000000000000e+00
0.000000000000000000e+00
2.626921227942953241e-01
3.776798945583390021e-01
0.000000000000000000e+00
0.000000000000000000e+00
1.522789382744596409e+00
3.458770088120443620e-01
0.000000000000000000e+00
3.517414549421023495e-01
0.000000000000000000e+00
8.242705604947296871e-01
5.222652684581118032e-02
1.064071828443570622e+00
1.314491948448685221e+00
1.920812289019808716e-01
0.000000000000000000e+00
1.464013543003728657e+00
0.000000000000000000e+00
1.063329307202537599e+00
0.000000000000000000e+00
0.000000000000000000e+00
0.000000000000000000e+00
5.298715339110342537e-01
0.000000000000000000e+00
4.630103309365059538e-01
6.485615413491730985e-01
2.211248315351702631e-01
0.000000000000000000e+00
0.000000000000000000e+00
0.000000000000000000e+00
0.000000000000000000e+00
0.000000000000000000e+00
0.000000000000000000e+00
1.632476895063150191e-01
0.000000000000000000e+00
1.008201908126839186e+00
2.722756040029020684e-03
8.766948075981225719e-01
1.309800909799250901e+00
3.429976489239840998e-01
7.982975206645503974e-01
2.000105549413705219e+00
9.639112979644720580e-01
0.000000000000000000e+00
0.000000000000000000e+00
0.000000000000000000e+00
0.000000000000000000e+00
0.000000000000000000e+00
1.610041611227023495e+00
0.000000000000000000e+00
0.000000000000000000e+00
7.532502773985644273e-01
1.126724793643791411e+00
0.000000000000000000e+00
5.747496949287869139e-01
1.018053693014461941e-01
4.820547248771288318e-02
2.086921424044159701e-01
8.898092988047572316e-01
1.716417216598327064e-02
2.220882353259148734e-01
6.233133132000358012e-01
5.984380164887844744e-01
0.000000000000000000e+00
4.039926923611250054e-01
4.307373765997227211e-01
