# Ensemble C, m = 50.0, c_n/c_p = 0.922580645161, f = -0.965714285714
# lambda = [  3.86840888e-09  -3.44655622e-09   0.00000000e+00   9.26517248e-10]
#  
1.123559758341754478e+00
0.000000000000000000e+00
9.220427835329104704e-01
0.000000000000000000e+00
7.687594652433663578e-01
0.000000000000000000e+00
4.767724542434520485e-01
1.073870679222460378e+00
0.000000000000000000e+00
9.984467491154189744e-01
7.452500104445765050e-01
5.880996102051274654e-01
8.896018972512323986e-01
8.591997703002912656e-01
9.801179754712164849e-01
5.295934303592884085e-01
2.201697242305537205e+00
0.000000000000000000e+00
8.377480280050659811e-01
0.000000000000000000e+00
2.210218959231538438e+00
6.018300030190708583e-01
2.696425892796924795e-01
8.077334892837462199e-01
9.920028124269557324e-02
7.278366771566172622e-01
0.000000000000000000e+00
2.012710168035281022e-01
9.676201441399192582e-01
9.117789201450787751e-01
0.000000000000000000e+00
1.750042190410135090e+00
1.936439379320589849e+00
0.000000000000000000e+00
2.889896746849297537e-01
0.000000000000000000e+00
9.777912728592618175e-01
2.380506251979792154e+00
0.000000000000000000e+00
1.329109649939667737e+00
0.000000000000000000e+00
5.152295580364756045e-02
0.000000000000000000e+00
9.502162004880707613e-01
0.000000000000000000e+00
3.879958364516650215e-01
1.386901498076917316e-02
3.528824989038747972e-01
6.714434491378424956e-03
6.672399222121535578e-01
1.227677925913667867e+00
4.884270607265998043e-01
0.000000000000000000e+00
0.000000000000000000e+00
0.000000000000000000e+00
0.000000000000000000e+00
2.515584553273254365e+00
3.158417590614956416e-01
7.359424732500965960e-02
1.340113241826577317e+00
4.751076471706108251e-01
0.000000000000000000e+00
4.784377274009591480e-02
2.174666086028206990e+00
0.000000000000000000e+00
9.858108737934619947e-01
1.158646632634192430e+00
1.921803168006637641e+00
1.222808407667259900e-01
1.762548781777671270e+00
9.151125199702344615e-01
0.000000000000000000e+00
0.000000000000000000e+00
1.057509977082474739e+00
0.000000000000000000e+00
1.069899751378889485e+00
3.911523644942579425e-01
0.000000000000000000e+00
0.000000000000000000e+00
0.000000000000000000e+00
0.000000000000000000e+00
0.000000000000000000e+00
1.932122012630844043e+00
1.422974870812505177e+00
1.831984370832615561e+00
0.000000000000000000e+00
0.000000000000000000e+00
8.603812687798846484e-04
6.619720172550134230e-01
2.651856708297968199e-03
1.276412711251925791e-02
0.000000000000000000e+00
1.694594313633327687e+00
1.647017079330167499e-01
1.708311696902870214e+00
4.159088935558775124e-01
9.133594004030767266e-01
0.000000000000000000e+00
5.168697649628102297e-01
1.461920952907114768e-01
