# Ensemble C, m = 50.0, c_n/c_p = 0.741935483871, f = -1.0
# lambda = [  2.90822305e-08  -2.15771387e-08   0.00000000e+00   0.00000000e+00]
#  
9.443815857804175318e-01
0.000000000000000000e+00
0.000000000000000000e+00
1.083262727285997928e-01
0.000000000000000000e+00
0.000000000000000000e+00
4.876191793631678983e-01
0.000000000000000000e+00
0.000000000000000000e+00
0.000000000000000000e+00
0.000000000000000000e+00
0.000000000000000000e+00
0.000000000000000000e+00
0.000000000000000000e+00
0.000000000000000000e+00
2.732238017583234591e+00
1.894997270815535595e+00
0.000000000000000000e+00
0.000000000000000000e+00
0.000000000000000000e+00
0.000000000000000000e+00
2.380821087833161209e-01
0.000000000000000000e+00
0.000000000000000000e+00
0.000000000000000000e+00
1.096736215160580841e+00
0.000000000000000000e+00
0.000000000000000000e+00
0.000000000000000000e+00
0.000000000000000000e+00
0.000000000000000000e+00
0.000000000000000000e+00
0.000000000000000000e+00
0.000000000000000000e+00
0.000000000000000000e+00
0.000000000000000000e+00
1.470676800089553371e+00
0.000000000000000000e+00
1.655632276807966763e-01
0.000000000000000000e+00
3.159393365228364559e-01
0.000000000000000000e+00
0.000000000000000000e+00
0.000000000000000000e+00
0.000000000000000000e+00
6.278950268538052715e-01
1.399654090086564828e+00
1.021952624090907813e+00
0.000000000000000000e+00
0.000000000000000000e+00
3.431860595587176710e-01
0.000000000000000000e+00
8.837959467314491224e-01
0.000000000000000000e+00
0.000000000000000000e+00
1.080030508088049013e+00
6.135439945405265494e-01
7.931880935264743471e-01
0.000000000000000000e+00
1.069764941948031789e-01
8.440920076913654979e-01
1.383862741798639551e+00
0.000000000000000000e+00
0.000000000000000000e+00
1.389428163360576507e+00
8.906058955996353221e-01
0.000000000000000000e+00
8.210703454544617808e-01
0.000000000000000000e+00
1.542431397186171116e-01
0.000000000000000000e+00
2.121301443206906334e-01
1.074747212289054038e-01
0.000000000000000000e+00
0.000000000000000000e+00
9.453947095259361832e-01
0.000000000000000000e+00
6.423802410734121837e-01
6.651775020329939725e-01
1.162574932389197180e+00
0.000000000000000000e+00
0.000000000000000000e+00
2.482650524447306550e-01
0.000000000000000000e+00
4.898111686213150184e-01
1.582552711652498445e+00
0.000000000000000000e+00
4.344795107575432080e-01
2.415449685957073156e-01
0.000000000000000000e+00
0.000000000000000000e+00
0.000000000000000000e+00
0.000000000000000000e+00
2.796603914225342935e-01
0.000000000000000000e+00
1.945219140384029322e+00
6.179372532425910780e-01
4.889511731773710235e-01
0.000000000000000000e+00
2.134760072217525728e+00
