# Ensemble C, m = 50.0, c_n/c_p = 0.832258064516, f = -0.97652173913
# lambda = [  5.59871965e-09  -4.55018075e-09   0.00000000e+00   1.00376140e-09]
#  
0.000000000000000000e+00
8.167884164577845496e-01
0.000000000000000000e+00
2.432911472520356833e-01
2.214342005560864468e+00
1.070969438728169187e+00
4.738768688539743423e-01
0.000000000000000000e+00
1.846873712895838127e+00
6.911222722516096040e-01
4.255462155413166081e-01
0.000000000000000000e+00
7.589458317495556550e-01
7.562628901165453499e-01
1.562351095429910020e+00
1.607457436422461416e+00
1.809753873841404070e+00
1.919087810332301469e+00
0.000000000000000000e+00
0.000000000000000000e+00
0.000000000000000000e+00
9.351303589567973307e-02
0.000000000000000000e+00
4.191031106930737660e-01
1.951392670255770734e-02
9.824861776735923646e-01
1.275328477907857264e-02
1.326204958462538219e-01
2.137372629332801033e+00
8.429073716925816750e-01
8.333272014383166226e-01
1.170479982888944948e+00
0.000000000000000000e+00
3.746478302281401329e-01
1.859485986012608061e+00
9.274433636121099944e-01
1.946479794059815749e+00
2.317972371420643718e+00
1.005910506434653628e+00
1.794235708654929651e+00
2.591347443251283522e+00
1.334857067889504201e+00
1.042215613249147577e+00
3.833102516276949978e-01
1.006193247739628621e-01
0.000000000000000000e+00
0.000000000000000000e+00
1.389515196187264046e+00
1.633875813951222444e-01
1.316127936117188479e+00
1.750059739544158166e+00
0.000000000000000000e+00
0.000000000000000000e+00
2.269715535323686861e+00
0.000000000000000000e+00
0.000000000000000000e+00
4.630445495050795057e-01
9.558510162779549485e-03
7.900088818824921866e-01
0.000000000000000000e+00
0.000000000000000000e+00
0.000000000000000000e+00
1.773649612049668756e+00
1.671291368487454188e+00
2.838217625190345150e-01
1.818637752408932329e+00
5.010632011396635166e-01
2.311638343527366857e+00
0.000000000000000000e+00
1.071722801345819098e+00
2.518033198632941172e+00
0.000000000000000000e+00
3.121165709514470699e-01
3.761919191062829126e-01
9.382576896931907329e-02
9.327312138341877779e-01
7.525229568819287278e-03
2.198065959420494320e+00
0.000000000000000000e+00
1.917900490368965372e+00
0.000000000000000000e+00
2.526660723451583213e+00
1.078874826515126228e+00
3.485612363362012300e-01
1.736488053106298501e+00
1.746701747714798358e+00
0.000000000000000000e+00
3.781050403021860573e-01
0.000000000000000000e+00
1.018100477740603971e+00
1.842936109857179039e+00
3.763982298253798486e-01
2.596236957382964117e-01
0.000000000000000000e+00
1.408052172951627323e+00
2.261209295186783930e+00
3.961697212138788893e-01
1.223421708980451106e+00
0.000000000000000000e+00
7.601020739095537548e-01
