# Ensemble C, m = 50.0, lambda = [  6.35047443e-09  -3.91704287e-09   0.00000000e+00   1.05299538e-09]
1.160210554275101336e+00
0.000000000000000000e+00
0.000000000000000000e+00
2.497627589597775921e-01
5.791698688139024220e-01
1.200060120445998191e+00
4.384650563813260460e-01
1.062003870778569281e+00
0.000000000000000000e+00
0.000000000000000000e+00
2.936153158530286356e-01
0.000000000000000000e+00
0.000000000000000000e+00
0.000000000000000000e+00
2.418169268015161855e+00
7.981825506221170707e-01
1.009754871675227594e+00
1.050382399579214733e-02
9.247034144648336174e-01
1.322635991598885008e+00
4.305942756951268713e-01
0.000000000000000000e+00
0.000000000000000000e+00
0.000000000000000000e+00
0.000000000000000000e+00
7.714190550724503437e-01
0.000000000000000000e+00
0.000000000000000000e+00
7.792928015625369964e-01
0.000000000000000000e+00
1.571583315102720591e-01
0.000000000000000000e+00
0.000000000000000000e+00
7.117888623720210195e-03
6.553735285010987566e-01
0.000000000000000000e+00
1.406692532070897173e+00
0.000000000000000000e+00
2.435404769021786153e-01
0.000000000000000000e+00
6.775363770055029544e-01
0.000000000000000000e+00
0.000000000000000000e+00
4.914368710128440010e-01
1.105765767158848778e+00
5.357831033195983306e-01
6.234677298267733529e-03
1.676659251787976090e-01
0.000000000000000000e+00
0.000000000000000000e+00
0.000000000000000000e+00
1.518442468222551467e+00
0.000000000000000000e+00
3.546142226081844817e-01
2.456035258112001074e+00
2.525556881448494662e-01
8.718909027919962140e-01
0.000000000000000000e+00
5.338955957008859141e-04
0.000000000000000000e+00
0.000000000000000000e+00
2.053083188300929507e+00
3.780854749042569796e-01
0.000000000000000000e+00
0.000000000000000000e+00
0.000000000000000000e+00
0.000000000000000000e+00
0.000000000000000000e+00
0.000000000000000000e+00
0.000000000000000000e+00
0.000000000000000000e+00
0.000000000000000000e+00
0.000000000000000000e+00
5.751711054064735373e-01
3.370890103449587505e-01
0.000000000000000000e+00
0.000000000000000000e+00
1.387875651767974894e+00
0.000000000000000000e+00
0.000000000000000000e+00
0.000000000000000000e+00
0.000000000000000000e+00
1.279356847089012546e-02
0.000000000000000000e+00
3.709928723383548298e-03
1.616090108172701101e-01
9.338066667622967332e-01
5.698435274861135547e-01
0.000000000000000000e+00
0.000000000000000000e+00
3.852939603499889315e-02
0.000000000000000000e+00
1.777603407574195549e+00
6.513401551953095225e-01
5.556208317090076676e-01
1.995047393813843550e+00
1.317819516678919722e+00
2.398394409210057088e+00
1.146729897861378022e+00
0.000000000000000000e+00
