# Ensemble C, m = 50.0, lambda = [  4.43433521e-09  -4.17392530e-09   0.00000000e+00   5.14095679e-10]
0.000000000000000000e+00
1.024554154376761533e-01
0.000000000000000000e+00
0.000000000000000000e+00
1.069539749759668493e-02
6.318853147471248377e-01
6.471673508825150911e-01
0.000000000000000000e+00
1.104477509728485796e+00
0.000000000000000000e+00
0.000000000000000000e+00
0.000000000000000000e+00
0.000000000000000000e+00
0.000000000000000000e+00
0.000000000000000000e+00
0.000000000000000000e+00
0.000000000000000000e+00
0.000000000000000000e+00
0.000000000000000000e+00
0.000000000000000000e+00
0.000000000000000000e+00
0.000000000000000000e+00
0.000000000000000000e+00
1.326841733100629472e+00
0.000000000000000000e+00
0.000000000000000000e+00
0.000000000000000000e+00
8.381567382944433986e-02
0.000000000000000000e+00
2.938096588609165893e-01
1.173400180233126644e+00
4.355669208952107074e-01
0.000000000000000000e+00
0.000000000000000000e+00
1.773597533066078480e+00
0.000000000000000000e+00
0.000000000000000000e+00
0.000000000000000000e+00
0.000000000000000000e+00
0.000000000000000000e+00
2.760396759018418893e-03
0.000000000000000000e+00
7.491487422567232324e-01
0.000000000000000000e+00
9.284532113131364894e-02
0.000000000000000000e+00
1.619421575961170312e+00
1.066103705808334624e-03
1.144251796152418454e-01
1.299125306865528406e+00
0.000000000000000000e+00
0.000000000000000000e+00
0.000000000000000000e+00
3.984412651601627192e-02
4.489143025064611381e-01
4.668745030395419215e-01
1.830152510162603718e+00
0.000000000000000000e+00
0.000000000000000000e+00
0.000000000000000000e+00
5.881055022267337451e-01
3.956421089504921600e-03
0.000000000000000000e+00
1.461710164860229866e-01
8.441647760261505873e-02
0.000000000000000000e+00
0.000000000000000000e+00
0.000000000000000000e+00
0.000000000000000000e+00
0.000000000000000000e+00
1.530876600816835520e+00
0.000000000000000000e+00
0.000000000000000000e+00
0.000000000000000000e+00
0.000000000000000000e+00
2.964645077591213651e-01
1.341301651229814151e+00
5.817430864450341410e-01
1.103227811799729063e-01
0.000000000000000000e+00
6.406847062646459090e-02
3.502181051853869298e-01
0.000000000000000000e+00
0.000000000000000000e+00
3.251947396850706634e-02
0.000000000000000000e+00
4.014336218152294578e-01
1.754447632990911998e-01
6.087578886868590944e-01
0.000000000000000000e+00
1.129593988080909717e-02
1.296569804508232560e+00
0.000000000000000000e+00
0.000000000000000000e+00
0.000000000000000000e+00
8.116712601691081774e-01
0.000000000000000000e+00
1.900690907997473644e+00
0.000000000000000000e+00
0.000000000000000000e+00
