# Ensemble C, m = 50.0, c_n/c_p = 0.81935483871, f = -0.961428571429
# lambda = [  4.89604064e-09  -3.85686165e-09   0.00000000e+00   1.10340805e-09]
#  
0.000000000000000000e+00
2.194986983161469674e+00
4.778643378329174018e-02
5.516559932621496465e-01
2.222347921605370702e-01
1.865082824432765074e+00
0.000000000000000000e+00
4.073566559393191899e-01
7.382563981873885295e-01
5.406177556943472240e-01
0.000000000000000000e+00
1.885002789409892854e+00
6.391050445447031825e-01
6.352129532603798534e-01
1.787138401188090309e-01
2.611087583083062102e-01
0.000000000000000000e+00
0.000000000000000000e+00
1.532326148797877430e+00
0.000000000000000000e+00
0.000000000000000000e+00
0.000000000000000000e+00
4.972066926091055217e-02
0.000000000000000000e+00
2.095191884153954354e-01
0.000000000000000000e+00
1.781621623901914919e+00
5.234306755607691652e-01
0.000000000000000000e+00
2.190407259436040199e+00
1.680921033655408570e+00
2.083587226072322718e+00
8.629704117778895789e-01
0.000000000000000000e+00
0.000000000000000000e+00
3.274229695328064182e-01
0.000000000000000000e+00
0.000000000000000000e+00
1.455377455822309596e+00
5.543362739349362300e-01
0.000000000000000000e+00
0.000000000000000000e+00
1.045855111923429837e+00
6.999301966144980680e-01
5.968487984246362288e-01
1.158280775019482345e+00
0.000000000000000000e+00
1.999052996429017126e+00
0.000000000000000000e+00
5.280557459492086353e-02
0.000000000000000000e+00
0.000000000000000000e+00
6.481428381059858301e-01
1.604692855206318436e+00
0.000000000000000000e+00
0.000000000000000000e+00
0.000000000000000000e+00
6.656564538169559286e-01
1.988153156799560950e+00
2.277429309379499056e+00
5.553040856603753683e-01
1.819400712247499774e+00
5.781919485699550387e-01
1.010293794135360912e+00
5.424005993224265687e-01
0.000000000000000000e+00
1.388419254273037140e+00
6.614586303891130115e-01
0.000000000000000000e+00
0.000000000000000000e+00
2.309486977355175441e-01
8.745021339165776064e-01
0.000000000000000000e+00
1.439340900559118452e+00
3.506025593097716886e-01
0.000000000000000000e+00
1.515539339153086917e+00
0.000000000000000000e+00
0.000000000000000000e+00
2.461947596638141000e+00
0.000000000000000000e+00
0.000000000000000000e+00
1.632357976879087458e+00
7.009143051236940147e-01
0.000000000000000000e+00
2.155735526278143688e+00
0.000000000000000000e+00
5.153556396049764343e-01
5.078985518150906930e-01
7.438935375141564332e-01
4.164133612369645965e-01
2.079330501001703524e-01
1.617038799096518487e-01
4.934842390347140006e-01
0.000000000000000000e+00
9.903517162974924126e-01
2.969020812331511251e-03
1.242259296940130042e+00
3.613444271117284834e-01
8.977456906048498775e-01
