# Ensemble C, m = 50.0, c_n/c_p = 0.651612903226, f = -0.97
# lambda = [  6.83603763e-09  -4.32081682e-09   0.00000000e+00   1.08289877e-09]
#  
2.275836911255656680e+00
5.131903997712538024e-01
2.275370453822636030e-01
2.093589534025721122e+00
2.096433609226848294e+00
3.874607719160200192e-01
3.667053056154911950e-01
1.633081211133936839e-02
1.632457150953314562e+00
6.012497212778586952e-01
0.000000000000000000e+00
2.030078647766902833e+00
9.571319210213958817e-01
1.116104427033557167e+00
1.111592544542547856e+00
1.130962162025844986e+00
2.713156954332737847e+00
1.981594148733976546e+00
2.307981506437698282e+00
0.000000000000000000e+00
0.000000000000000000e+00
0.000000000000000000e+00
2.566609287373937676e-01
8.944463368758788849e-03
1.592250182459031826e+00
1.904988403062738866e+00
1.725853499745722885e+00
1.065368137421643491e+00
1.369975067550310621e+00
8.452902132735385932e-01
3.299340823383886789e+00
5.696283958851283691e-01
1.379906615557757288e+00
0.000000000000000000e+00
8.272545460412421559e-01
0.000000000000000000e+00
1.336220975738184658e+00
1.060872550122905045e+00
0.000000000000000000e+00
0.000000000000000000e+00
0.000000000000000000e+00
3.291401036306514705e+00
0.000000000000000000e+00
0.000000000000000000e+00
2.863350677759485263e-01
5.150132027084943775e-01
1.731739442179559274e-01
0.000000000000000000e+00
1.943618137216032160e-01
0.000000000000000000e+00
9.897994447472076296e-02
6.812930436074344787e-01
2.514250011528714190e-01
1.525186733371125258e-01
0.000000000000000000e+00
1.091771597736372668e+00
9.056483435195719078e-01
1.517476704034605772e+00
8.394528713217340454e-02
0.000000000000000000e+00
9.593938253494304069e-01
3.760368781043426090e-01
3.255955555533341927e-01
0.000000000000000000e+00
6.134822240536044191e-01
3.780749056752374937e-01
2.145639385908878760e-01
8.687946681915454938e-01
0.000000000000000000e+00
1.197874474069562822e+00
1.407022095136326367e+00
8.634028284455281810e-01
2.384234161066343560e+00
0.000000000000000000e+00
1.144826336170637511e-02
2.679986343652093872e+00
0.000000000000000000e+00
0.000000000000000000e+00
0.000000000000000000e+00
3.130152620969009813e+00
0.000000000000000000e+00
5.299921353090588649e-01
8.820039081344068777e-01
1.606458499760657466e+00
7.450238044493482335e-03
9.052385923527167533e-03
1.340287111131419184e+00
0.000000000000000000e+00
3.609641521424463706e-01
1.041003847522455228e+00
2.231427799044351623e+00
1.315467156010870609e+00
1.372922513052077520e-01
1.818782431305842717e+00
9.412296694566558708e-01
9.990579863372940350e-01
0.000000000000000000e+00
1.029228957599751082e+00
1.595082760452949167e+00
1.017631540542773605e+00
