# Ensemble C, m = 50.0, c_n/c_p = 0.961290322581, f = -0.973913043478
# lambda = [  3.68651870e-09  -3.45136741e-09   0.00000000e+00   8.04167889e-10]
#  
0.000000000000000000e+00
1.072264191583337072e-02
6.992894933364943721e-01
0.000000000000000000e+00
4.387003769768828554e-01
0.000000000000000000e+00
0.000000000000000000e+00
1.754588991543079679e+00
1.329548754948465916e+00
0.000000000000000000e+00
5.300222842158585079e-01
3.879708963814235689e-01
5.880307862658074036e-01
8.606542580950563570e-01
1.003880199268636364e+00
6.608971498134391664e-01
0.000000000000000000e+00
0.000000000000000000e+00
1.315555198390301328e+00
0.000000000000000000e+00
0.000000000000000000e+00
0.000000000000000000e+00
0.000000000000000000e+00
1.290266188200145159e+00
0.000000000000000000e+00
5.535673112606259716e-01
2.508907469860366390e-01
0.000000000000000000e+00
1.842119304633587085e+00
3.076191737533300330e-01
6.086637484665222697e-01
7.402905183428107883e-01
1.208431924640442912e+00
0.000000000000000000e+00
0.000000000000000000e+00
7.767049051851350194e-01
1.692616931644239098e-01
1.383571199185582024e-01
0.000000000000000000e+00
3.901549754856904473e-01
0.000000000000000000e+00
1.157545131867161015e+00
1.717250854103759966e-02
3.310444469086938346e-01
5.462609374730098555e-01
0.000000000000000000e+00
0.000000000000000000e+00
0.000000000000000000e+00
0.000000000000000000e+00
2.496295640484135214e-01
0.000000000000000000e+00
2.587729242290088827e-01
0.000000000000000000e+00
4.648202356859614491e-03
0.000000000000000000e+00
0.000000000000000000e+00
6.218635959746469100e-01
0.000000000000000000e+00
1.932022773934212179e+00
0.000000000000000000e+00
7.983935167281248635e-01
2.109316928398438762e+00
0.000000000000000000e+00
0.000000000000000000e+00
1.453954814790676231e+00
1.940214459024316440e+00
0.000000000000000000e+00
4.291039748991435920e-01
8.859385206169324567e-01
3.276342674609508121e-01
0.000000000000000000e+00
7.246371729972039821e-01
1.393749375433016857e-01
4.582377439846173628e-01
2.158545067255748517e-01
0.000000000000000000e+00
1.855225070511857366e+00
2.927682103804741809e-01
0.000000000000000000e+00
4.967949627631513820e-01
0.000000000000000000e+00
0.000000000000000000e+00
0.000000000000000000e+00
3.261250532728126594e-01
2.962304162146924269e-01
0.000000000000000000e+00
0.000000000000000000e+00
1.418728657376258306e+00
1.415925481548580889e+00
2.047004134225586025e+00
0.000000000000000000e+00
0.000000000000000000e+00
0.000000000000000000e+00
0.000000000000000000e+00
0.000000000000000000e+00
3.990726298744483036e-01
1.548303706160904236e-01
0.000000000000000000e+00
0.000000000000000000e+00
0.000000000000000000e+00
