# Ensemble C, m = 50.0, lambda = [  5.44308748e-09  -4.58294797e-09   0.00000000e+00   9.00192795e-10]
1.419422537702977660e+00
0.000000000000000000e+00
1.179745058430896332e-02
0.000000000000000000e+00
1.149940790205063124e+00
0.000000000000000000e+00
0.000000000000000000e+00
2.571654981220296635e-02
4.148561335841856046e-01
1.072744458408392720e+00
1.584271826550688600e-01
5.704895608986421118e-01
0.000000000000000000e+00
7.787353232878557741e-01
6.287904768256583760e-03
1.184838999633222478e+00
0.000000000000000000e+00
1.082213273103348472e+00
1.386719097147170142e-02
0.000000000000000000e+00
0.000000000000000000e+00
9.633394949719873424e-01
1.701868865675231657e+00
0.000000000000000000e+00
6.542340001101639713e-01
0.000000000000000000e+00
0.000000000000000000e+00
0.000000000000000000e+00
0.000000000000000000e+00
0.000000000000000000e+00
0.000000000000000000e+00
0.000000000000000000e+00
1.915779255758388366e+00
0.000000000000000000e+00
1.484091969597312488e+00
0.000000000000000000e+00
0.000000000000000000e+00
7.124561359138545380e-02
0.000000000000000000e+00
1.296324886196905446e+00
8.314868382249694934e-01
0.000000000000000000e+00
0.000000000000000000e+00
0.000000000000000000e+00
1.888828835651936433e-01
0.000000000000000000e+00
8.475922056836645568e-01
1.859441531168105843e+00
0.000000000000000000e+00
0.000000000000000000e+00
2.511546056261225512e+00
0.000000000000000000e+00
0.000000000000000000e+00
0.000000000000000000e+00
1.482225305691994510e+00
2.053927150914858224e+00
2.248478174354416215e+00
1.864973678682130709e+00
0.000000000000000000e+00
1.109877418670598637e+00
0.000000000000000000e+00
2.327968018798515892e+00
3.396568372346092657e-01
0.000000000000000000e+00
0.000000000000000000e+00
8.094913162060842771e-01
1.147878773492931437e+00
0.000000000000000000e+00
0.000000000000000000e+00
4.406899235280023475e-01
0.000000000000000000e+00
0.000000000000000000e+00
0.000000000000000000e+00
2.747231743800080395e-01
6.270525971269313992e-01
4.906687278114639228e-01
2.089489609599077813e+00
2.027329625708396588e+00
2.015509507612369688e+00
0.000000000000000000e+00
3.552288267440706915e-01
4.274957747228428362e-01
0.000000000000000000e+00
0.000000000000000000e+00
0.000000000000000000e+00
0.000000000000000000e+00
1.912519005420024287e+00
1.552643835212487833e+00
7.298396798572683863e-01
1.802197196380226907e-01
8.805164228665495196e-01
1.417268551371354546e-01
6.359857932175092543e-01
0.000000000000000000e+00
0.000000000000000000e+00
0.000000000000000000e+00
1.665927252424427296e+00
0.000000000000000000e+00
1.444343355917374838e+00
0.000000000000000000e+00
