# Ensemble C, m = 50.0, c_n/c_p = 0.703225806452, f = -0.992173913043
# lambda = [  1.34479576e-08  -9.38293994e-09   0.00000000e+00   1.18082922e-09]
#  
2.594273906204029423e+00
2.166265339763866482e+00
2.955638052226386758e+00
0.000000000000000000e+00
1.151497279806440233e+00
3.102065721062391646e+00
4.242521422389306629e+00
1.580578417838437444e+00
1.813360447255511154e+00
0.000000000000000000e+00
2.008848134597422952e+00
0.000000000000000000e+00
1.420449678218015821e+00
1.204588066699144866e+00
2.827197010392734633e+00
6.245664224839132528e-01
2.580363766312423479e+00
2.082278670785731478e+00
3.921342475605664291e+00
3.324400771491784035e+00
1.154558921145572015e+00
1.240696217930526757e+00
1.833926810843466537e+00
1.370778710600487393e+00
2.550337629243131676e+00
9.528908289976200097e-01
2.117468706244076682e+00
2.420412284125561531e+00
1.883564899214097643e+00
1.815538407723635173e+00
1.977606606051115268e+00
1.025268208588058005e+00
2.443737125473986804e+00
3.690103143625857562e+00
2.269103192140129899e+00
1.957813009678141647e+00
3.538753588497452807e+00
1.463351480425717721e+00
8.793146363191134407e-01
3.333988465967456349e+00
3.599742528702349453e+00
2.774653417430374525e+00
4.394064993664844820e+00
2.126440181875557389e+00
2.542297006725164454e+00
5.908349900476668193e-01
1.977925434669297156e+00
2.618774770447024558e+00
2.170982918473896017e+00
3.091976094269132780e+00
2.313626338928402415e+00
2.428336791751986912e+00
2.949642938133491210e+00
1.334135364849288852e+00
1.570933980535619945e+00
5.243357507870962664e-01
4.235993875348159854e+00
2.355760392519902879e+00
2.664117968413351800e+00
1.571317922582154303e+00
4.052993780643108224e+00
2.649678434415962069e+00
2.111180894638143624e+00
3.150960013869447796e+00
1.043344511434516786e+00
3.230776245116435241e+00
4.020100906256618423e+00
2.864481399619133395e+00
3.790651706273431731e+00
2.168649405552519061e-01
1.394043525333050981e+00
4.253774834389953519e+00
4.008536288057532815e+00
2.502930997508233890e+00
2.330105324881294848e+00
2.052020333262460028e+00
1.677015660898583116e+00
3.855382541696752430e+00
4.143332076655261709e-01
2.379424045366985485e+00
3.200894506744075496e+00
2.996277084702158700e+00
8.519798737626645968e-01
2.504266398131055560e+00
3.717404884244878360e+00
1.816489196259106542e+00
3.085834186627919529e+00
2.766453311186943154e+00
1.518361813628274160e+00
3.552500351739976026e+00
3.507549996380284973e+00
4.288086286374866773e+00
2.706709435219266879e+00
3.475355230184638877e+00
2.562113128753845004e+00
2.730617101856106510e-01
2.489714727388379956e+00
4.056342106546281912e+00
3.285701376822505626e+00
1.799956085001162887e+00
