# Ensemble C, m = 50.0, lambda = [  5.94807486e-09  -5.13525124e-09   0.00000000e+00   6.83825697e-10]
0.000000000000000000e+00
1.524782948378754499e+00
1.856461101805658931e+00
0.000000000000000000e+00
1.782632346727808015e+00
4.667219410648854594e-01
0.000000000000000000e+00
1.519438299671997394e-01
0.000000000000000000e+00
0.000000000000000000e+00
0.000000000000000000e+00
0.000000000000000000e+00
1.179441123911990408e+00
0.000000000000000000e+00
9.676365272122650074e-02
5.708659676074412381e-01
0.000000000000000000e+00
1.465944702405096223e+00
1.627529004009449443e+00
6.748784732478145809e-01
0.000000000000000000e+00
1.384819904628828091e+00
0.000000000000000000e+00
7.281127532853529614e-03
0.000000000000000000e+00
0.000000000000000000e+00
0.000000000000000000e+00
0.000000000000000000e+00
0.000000000000000000e+00
1.493258424645923066e+00
0.000000000000000000e+00
0.000000000000000000e+00
0.000000000000000000e+00
3.351364827172016031e-02
0.000000000000000000e+00
2.438572279169795909e+00
1.018922404855168828e+00
0.000000000000000000e+00
9.454118912690738785e-01
5.474695034622869411e-02
0.000000000000000000e+00
7.962587699979400968e-03
1.418299072530851301e+00
1.283461903571627705e+00
2.095933587518112873e+00
0.000000000000000000e+00
2.060081375292055136e-02
0.000000000000000000e+00
0.000000000000000000e+00
0.000000000000000000e+00
0.000000000000000000e+00
0.000000000000000000e+00
8.681937683406695250e-01
1.039621612630322156e+00
0.000000000000000000e+00
0.000000000000000000e+00
1.567657582827733709e+00
5.994422835041243180e-01
9.857717671963588391e-01
0.000000000000000000e+00
0.000000000000000000e+00
6.332749921868658927e-01
1.401599180469369710e+00
0.000000000000000000e+00
6.563883655904365622e-01
0.000000000000000000e+00
0.000000000000000000e+00
2.065385797897073328e+00
1.484538019350220006e+00
0.000000000000000000e+00
2.162476224541328429e-01
7.748297182675364381e-01
3.114758643978277411e-03
0.000000000000000000e+00
7.498198881797781823e-01
2.079783386404124190e+00
0.000000000000000000e+00
0.000000000000000000e+00
6.239166014952756550e-02
1.052661479324331406e+00
1.657473863040908046e+00
0.000000000000000000e+00
1.304610167893307526e+00
5.239810029743080522e-01
0.000000000000000000e+00
1.577881445871788024e+00
0.000000000000000000e+00
1.226059672178597459e+00
4.486952683616338700e-01
1.357162035614770446e+00
0.000000000000000000e+00
2.251033284230286480e+00
0.000000000000000000e+00
1.408733936737275802e-02
1.171012976937108707e+00
0.000000000000000000e+00
1.275047012057130669e+00
7.459684760329970965e-01
0.000000000000000000e+00
0.000000000000000000e+00
