# Ensemble C, m = 50.0, c_n/c_p = 0.754838709677, f = -0.94
# lambda = [  4.58662951e-09  -3.25443557e-09   0.00000000e+00   1.18120238e-09]
#  
0.000000000000000000e+00
0.000000000000000000e+00
1.799591051464609848e+00
6.085661260868021616e-01
4.779459398840957274e-01
0.000000000000000000e+00
1.586435711501341383e-01
0.000000000000000000e+00
0.000000000000000000e+00
1.571666923266814120e+00
0.000000000000000000e+00
1.261011324857878924e+00
0.000000000000000000e+00
1.677737927611308244e+00
0.000000000000000000e+00
4.166507910857000785e-01
0.000000000000000000e+00
8.797274795307212791e-01
0.000000000000000000e+00
1.974661702525390750e+00
0.000000000000000000e+00
7.978191180363337909e-02
0.000000000000000000e+00
1.222970927242936906e-02
1.211431113919995105e-02
1.106391959818830761e+00
1.333494080919978897e+00
4.095692226431224200e-03
3.821326465671013445e-02
1.922347388880154551e+00
1.471939295977962248e+00
4.166936230236276129e-02
1.357569091091277436e+00
0.000000000000000000e+00
0.000000000000000000e+00
0.000000000000000000e+00
7.216342332042640084e-01
3.214151557952375782e-02
2.572260521734744732e+00
1.265083964374927206e+00
8.580633162682846926e-01
0.000000000000000000e+00
0.000000000000000000e+00
1.056824304525178837e+00
0.000000000000000000e+00
1.021256470687249340e+00
0.000000000000000000e+00
2.017806344197903723e+00
2.462558655100297145e+00
0.000000000000000000e+00
4.137983748001086703e-01
1.601464637060502350e+00
0.000000000000000000e+00
8.662285775653169595e-02
1.002058964594347004e-03
0.000000000000000000e+00
2.470130409647274330e-02
0.000000000000000000e+00
3.658683268639860708e-01
5.150691704684922101e-01
6.853316461426068873e-01
0.000000000000000000e+00
4.361767689412982540e-01
0.000000000000000000e+00
2.060893375183331599e+00
0.000000000000000000e+00
1.303358030712427507e+00
1.902074675097207068e+00
0.000000000000000000e+00
8.506398191835177203e-01
0.000000000000000000e+00
4.683911469161597951e-01
1.143171913161260917e-03
0.000000000000000000e+00
0.000000000000000000e+00
0.000000000000000000e+00
6.184155595250947490e-01
0.000000000000000000e+00
0.000000000000000000e+00
7.270484846361788267e-02
9.133299085022903441e-01
0.000000000000000000e+00
8.245517959991314205e-01
7.808561011542584085e-01
4.801750088401100271e-03
1.679135676845107561e+00
1.255617841335225027e+00
0.000000000000000000e+00
0.000000000000000000e+00
1.679458615564669022e-01
0.000000000000000000e+00
4.150678529027509445e-01
0.000000000000000000e+00
3.338672626238801955e-02
0.000000000000000000e+00
8.295135254773345901e-01
6.422055002404389867e-01
1.991475415851003294e+00
2.326943951173958247e+00
5.578261763977432341e-01
