# Ensemble C, m = 50.0, c_n/c_p = 0.81935483871, f = -0.94
# lambda = [  4.10481882e-09  -3.16150498e-09   0.00000000e+00   1.14747308e-09]
#  
0.000000000000000000e+00
7.048350504756294432e-01
2.979463160775728814e-01
0.000000000000000000e+00
1.606089693972189592e+00
0.000000000000000000e+00
3.412000872444213573e-01
0.000000000000000000e+00
0.000000000000000000e+00
1.190307671495515418e+00
4.755733347524322419e-01
0.000000000000000000e+00
1.583089741236379577e+00
6.198518666341233940e-01
4.248322028062641587e-01
0.000000000000000000e+00
1.546270760943619649e-01
1.335923783949896082e-01
2.006045133988088480e+00
1.991662557157661273e-02
8.002524745268406736e-01
0.000000000000000000e+00
1.247139253255461711e+00
1.263284824705241061e+00
0.000000000000000000e+00
0.000000000000000000e+00
1.721952276109246949e+00
0.000000000000000000e+00
0.000000000000000000e+00
1.551658700290984017e-01
5.623427349286194143e-01
0.000000000000000000e+00
9.970389805047377152e-01
2.382202769910905515e-01
4.396939761875675035e-01
0.000000000000000000e+00
0.000000000000000000e+00
0.000000000000000000e+00
0.000000000000000000e+00
0.000000000000000000e+00
0.000000000000000000e+00
1.747160533282288986e-01
9.262090671708802514e-01
0.000000000000000000e+00
1.662303366016144590e+00
1.145860344235917871e+00
1.513578811059929752e+00
0.000000000000000000e+00
0.000000000000000000e+00
2.054973135320211863e+00
0.000000000000000000e+00
0.000000000000000000e+00
1.199144932001785957e+00
0.000000000000000000e+00
2.032041022428993760e+00
0.000000000000000000e+00
3.869732453268769357e-01
0.000000000000000000e+00
1.231622300686832538e+00
0.000000000000000000e+00
2.746582398547043335e-01
0.000000000000000000e+00
1.848011916486885564e+00
7.771262281605791911e-01
1.455377455822309596e+00
6.578106599489063067e-01
5.479832140326475892e-02
1.693878159261200000e+00
0.000000000000000000e+00
2.732987749879023376e+00
0.000000000000000000e+00
0.000000000000000000e+00
0.000000000000000000e+00
1.013542299203429309e+00
0.000000000000000000e+00
0.000000000000000000e+00
9.841583735889842810e-01
0.000000000000000000e+00
1.728704766126653691e+00
1.724098691014717688e-01
5.552119871913387822e-02
0.000000000000000000e+00
1.296896977335014300e+00
1.698223332547552644e+00
0.000000000000000000e+00
5.297731857853694715e-01
0.000000000000000000e+00
0.000000000000000000e+00
1.428904324172863172e+00
1.980726497727980373e+00
7.688624856776873351e-01
0.000000000000000000e+00
2.456561817568477246e-01
0.000000000000000000e+00
0.000000000000000000e+00
5.210952160168187408e-01
0.000000000000000000e+00
1.385531483755604532e+00
0.000000000000000000e+00
1.843725402328110982e-02
