# Ensemble C, m = 50.0, lambda = [  6.90358840e-09  -4.12545081e-09   0.00000000e+00   9.40200227e-10]
0.000000000000000000e+00
0.000000000000000000e+00
1.780033861431430942e-01
2.825287551962399335e-01
0.000000000000000000e+00
5.551868402531432434e-01
0.000000000000000000e+00
5.780219944747559957e-01
1.215437352521338887e+00
7.242074840162595617e-01
0.000000000000000000e+00
2.201078865819447561e+00
0.000000000000000000e+00
2.754267149781596761e-03
2.680516623533703569e-01
0.000000000000000000e+00
0.000000000000000000e+00
2.891780949955233826e-01
4.700262039136705594e-01
0.000000000000000000e+00
0.000000000000000000e+00
6.034950714112566894e-01
0.000000000000000000e+00
2.017881259569000552e+00
0.000000000000000000e+00
0.000000000000000000e+00
1.055274652435666427e+00
0.000000000000000000e+00
3.944364843431361067e-01
1.020636469098760157e+00
5.797002832791711135e-01
2.393898985085124165e-01
4.696095345981894931e-01
0.000000000000000000e+00
8.040860880340801042e-01
0.000000000000000000e+00
0.000000000000000000e+00
3.050858331240259291e-01
0.000000000000000000e+00
7.109962669434843896e-01
0.000000000000000000e+00
0.000000000000000000e+00
1.198495259710601557e+00
0.000000000000000000e+00
1.116921264927907970e-02
1.556241775971274784e-02
0.000000000000000000e+00
1.815531434738337224e-01
6.689187084028367369e-01
2.273244775815349838e-01
1.591577202172897776e+00
0.000000000000000000e+00
1.189230728318452890e+00
9.134721490553481260e-01
6.145189190873678875e-01
1.290025774305205042e+00
0.000000000000000000e+00
0.000000000000000000e+00
0.000000000000000000e+00
0.000000000000000000e+00
6.462439629404713726e-01
2.148805555957253588e-01
1.231940056174489539e+00
0.000000000000000000e+00
5.902629646165735711e-01
1.474441363440173215e-02
0.000000000000000000e+00
2.506957903001933552e+00
0.000000000000000000e+00
0.000000000000000000e+00
6.870280290149932689e-01
0.000000000000000000e+00
2.498356603200728276e+00
3.820447899318776819e-01
7.874336596868636295e-02
0.000000000000000000e+00
0.000000000000000000e+00
0.000000000000000000e+00
2.923585597094724986e-01
8.764214217900356818e-01
1.566110312336185029e+00
1.236734796659251512e-01
0.000000000000000000e+00
1.245880895888484385e+00
0.000000000000000000e+00
1.309839019291990717e-02
2.049740927927313772e-01
6.019541381667853353e-01
1.671742774763858908e+00
6.901670378517374971e-01
0.000000000000000000e+00
2.809224873682707180e-02
3.267712161877766031e-01
8.549808834656215106e-01
1.086483362467232316e+00
3.444089071575113237e-01
4.334038504853257034e-01
0.000000000000000000e+00
0.000000000000000000e+00
1.985159387025853039e+00
