# Ensemble C, m = 50.0, c_n/c_p = 1.0, f = -0.977826086957
# lambda = [  3.40699683e-09  -3.33145038e-09   0.00000000e+00   7.13488454e-10]
#  
1.283702034591004182e+00
0.000000000000000000e+00
3.546336446370985662e-01
1.460408416952372612e-01
0.000000000000000000e+00
4.533182547212077917e-01
1.049655167090915303e-01
7.890935310902872368e-01
0.000000000000000000e+00
3.802938777790495495e-01
0.000000000000000000e+00
0.000000000000000000e+00
4.666638861987171261e-02
0.000000000000000000e+00
0.000000000000000000e+00
1.213292012832209554e+00
1.927259844218410234e-01
0.000000000000000000e+00
0.000000000000000000e+00
5.973033219280537987e-01
1.355058385648175046e+00
8.418579847365965652e-01
7.132115554130463719e-02
6.766926993485403719e-01
0.000000000000000000e+00
0.000000000000000000e+00
0.000000000000000000e+00
7.809162661469785105e-01
6.469974004764001974e-01
5.990412775286069191e-01
0.000000000000000000e+00
0.000000000000000000e+00
2.749352599530636709e-01
1.050859661814284696e+00
2.306605995788352903e+00
3.639016696744565293e-01
3.385650792272189014e-01
8.751073784340874795e-01
0.000000000000000000e+00
6.216630299314001018e-01
5.750169475644159034e-01
1.145581281803937257e+00
0.000000000000000000e+00
0.000000000000000000e+00
5.958655130103061026e-01
0.000000000000000000e+00
0.000000000000000000e+00
9.842224264214577412e-03
0.000000000000000000e+00
0.000000000000000000e+00
1.485799539692841620e+00
0.000000000000000000e+00
0.000000000000000000e+00
5.437549904324513461e-01
0.000000000000000000e+00
1.726120810824337548e+00
0.000000000000000000e+00
0.000000000000000000e+00
2.685851072834166686e-01
0.000000000000000000e+00
0.000000000000000000e+00
1.805047554525401887e+00
2.007544634074570844e+00
1.152727129724642752e-02
0.000000000000000000e+00
3.009320785239213425e-01
0.000000000000000000e+00
1.066419961484144974e+00
0.000000000000000000e+00
0.000000000000000000e+00
0.000000000000000000e+00
3.647167966960043750e-01
2.034831923114603480e+00
1.310154200078494480e+00
7.471468602796194070e-01
0.000000000000000000e+00
2.189610087673952155e-01
1.909695040536085520e+00
4.462187809500443580e-01
8.576341515064133114e-01
8.012814408101506247e-01
0.000000000000000000e+00
4.741355958378025703e-01
0.000000000000000000e+00
1.534144267635649594e+00
1.622144925002397264e-01
2.173004306235775118e+00
0.000000000000000000e+00
1.202367357442456486e+00
0.000000000000000000e+00
0.000000000000000000e+00
1.638383193859055953e-01
0.000000000000000000e+00
0.000000000000000000e+00
1.049796959486781756e-01
2.478586749065449180e+00
0.000000000000000000e+00
0.000000000000000000e+00
0.000000000000000000e+00
3.724880105651640072e-01
