# Ensemble C, m = 50.0, c_n/c_p = 0.677419354839, f = -0.971304347826
# lambda = [  7.08351913e-09  -4.66081650e-09   0.00000000e+00   1.14127831e-09]
#  
1.430693945571596348e+00
9.622616142391741123e-01
9.679586573697103180e-01
0.000000000000000000e+00
1.078627798458508258e-01
3.394082076014499072e-01
1.017726177390462006e+00
1.599239845769166335e+00
0.000000000000000000e+00
1.444733823700768305e+00
2.283093300344953391e+00
0.000000000000000000e+00
1.546115442639406368e+00
8.599832633584029162e-01
1.103246343897321680e+00
0.000000000000000000e+00
2.884764974993511366e+00
2.050027603594009484e+00
1.067102597947207743e+00
2.676146801270630871e+00
1.227701992541902598e+00
7.270874799323561177e-01
0.000000000000000000e+00
2.872336368241856785e+00
7.560724881821964116e-01
2.161263456682093409e+00
1.334943079750499528e+00
2.245605755873552323e-01
5.477304079688625205e-01
5.077485434411094234e-01
1.020913840067572131e+00
0.000000000000000000e+00
4.046602502747975727e-01
1.340121599478131253e-01
3.297738254599199559e-01
0.000000000000000000e+00
0.000000000000000000e+00
1.186687607670047440e+00
1.358249302672794867e+00
1.037258801105709304e-02
1.697414578091097859e+00
5.427823928947730359e-01
4.325256858204717392e-01
3.022391905096408204e-01
0.000000000000000000e+00
1.798758900556265861e+00
2.339203502118994749e+00
8.074869631588414975e-01
9.995305801918049626e-01
9.225372973225243189e-01
0.000000000000000000e+00
1.773244906785283348e+00
1.767990818841843614e+00
0.000000000000000000e+00
0.000000000000000000e+00
3.522911023655262430e-01
0.000000000000000000e+00
1.780327120091708348e+00
1.771233213786307159e+00
4.493869244555298015e-01
3.697879371906608037e-02
1.443449567088448404e+00
0.000000000000000000e+00
1.830653154311316477e+00
3.803170369317217525e-01
6.837326596676890356e-01
4.525153543427807290e-01
0.000000000000000000e+00
1.236053430627629846e+00
1.436521940993637392e+00
0.000000000000000000e+00
2.404033310839477910e-01
1.625670018982352305e+00
8.391546147820521107e-01
0.000000000000000000e+00
0.000000000000000000e+00
6.481955025064114473e-01
7.439695802272436875e-01
8.323923690690577804e-01
1.411259918063263452e-01
1.343003638377985531e+00
1.510332400005616194e+00
1.321794645285851333e+00
0.000000000000000000e+00
2.744000894420610126e-01
0.000000000000000000e+00
1.830516045777324408e+00
7.341906154508296423e-01
1.273384136520958609e-01
9.645678343373805808e-01
6.716745792210455646e-01
2.798617511659463042e-01
1.368979455047364624e+00
5.611365818799924909e-01
1.328043751510961323e+00
1.927035896774494494e+00
5.604386091726244468e-01
2.781351209524256067e-03
2.981566744792603085e-01
1.474557484525839346e+00
