# Ensemble C, m = 50.0, c_n/c_p = 0.729032258065, f = -0.985652173913
# lambda = [  9.51082826e-09  -6.83421707e-09   0.00000000e+00   1.17033374e-09]
#  
2.434108836868528414e+00
2.201773782583603456e+00
3.016688719701698052e+00
1.401111685837275633e+00
2.736478791507781505e+00
1.614809460028097554e+00
6.704000232915604540e-01
2.087546650986732200e+00
1.452123553394785382e+00
2.722033195988205811e+00
2.229340252632254327e+00
1.957091088367484133e+00
1.620331759025506413e+00
2.209673925587876120e+00
1.444747871751435486e+00
2.270079848680826906e+00
6.496436201563587920e-01
0.000000000000000000e+00
0.000000000000000000e+00
3.712943549274150712e+00
2.263737827131531155e+00
1.548194861417333978e+00
1.502920446265699317e+00
2.467290887692044077e+00
1.889571484121724598e+00
1.645594534488749039e+00
1.357936431854693593e+00
2.464607559303641615e+00
2.406307723751223426e-01
2.484833713690215884e+00
1.513562868967907704e+00
3.276868687089183663e+00
2.614022596447306057e+00
2.269381312168023523e+00
1.842598475562754023e+00
2.909984067989220824e-01
2.970729138595605279e-01
1.266322383551935715e+00
2.737779590185313028e-01
2.114780858613037662e+00
1.997922826330900348e+00
3.220882006930612995e+00
2.302057445197480234e+00
2.507991109408953534e+00
8.192050096860125086e-01
2.248362828594562046e+00
1.005924656272094042e+00
3.481030498626571656e+00
6.787501019120917300e-01
1.342895518383235010e-01
7.411684923737397179e-01
3.526335291255220383e+00
2.925888574204590586e+00
6.106483169656049537e-01
2.299617464975586500e+00
2.629881805108271298e+00
2.152783010375028727e+00
2.407764763636485394e+00
1.528645123476828349e+00
2.695723019279742783e+00
2.164537698421193923e+00
3.054717407233239257e+00
3.706064129209239999e-01
2.119994947736228319e+00
1.103715265318744976e+00
1.541439778871063759e-01
0.000000000000000000e+00
2.278400592777730438e+00
1.538680506612626342e+00
1.286232001835670546e+00
2.403549986773842573e+00
1.650181139563862587e+00
1.155753420787947849e+00
0.000000000000000000e+00
1.955427464085185418e+00
0.000000000000000000e+00
1.660809489065397049e+00
2.300893461996511125e+00
1.386795424357797124e+00
1.253841902570125288e-01
6.434994876363259175e-01
1.766240127749472588e+00
1.392841605685639861e+00
2.131953288382149037e+00
1.844837225470488784e+00
1.843064295205792291e+00
2.969817105636942234e+00
4.531408028875991700e-01
2.852062887452170070e+00
3.856868427390032217e-01
2.237725927545109794e+00
3.134900404948472996e+00
3.624312308042241693e+00
7.286655066944339731e-01
2.067538635529626134e+00
2.200184925187195439e+00
1.844158478855932870e+00
2.090310368352765735e+00
2.313053874328696580e+00
1.924317304936135953e+00
