# Ensemble C, m = 50.0, lambda = [  5.36471635e-09  -4.02640504e-09   0.00000000e+00   1.15191265e-09]
0.000000000000000000e+00
1.699814819051025827e+00
0.000000000000000000e+00
0.000000000000000000e+00
2.566839750499088635e-01
0.000000000000000000e+00
9.310884218602355489e-01
1.973316817856757277e+00
0.000000000000000000e+00
3.043602552419471530e-01
6.710849060300912161e-02
0.000000000000000000e+00
0.000000000000000000e+00
0.000000000000000000e+00
9.465039225128715544e-04
1.865300409828642092e+00
0.000000000000000000e+00
0.000000000000000000e+00
0.000000000000000000e+00
0.000000000000000000e+00
1.473620335607562115e+00
1.754114527144165159e+00
2.122120548400139306e+00
0.000000000000000000e+00
1.378314267008162064e+00
0.000000000000000000e+00
0.000000000000000000e+00
1.903058207369697330e+00
0.000000000000000000e+00
0.000000000000000000e+00
1.137843219133446659e+00
5.665043461059797725e-01
0.000000000000000000e+00
0.000000000000000000e+00
1.323797122837502060e+00
0.000000000000000000e+00
0.000000000000000000e+00
2.076213739814930292e+00
2.202850719133556401e-01
5.249711002194920040e-01
1.908899615939147809e+00
0.000000000000000000e+00
1.965110559705233850e+00
1.516845300553419040e+00
1.367999392003921066e+00
1.148957408955885606e+00
1.050927313508669192e+00
4.222607620754179752e-02
0.000000000000000000e+00
1.524161036015603932e+00
0.000000000000000000e+00
6.594180621077765370e-01
1.271938090104820507e+00
4.809909445441069853e-02
0.000000000000000000e+00
0.000000000000000000e+00
0.000000000000000000e+00
0.000000000000000000e+00
9.507726024777161111e-01
2.420310404571484053e-01
0.000000000000000000e+00
7.776645796470247340e-01
0.000000000000000000e+00
1.207411433599496764e+00
3.603458348782240250e-01
0.000000000000000000e+00
0.000000000000000000e+00
0.000000000000000000e+00
1.358303986092423976e+00
0.000000000000000000e+00
7.934232787101024309e-01
1.516564010613505653e+00
1.365026489426652834e+00
8.118986250215169953e-01
0.000000000000000000e+00
0.000000000000000000e+00
2.452846588230896130e-02
0.000000000000000000e+00
2.342093993855411505e+00
1.457960163924665320e-01
0.000000000000000000e+00
1.617208992273899026e+00
0.000000000000000000e+00
0.000000000000000000e+00
0.000000000000000000e+00
1.110485647371534990e+00
0.000000000000000000e+00
0.000000000000000000e+00
5.705761646027636066e-03
0.000000000000000000e+00
0.000000000000000000e+00
1.298039845626373978e+00
2.291925826747631678e+00
9.864349778506076305e-01
2.372966312919530529e-01
3.686183290005443786e-02
0.000000000000000000e+00
7.819028974640671592e-01
1.266364625535873145e+00
1.047035255585130817e-02
