# Ensemble C, m = 50.0, c_n/c_p = 0.974193548387, f = -0.99347826087
# lambda = [  4.09268671e-09  -3.96106637e-09   0.00000000e+00   4.54612334e-10]
#  
0.000000000000000000e+00
0.000000000000000000e+00
4.503999300265540406e-01
8.616824632146202756e-01
0.000000000000000000e+00
1.911971500977487637e-01
2.364429231185974922e-01
4.920357659970077922e-03
0.000000000000000000e+00
0.000000000000000000e+00
8.589695475240975986e-01
6.276895002924668399e-01
0.000000000000000000e+00
0.000000000000000000e+00
4.671022434429243364e-01
0.000000000000000000e+00
7.716686192970807490e-01
2.844966302620594023e-01
0.000000000000000000e+00
6.206794772206977034e-02
4.622726353429393309e-01
5.101590144822339967e-01
8.590535201292354150e-03
2.581724591377526634e-01
3.606797785282068736e-01
1.299457255074524920e+00
3.629156320861288143e-01
0.000000000000000000e+00
0.000000000000000000e+00
0.000000000000000000e+00
0.000000000000000000e+00
0.000000000000000000e+00
1.427876309995494419e-01
0.000000000000000000e+00
0.000000000000000000e+00
1.041217838837078968e+00
8.529616348240065538e-01
0.000000000000000000e+00
1.111868227087767558e+00
1.518289597364296917e+00
0.000000000000000000e+00
0.000000000000000000e+00
0.000000000000000000e+00
0.000000000000000000e+00
0.000000000000000000e+00
0.000000000000000000e+00
1.780101378758873532e+00
0.000000000000000000e+00
1.560916244648354656e+00
8.036279914170213479e-01
4.484320112307695894e-01
3.045861546341875892e-01
0.000000000000000000e+00
4.826668054838815225e-01
2.645650646461294442e-01
0.000000000000000000e+00
1.757544881885037547e-01
0.000000000000000000e+00
0.000000000000000000e+00
0.000000000000000000e+00
8.929483864998586373e-01
1.618757286540581486e+00
0.000000000000000000e+00
4.012058995354995106e-01
0.000000000000000000e+00
1.052803173697398176e+00
0.000000000000000000e+00
0.000000000000000000e+00
0.000000000000000000e+00
1.735648900016961982e-01
0.000000000000000000e+00
0.000000000000000000e+00
2.346452511079475944e-01
0.000000000000000000e+00
0.000000000000000000e+00
0.000000000000000000e+00
0.000000000000000000e+00
0.000000000000000000e+00
1.459146941997695679e+00
0.000000000000000000e+00
0.000000000000000000e+00
0.000000000000000000e+00
1.513134490121839926e-01
0.000000000000000000e+00
1.848504564987057286e+00
5.527143904077679304e-01
1.168756759632129327e+00
1.629092320687146045e-01
1.327246365413512486e+00
0.000000000000000000e+00
1.048339082239310160e+00
0.000000000000000000e+00
0.000000000000000000e+00
0.000000000000000000e+00
0.000000000000000000e+00
0.000000000000000000e+00
1.139187541304259366e+00
3.136119725946737158e-01
1.971361754797944732e+00
0.000000000000000000e+00
