# Ensemble C, m = 50.0, c_n/c_p = 0.806451612903, f = -0.957142857143
# lambda = [  4.84355775e-09  -3.73869089e-09   0.00000000e+00   1.13126843e-09]
#  
1.010775835584948323e+00
0.000000000000000000e+00
0.000000000000000000e+00
2.335146296549495473e-02
0.000000000000000000e+00
0.000000000000000000e+00
3.003813418688831560e-01
0.000000000000000000e+00
0.000000000000000000e+00
2.310610032881719178e+00
0.000000000000000000e+00
2.535711840632033295e-02
2.801955904549110254e+00
0.000000000000000000e+00
1.508701108002484803e-01
0.000000000000000000e+00
9.877429277148155329e-01
0.000000000000000000e+00
0.000000000000000000e+00
1.315918259364080578e+00
0.000000000000000000e+00
0.000000000000000000e+00
2.526291959964332534e+00
6.889126923164810845e-02
1.798074673856146166e+00
0.000000000000000000e+00
0.000000000000000000e+00
5.520408833787584374e-02
2.295293233199982907e+00
5.903737181522396016e-01
6.269023682238739070e-01
0.000000000000000000e+00
0.000000000000000000e+00
9.367432680699508962e-01
2.279999150970031252e+00
3.275019335569094303e-01
0.000000000000000000e+00
3.566196525609011125e-01
2.087192219307125174e-01
0.000000000000000000e+00
0.000000000000000000e+00
1.657286075610019394e+00
0.000000000000000000e+00
8.010284096327188186e-01
9.141135014410561865e-01
0.000000000000000000e+00
9.520039241157614018e-01
1.442542658050241622e+00
7.016284113222166496e-01
0.000000000000000000e+00
3.020232416648721205e-02
9.452543772479817807e-01
3.178977503404303295e-01
2.791055669291956365e-01
0.000000000000000000e+00
2.113025037383860827e+00
0.000000000000000000e+00
7.588683466886509202e-03
0.000000000000000000e+00
7.624941734095838086e-01
0.000000000000000000e+00
0.000000000000000000e+00
1.485683571698114047e+00
4.922214135455734718e-01
0.000000000000000000e+00
1.005488423991408808e+00
0.000000000000000000e+00
2.007163423075216963e-03
0.000000000000000000e+00
0.000000000000000000e+00
0.000000000000000000e+00
0.000000000000000000e+00
1.011655629128550143e-02
0.000000000000000000e+00
2.746008947347398088e+00
2.431890933666453147e+00
0.000000000000000000e+00
1.566918620109509996e+00
0.000000000000000000e+00
1.114313097629621024e-01
5.413965840928715023e-01
1.002143853519513295e+00
2.005057818658938576e-02
0.000000000000000000e+00
1.069900694408834063e+00
9.229164376462626329e-01
6.610492621243609923e-01
1.262993855677992272e+00
1.601826274034830744e-01
0.000000000000000000e+00
0.000000000000000000e+00
0.000000000000000000e+00
0.000000000000000000e+00
1.078439557838408946e+00
0.000000000000000000e+00
0.000000000000000000e+00
0.000000000000000000e+00
1.098906705186480037e+00
0.000000000000000000e+00
1.389266711439464785e+00
