# Ensemble C, m = 50.0, lambda = [  1.46487954e-08  -9.86135645e-09   0.00000000e+00   1.10773244e-09]
8.149767725343755043e-01
1.495888306834080472e+00
2.417645437686327892e+00
1.760255670378423787e+00
2.248044493991512738e+00
1.756180880725675575e+00
6.516326785666458621e-01
0.000000000000000000e+00
1.191177600583167795e+00
8.516113720726594671e-01
1.088466108589880577e+00
8.147657582110916508e-01
9.756181936631145302e-01
2.577708518965834195e+00
7.417587078904662734e-01
5.930314930764405412e-01
6.545586188052091581e-01
1.675072972625492040e+00
6.149988155377872356e-01
1.618600567878742513e+00
1.494860857656662656e+00
9.464673076257285045e-01
1.582133753951687760e+00
0.000000000000000000e+00
5.531687432568788143e-01
2.399191681069829496e+00
0.000000000000000000e+00
8.207790477954010067e-01
4.251673550315269168e-01
5.878751690312998823e-01
9.158205161849123366e-01
1.111588920768929567e+00
1.795756334292616108e-01
1.497753758981064331e+00
1.222731726491208398e-01
2.587279450891863952e+00
2.014324190217050004e-01
1.638772288936677590e+00
0.000000000000000000e+00
1.719087216729105583e+00
0.000000000000000000e+00
1.135613958949792668e+00
0.000000000000000000e+00
1.822530200786205423e+00
8.010100933781957311e-01
0.000000000000000000e+00
1.036025060707970402e+00
1.347513774862841407e+00
1.257710817797141223e+00
2.736008108885004120e+00
6.008879614728694918e-01
9.423622892160415931e-01
1.570860257133020577e+00
2.172786234212060297e+00
0.000000000000000000e+00
1.407025690060584644e+00
1.191566196017224577e+00
0.000000000000000000e+00
4.446077578367534922e-01
5.360669389639284299e-01
1.215428484236901863e+00
1.560916984050820244e-01
1.737608563314581245e+00
4.132808352806721652e-01
1.941937799633828066e+00
1.416744216936534073e+00
1.004283377352577222e+00
0.000000000000000000e+00
1.506609616949599273e+00
2.224793022722087343e+00
1.239224855320919083e+00
1.890308466424158729e+00
4.032112499024677055e-01
0.000000000000000000e+00
4.385053930015033186e-01
0.000000000000000000e+00
1.280055992030468270e-01
1.861352982260107369e+00
6.699058152023620316e-01
3.989828248685161061e-01
2.473830468864089971e-01
8.898987539921570100e-01
0.000000000000000000e+00
2.366793558924776608e+00
0.000000000000000000e+00
1.184486673548303948e+00
2.143743041479472033e+00
0.000000000000000000e+00
2.155325894363160799e+00
1.420341640655592208e+00
1.405361087045629231e+00
0.000000000000000000e+00
0.000000000000000000e+00
0.000000000000000000e+00
7.045723791609409536e-01
9.168576713604748019e-02
3.427262843910592882e-01
7.515862612495630701e-01
2.167436423159679326e-01
2.710598767660546304e+00
