# Ensemble C, m = 50.0, c_n/c_p = 0.612903225806, f = -0.994782608696
# lambda = [  1.06564724e-08  -6.49730949e-09   0.00000000e+00   6.66315417e-10]
#  
0.000000000000000000e+00
3.137803073911017204e+00
1.416436383097771312e+00
0.000000000000000000e+00
3.097984811461513832e-01
1.730964683986076613e+00
0.000000000000000000e+00
1.285468947961069031e+00
1.137717482615331566e+00
0.000000000000000000e+00
7.795562673672995491e-01
0.000000000000000000e+00
0.000000000000000000e+00
4.904350559427009260e-01
5.507250190179384663e-01
0.000000000000000000e+00
0.000000000000000000e+00
1.916584199997117127e-02
8.080727688497234551e-01
9.113785188233496370e-01
1.439972940207910890e-01
0.000000000000000000e+00
5.236570226333756573e-01
7.459114914132272123e-01
0.000000000000000000e+00
0.000000000000000000e+00
2.913949583024911250e-01
4.215861158286867555e-02
1.688017727635993115e-01
0.000000000000000000e+00
1.455029835935795490e-01
0.000000000000000000e+00
1.774852760724610068e-01
1.594721685818353940e+00
9.371191322534674351e-01
1.672734264917247415e+00
1.724011762115968516e+00
5.784055255938379547e-01
0.000000000000000000e+00
3.814178733011202582e-01
0.000000000000000000e+00
2.057712423650853939e+00
9.557622839278718807e-01
0.000000000000000000e+00
2.375796267817726903e+00
1.341671961205075592e+00
0.000000000000000000e+00
1.243370746290485274e-01
0.000000000000000000e+00
0.000000000000000000e+00
0.000000000000000000e+00
1.691652346826546527e+00
2.176248436105111539e-01
1.834544748904099465e-01
8.520655881661197695e-01
2.099697326572210532e+00
5.975064825145046665e-01
0.000000000000000000e+00
0.000000000000000000e+00
5.677591905071066591e-01
4.205286978489146399e-02
1.198408958088411858e+00
4.509075129087009026e-01
6.706860869651133372e-01
0.000000000000000000e+00
8.997320580123924216e-01
0.000000000000000000e+00
9.888335398130192466e-01
0.000000000000000000e+00
6.898975008488896776e-01
2.448401158833299007e+00
8.829735529703821584e-01
6.739167907775054367e-01
3.047028694079084721e-01
0.000000000000000000e+00
7.607064006684296498e-01
1.983241653235064073e+00
0.000000000000000000e+00
4.787810317388818682e-01
1.308933061245556750e+00
5.349627553781890477e-01
0.000000000000000000e+00
1.361743191283881327e+00
1.140411163723226817e+00
1.688017727635993115e-01
0.000000000000000000e+00
0.000000000000000000e+00
6.904318104063678074e-01
5.195552260383370369e-01
0.000000000000000000e+00
0.000000000000000000e+00
1.521675276471415650e+00
3.219442665069302545e-01
2.181252330097922520e-01
1.839876605556943490e-01
5.257659946919432947e-01
3.136257121053630248e-02
0.000000000000000000e+00
0.000000000000000000e+00
0.000000000000000000e+00
