# Ensemble C, m = 50.0, lambda = [  4.78573281e-09  -3.61867563e-09   0.00000000e+00   1.15229864e-09]
0.000000000000000000e+00
0.000000000000000000e+00
3.110843742883662721e-01
1.157529736890633432e+00
1.762662781948966639e+00
0.000000000000000000e+00
0.000000000000000000e+00
0.000000000000000000e+00
0.000000000000000000e+00
1.742216476777434520e-01
0.000000000000000000e+00
0.000000000000000000e+00
0.000000000000000000e+00
1.388305948287085582e-02
1.785601613894851059e-01
3.080177062313954606e-01
1.466345582825327565e+00
1.107336628978517368e+00
0.000000000000000000e+00
1.445420464670902572e+00
2.456878786269030446e+00
0.000000000000000000e+00
1.886077021313796731e+00
0.000000000000000000e+00
0.000000000000000000e+00
5.639580159814913118e-01
0.000000000000000000e+00
0.000000000000000000e+00
8.783155949194469958e-01
0.000000000000000000e+00
8.239070983716549890e-01
1.723728889613753701e+00
0.000000000000000000e+00
5.281655802899782870e-01
9.150668882306445262e-01
0.000000000000000000e+00
0.000000000000000000e+00
0.000000000000000000e+00
4.744787742301017630e-01
4.545828328510232441e-01
1.167098618011026101e+00
1.659856897472881399e-01
1.211171123803140848e+00
0.000000000000000000e+00
5.946237648864997061e-01
6.184045439236954822e-01
1.790218181331517222e+00
0.000000000000000000e+00
1.808587120911331558e+00
6.789352892630831082e-01
2.176150803243859677e+00
0.000000000000000000e+00
6.372949213257989021e-02
1.309434420189698800e+00
1.484978120847492367e+00
3.557672058814183302e-02
6.974623655899107044e-01
0.000000000000000000e+00
1.435384608623885061e+00
0.000000000000000000e+00
4.772682700216793750e-01
3.493559731623434306e-02
0.000000000000000000e+00
1.888197096956153676e+00
0.000000000000000000e+00
0.000000000000000000e+00
1.111385624579416032e+00
0.000000000000000000e+00
2.722121606658016099e-02
0.000000000000000000e+00
1.455480068135116101e+00
1.793419052252118506e+00
2.375466635913019847e-02
0.000000000000000000e+00
0.000000000000000000e+00
2.883136365425051917e-01
0.000000000000000000e+00
5.183979733900803133e-01
1.035257184066443514e+00
0.000000000000000000e+00
0.000000000000000000e+00
0.000000000000000000e+00
3.082526766255745954e-01
4.247824453080297769e-01
6.034330639892685477e-01
9.637200832104759751e-01
1.122065798653181901e+00
1.492697039677005066e-01
9.713962679992487192e-01
5.636176589851265434e-02
2.041777690781743926e-01
5.592893716502586043e-01
3.946458477491516792e-01
1.017642588762780020e+00
0.000000000000000000e+00
1.990547362361882344e+00
5.203115288520447634e-02
0.000000000000000000e+00
0.000000000000000000e+00
9.910580647950318900e-01
