# Ensemble C, m = 50.0, c_n/c_p = 0.677419354839, f = -0.979130434783
# lambda = [  8.27444069e-09  -5.48828680e-09   0.00000000e+00   1.13917424e-09]
#  
1.961022323322352490e+00
1.004419678535420912e+00
6.616737443033188226e-01
0.000000000000000000e+00
3.285221165408027666e-01
1.063302549367704630e+00
1.307300090393156200e+00
7.527402548747105793e-03
9.077282333625705801e-01
1.067939960093933438e+00
5.290329572350926934e-01
8.275241044902305054e-01
6.198343985020849933e-01
3.624913517112712036e+00
2.349230460819595301e+00
0.000000000000000000e+00
0.000000000000000000e+00
5.054994810430392116e-01
1.133545693323546599e+00
7.818130485089729298e-01
2.285910488972711985e+00
9.351019049406049666e-01
1.944964477535134906e+00
1.081291460523715386e+00
1.105150619989887950e+00
8.788749744931989571e-01
6.439426306304729675e-01
2.593271217681361485e+00
1.381371109267146124e+00
1.506506444003428591e+00
1.744763678590087519e+00
1.175142553254480970e-02
0.000000000000000000e+00
2.666671643233919364e-01
1.658434122349511652e-01
1.311286233101659038e+00
1.466587895948458176e+00
0.000000000000000000e+00
2.098366939817094767e+00
1.029176822399249680e+00
0.000000000000000000e+00
3.224321199198958987e-01
2.297378932887087277e+00
7.541039875410231463e-01
5.448933984306438688e-02
2.281298175690191332e+00
5.725912123682710408e-01
2.340230708332862619e+00
0.000000000000000000e+00
1.567640947413458052e+00
2.586337995321906558e+00
1.015592185866410979e+00
1.285573799205236512e+00
0.000000000000000000e+00
7.860411110143372682e-01
8.624653096569071531e-01
0.000000000000000000e+00
2.842266923723558714e-01
3.202826395205244370e-01
2.538371097581680336e-01
7.261541784023993751e-01
1.662113293521432000e+00
1.329092812265187273e+00
0.000000000000000000e+00
5.017917995281434562e-01
8.804800275321514880e-01
9.768036879038639597e-01
9.896508315775959241e-01
0.000000000000000000e+00
0.000000000000000000e+00
7.167674581439922865e-02
1.265632378605797026e+00
0.000000000000000000e+00
7.444118230028746730e-01
5.127632755691977628e-01
0.000000000000000000e+00
1.527383490148656708e+00
9.486869423378055943e-01
3.313422592970743374e-01
7.268589501624359572e-01
2.137684260518768031e+00
0.000000000000000000e+00
2.164810861482740822e+00
8.246893386795026704e-01
8.596103410062553296e-01
1.470861139513936600e+00
1.563522983912080555e+00
0.000000000000000000e+00
2.189732962827589446e+00
1.393078106534660243e+00
0.000000000000000000e+00
1.042453554902357471e+00
0.000000000000000000e+00
1.338415817999413449e+00
1.559357652209510947e+00
9.208910971871848705e-01
2.512548051665233650e+00
1.638319458615890678e+00
2.067903813397555801e+00
1.773506192397067638e+00
