# Ensemble C, m = 50.0, lambda = [  5.34820190e-09  -4.66803138e-09   0.00000000e+00   7.45084001e-10]
8.505105643042747410e-01
0.000000000000000000e+00
0.000000000000000000e+00
0.000000000000000000e+00
1.130652012336264001e+00
0.000000000000000000e+00
0.000000000000000000e+00
1.185176025182535842e+00
0.000000000000000000e+00
1.326515238896799342e+00
0.000000000000000000e+00
8.233214734093650122e-01
0.000000000000000000e+00
0.000000000000000000e+00
1.372306545367973050e-02
2.008070175207286590e-01
1.429041905893729814e+00
0.000000000000000000e+00
0.000000000000000000e+00
1.589146424484760844e+00
0.000000000000000000e+00
0.000000000000000000e+00
0.000000000000000000e+00
0.000000000000000000e+00
0.000000000000000000e+00
1.895894607170216961e+00
1.129546744669527314e+00
5.703476044796855771e-01
9.604728075537042331e-01
4.893330436628277602e-01
5.978617199705101720e-02
0.000000000000000000e+00
1.025176458227160969e+00
0.000000000000000000e+00
3.982507114421645622e-01
0.000000000000000000e+00
0.000000000000000000e+00
0.000000000000000000e+00
0.000000000000000000e+00
8.338849278590417802e-01
0.000000000000000000e+00
1.127699528668706819e+00
5.208137933382139817e-01
3.013454020092800473e-02
1.108959506894764413e+00
0.000000000000000000e+00
1.037449450153988817e+00
5.989821196659791402e-01
1.342312611857864324e+00
8.993430763674555850e-01
1.473272334145828921e+00
0.000000000000000000e+00
0.000000000000000000e+00
0.000000000000000000e+00
3.435135632448815257e-01
0.000000000000000000e+00
4.172995917585860526e-01
7.115360095151190833e-02
5.691997504183234080e-02
1.295155363218699396e+00
0.000000000000000000e+00
0.000000000000000000e+00
0.000000000000000000e+00
4.338381279353086262e-01
8.805297519142658569e-01
0.000000000000000000e+00
6.684556156582563968e-01
0.000000000000000000e+00
0.000000000000000000e+00
0.000000000000000000e+00
1.916576183267058475e+00
1.421863339246215663e+00
2.463899267403377950e-03
0.000000000000000000e+00
5.253156076994195400e-01
0.000000000000000000e+00
2.252691958422100349e+00
0.000000000000000000e+00
0.000000000000000000e+00
1.824660892361507969e+00
0.000000000000000000e+00
1.435412294615218354e+00
1.035037024573702169e+00
0.000000000000000000e+00
0.000000000000000000e+00
0.000000000000000000e+00
1.260079493244631088e+00
0.000000000000000000e+00
6.379794299622065790e-01
1.335252601463178479e+00
0.000000000000000000e+00
0.000000000000000000e+00
0.000000000000000000e+00
0.000000000000000000e+00
0.000000000000000000e+00
9.402719954465279736e-03
1.365579928653321229e+00
0.000000000000000000e+00
7.309730198083314034e-02
1.906547610640690060e-01
