# Ensemble C, m = 50.0, lambda = [  1.11946049e-08  -8.54085159e-09   0.00000000e+00   9.59399290e-10]
2.419368146202647729e+00
1.413465196102990928e+00
2.037617134493845406e+00
1.155598351199418561e+00
1.587016143613916519e+00
1.774400625988544089e+00
4.567530565683226573e-01
1.285564597627772532e+00
2.185539934507421123e+00
2.240734501368274234e+00
1.733397010763992663e+00
2.206392849076161067e+00
6.559204067516370973e-01
2.256957511876980238e+00
1.720214500453079998e+00
2.170059713886119290e+00
1.839864020749810702e+00
1.875002877130409473e+00
3.992619561190150490e-01
2.013793059153934806e+00
8.413610250600828122e-01
3.854110366648230146e-01
9.315823520196422347e-01
1.678304349622903757e+00
2.063498925413063123e+00
1.709896751599650377e+00
1.804433064423921262e+00
2.073137318613904156e+00
5.467189440892266106e-01
1.314298468452668844e+00
1.899707321004539207e+00
1.704791301474698262e+00
0.000000000000000000e+00
1.794338889570970430e+00
0.000000000000000000e+00
0.000000000000000000e+00
1.269426473594711613e+00
0.000000000000000000e+00
1.625566932025492184e+00
1.950048627311871785e+00
0.000000000000000000e+00
1.502709323854761303e+00
1.764409073900208291e+00
1.682267339508064286e+00
1.416688446747480956e+00
0.000000000000000000e+00
5.599535804626289970e-01
2.228301886411727661e+00
1.701310995185462804e+00
1.688535768969903650e+00
1.855886381414683095e+00
8.928924742645417689e-01
2.224009384935983213e+00
1.598459115176914080e+00
1.232455541289134038e+00
2.010421647952924662e+00
1.008315068658706348e+00
1.343520366044965497e+00
1.803308652355347208e+00
3.300887730377458640e-01
2.118986727422739413e+00
0.000000000000000000e+00
2.072621082539921389e+00
1.764895067189014899e+00
0.000000000000000000e+00
0.000000000000000000e+00
1.476527278205520766e+00
1.490292191505389274e+00
1.677175379043199799e+00
1.715420597472455899e+00
5.692901487095201052e-01
1.349571078339618646e-01
1.974043187385358777e+00
1.269903147087130257e+00
2.129392563284595141e+00
2.221326599648775435e+00
1.864101071201548221e+00
1.359890341403172886e+00
1.508495936234463430e+00
3.360545260311395555e-01
2.172893915641153750e+00
2.299715421275321248e+00
2.060339718332977021e+00
1.890273515139576421e+00
1.649924660362107165e+00
1.911858949677825770e+00
8.684215486899010683e-01
5.570916508451891763e-02
1.842630459574948310e+00
2.327270270478302372e+00
1.461170522348337109e+00
1.403645514986870069e+00
1.761772584332196079e+00
0.000000000000000000e+00
1.175747240160331053e+00
1.907789907738938862e+00
0.000000000000000000e+00
1.816364570562240655e+00
4.136553825210242952e-02
0.000000000000000000e+00
