# Ensemble C, m = 50.0, c_n/c_p = 0.767741935484, f = -0.996086956522
# lambda = [  1.27227785e-08  -9.72958869e-09   0.00000000e+00   8.63265318e-10]
#  
9.423970056391348660e-01
2.085645665414070038e+00
2.606136912085090795e+00
1.022913296275837824e+00
2.831745775792674280e+00
2.310844042825649591e+00
2.277130474874652588e+00
2.598104382985674921e+00
2.228352108253946806e+00
1.481304395185758072e+00
6.489469903798114059e-01
2.291816695753600364e+00
1.887196989843527239e+00
3.284689498561967014e+00
3.133798407357629934e+00
2.845629830320110187e+00
2.359450617673474859e+00
2.199855222683245515e+00
1.976826013200875032e+00
2.561794091619790659e-01
2.497796179642564507e+00
2.139121302896528132e+00
1.384851667865796054e+00
2.685593219939695242e+00
5.077744689713727944e-01
1.987358728291218624e+00
2.579655055352310100e+00
1.063994384991115760e+00
2.000193178545596417e+00
2.045383267927467053e+00
1.541692503923373980e+00
2.673728289831156513e+00
4.363790333433198998e-01
2.586913045916738429e+00
2.450606385470013748e+00
1.727156726337134351e+00
3.425422409813244085e-01
2.580573450031271143e+00
1.358352510715457706e+00
1.810408348319268779e+00
2.451812829296159180e+00
2.678811992961612543e+00
2.571705171594889983e+00
9.887100730380709024e-01
1.313026670703033361e+00
2.567735586157852801e+00
3.155426204361937437e+00
8.116796950917509745e-01
3.570594609119366325e+00
2.721321692895835032e+00
2.166991110698611500e+00
3.250371094342142886e+00
1.470994881825288925e+00
2.618562340608809436e+00
1.798121903981693137e+00
2.978582866921744454e+00
3.027721505350247533e+00
1.078227797601206683e+00
2.452457295374294244e+00
3.141930269075119408e+00
7.370067635741153200e-01
2.551128663628447590e+00
2.184033104826307081e+00
2.227671910317252202e+00
1.607104489014537396e+00
1.559559571387377108e+00
2.251886928052173165e+00
1.060574298050970254e+00
3.054654491234332525e+00
2.605317978974160731e+00
1.472735965013400872e+00
1.934787460201468079e+00
1.403464223103568775e+00
2.121515369111329541e+00
2.137143461085341922e+00
1.941073160226549188e+00
2.124618890198324284e+00
1.982567520724163090e+00
1.696443480366640388e+00
1.893238669730795909e+00
1.928669445932274629e+00
3.154241109930739917e+00
1.852805390053435586e+00
2.803080635142848998e+00
1.101231644363316775e+00
3.470973991355282617e+00
2.018630512617079820e+00
1.949744593011716098e+00
3.363644339737425160e+00
2.389163488781373523e+00
1.619140035072761385e+00
4.956628181661982269e-01
1.987323256824774731e+00
3.987510252891058871e-01
6.010305966353882701e-01
2.771273789012538291e+00
2.436012495046159021e+00
2.624204998044879833e+00
2.606139699178969149e+00
1.829850634109226881e+00
