# Ensemble C, m = 50.0, c_n/c_p = 0.6, f = -0.973913043478
# lambda = [  6.58441377e-09  -3.84758787e-09   0.00000000e+00   8.96487173e-10]
#  
0.000000000000000000e+00
5.667633501023973119e-01
3.166798228878192067e-01
9.420874445685495369e-01
0.000000000000000000e+00
0.000000000000000000e+00
8.969286841776092922e-01
1.482705810667421797e+00
0.000000000000000000e+00
1.607255243058814287e+00
2.219404473136839528e-01
0.000000000000000000e+00
0.000000000000000000e+00
8.529705724626673868e-01
1.783301945130759958e-01
0.000000000000000000e+00
1.546603489030414558e+00
4.365976406927668529e-01
0.000000000000000000e+00
1.912583588866792361e+00
0.000000000000000000e+00
1.275955980152654767e+00
7.502129731297479953e-01
5.166916205923228755e-01
9.983351724667093308e-01
0.000000000000000000e+00
0.000000000000000000e+00
7.334935669060872465e-01
1.369230905076908034e-01
0.000000000000000000e+00
1.319168833234483973e+00
0.000000000000000000e+00
7.980560336981851188e-01
2.521215905167663029e-01
8.462399627841622474e-01
1.382538359683424201e+00
2.299168515903757815e+00
4.733618607759300101e-01
0.000000000000000000e+00
1.924843998796177180e+00
0.000000000000000000e+00
0.000000000000000000e+00
0.000000000000000000e+00
0.000000000000000000e+00
1.653657052048323362e+00
1.646895783098379251e+00
0.000000000000000000e+00
1.729705142426619879e+00
4.465295374894778235e-01
1.096865741525735016e+00
0.000000000000000000e+00
0.000000000000000000e+00
4.469144296871752770e-02
9.102072476195718354e-01
0.000000000000000000e+00
0.000000000000000000e+00
1.325871477218120431e-01
0.000000000000000000e+00
1.305183989205223050e-01
1.039878778939937298e+00
0.000000000000000000e+00
1.134722058288217150e+00
6.003030554842889721e-01
3.952586387755767650e-01
0.000000000000000000e+00
1.523266966096544994e+00
1.112869139453695144e+00
8.519787522259663487e-03
0.000000000000000000e+00
6.423139158504480306e-02
2.550885717923700557e+00
2.742394198637020164e+00
2.155739922611769055e-01
3.506512700573667929e-01
0.000000000000000000e+00
0.000000000000000000e+00
1.123740208384000905e+00
1.970940664043295598e+00
1.256163720775944181e+00
1.933142637758436200e+00
0.000000000000000000e+00
7.250706656255935245e-01
1.923963212968639258e+00
1.108944280838644048e+00
9.224266678465202762e-01
0.000000000000000000e+00
1.447193722527049531e-01
1.086320986468647165e+00
2.913984027610866945e-01
1.374071710197541096e-01
4.550178236798742004e-01
2.375269614489839753e+00
7.804473718870074128e-01
8.422862786867780782e-01
2.412124591004296992e+00
4.506458359838914629e-01
0.000000000000000000e+00
6.288723391506931826e-01
3.427390480128494898e-01
0.000000000000000000e+00
