# Ensemble C, m = 50.0, c_n/c_p = 0.741935483871, f = -0.992173913043
# lambda = [  1.19408313e-08  -8.78999261e-09   0.00000000e+00   1.10620767e-09]
#  
3.167500644483586481e+00
4.723330119122124415e+00
1.584157706682293609e+00
3.371818476358923178e+00
2.836495890413649690e+00
1.154754795531996336e+00
3.263484999098586137e+00
2.412408022980303546e+00
3.072644109035286508e+00
1.528387092911001943e+00
2.748919726821818621e+00
4.058115296999623034e+00
2.946684311437048898e+00
4.149842855707851719e+00
3.581395590518879679e+00
3.795827343302065504e+00
2.728451421171635971e+00
1.403941435193588827e+00
3.970082295649143500e+00
4.356439689122637127e+00
2.163862101179759634e+00
2.682951038863352622e+00
2.890181711741032000e+00
2.593110551627037186e+00
2.899414400475029296e+00
2.564617759286099141e-01
1.871983328945172387e+00
3.334608147761648933e+00
2.294639830148327508e+00
2.591729393950570781e+00
1.365366971614725644e+00
1.420767790509520401e+00
1.815589676710894107e+00
3.261566672272628420e+00
1.775008368471659104e+00
2.886958758359290389e+00
3.431713845371103577e+00
2.991045864135243537e+00
2.718163054352228158e+00
9.804880686976481519e-01
1.586366721267205016e+00
2.179870518143728564e+00
1.711166775171380827e+00
3.269963848386199246e+00
2.161163818991530317e+00
3.493775942391969647e+00
3.560716235203853941e+00
6.963222769185846150e-01
3.649278857382675767e+00
3.647597080400873715e+00
1.723154862670380760e+00
2.992859663711111118e+00
2.424846965485533357e+00
2.460505190790083674e+00
2.808305833191881984e+00
3.323002633482297963e+00
3.384226309705562930e+00
2.262276147876279619e+00
1.185075398447621442e+00
1.511887825876475633e+00
3.318060250888850149e+00
2.250568637456735743e+00
2.681443598264770412e+00
3.109183822470396930e+00
3.088794990698700893e+00
2.183222033981732757e+00
3.543565960714974317e+00
2.663292676417664762e+00
2.140762682143612317e+00
3.026039203658620558e+00
2.149540913997369351e+00
2.820680736649916032e+00
4.024148390129350439e+00
2.892685875417711827e+00
2.505441679143860068e+00
2.814424583392418189e+00
2.797801359855501602e+00
2.176922936677019749e+00
2.751510783251102765e+00
1.076640372502718934e+00
2.862260190523928216e+00
2.736799361090951788e+00
8.328128080244879827e-01
2.237316627423556525e+00
4.129220200631795734e+00
4.275912154515305375e+00
9.780776653246080476e-01
2.199321972511606216e+00
2.696104657200883103e+00
1.637500870165907063e+00
3.348063515844399873e+00
2.406273949852267613e+00
2.114369559352981653e+00
1.238589609360718935e+00
2.850584756788212992e+00
2.993216904579997450e+00
1.398094119885433306e+00
2.954140987939787966e+00
3.093905287618105238e+00
2.128458239133195207e+00
