# Ensemble C, m = 50.0, c_n/c_p = 0.754838709677, f = -0.97652173913
# lambda = [  7.09775115e-09  -5.23186884e-09   0.00000000e+00   1.15414053e-09]
#  
1.274821703152082097e+00
1.390763688933015274e+00
1.555949087616715243e+00
1.668196689381487907e+00
1.809831812196019518e+00
3.227290271899966978e+00
1.738118288547995327e+00
0.000000000000000000e+00
1.440737212082360275e+00
1.966061051814052218e+00
2.581466725341746038e+00
1.058450815350610918e+00
8.340003384053722157e-02
2.400668514722097857e+00
1.215680731304227935e+00
1.343522047309503531e+00
2.820643872431068733e+00
1.277753016848971912e+00
2.853797869991791525e-01
8.303521320776031667e-01
1.012643405094178634e-01
2.430862048694868438e+00
3.654650652330522498e-02
6.689785117216376920e-01
0.000000000000000000e+00
0.000000000000000000e+00
1.998138352084949110e-01
0.000000000000000000e+00
1.011218442554602470e+00
1.317346079705957518e+00
2.990991787101065391e+00
0.000000000000000000e+00
0.000000000000000000e+00
1.870818584449007727e-01
0.000000000000000000e+00
1.426877946366471028e-01
1.025583514900703319e+00
1.442050745085924124e+00
9.142816198662300220e-01
1.693077278143642506e+00
2.218311034661612169e+00
1.068905997426406795e+00
1.510511026103943166e+00
2.557500549127605938e-01
1.857343301615719033e+00
2.314088787291062932e+00
2.224649144901786613e-01
9.388025349256428065e-01
6.559625206085013538e-01
0.000000000000000000e+00
1.523420025739085748e+00
0.000000000000000000e+00
8.220039762446809117e-01
0.000000000000000000e+00
1.481373318952071472e+00
7.836069969199548346e-01
1.872610713594254017e+00
6.708792877379429198e-01
1.357762030236170592e+00
1.377514103901324560e+00
1.856555266907153223e+00
2.303884843354723766e-01
6.012026331416766428e-02
1.023159054501100673e+00
2.767061123822826207e+00
0.000000000000000000e+00
0.000000000000000000e+00
0.000000000000000000e+00
0.000000000000000000e+00
1.430899430589256616e+00
1.774605479475157788e+00
4.625892525126608368e-02
3.396072475964767023e-01
1.672399532220412377e+00
0.000000000000000000e+00
1.486731894261375642e+00
1.165857632840458097e-01
1.121876215473620736e-01
1.271773952059659152e+00
2.964013712617818985e-01
1.094089435771856467e+00
1.887614594937311985e+00
4.925044217968160831e-01
1.525058737682218890e+00
1.543973553412992361e+00
9.283408358327484011e-01
2.034715964914405983e+00
3.998575519989272520e-01
1.371599600221880877e+00
1.489821697353995167e-01
1.942730625622122842e+00
2.132524438641441922e+00
5.501274678295580145e-01
0.000000000000000000e+00
3.982519911322658368e-01
1.002279215698938852e+00
4.971229700046319276e-03
1.736965859823829395e-01
2.216016596781326786e+00
2.543739521622107702e+00
