# Ensemble C, m = 50.0, lambda = [  3.76778077e-09  -3.60631314e-09   0.00000000e+00   6.83685701e-10]
6.965662709284748955e-01
0.000000000000000000e+00
0.000000000000000000e+00
2.350835404371823534e-01
0.000000000000000000e+00
0.000000000000000000e+00
0.000000000000000000e+00
0.000000000000000000e+00
0.000000000000000000e+00
0.000000000000000000e+00
0.000000000000000000e+00
0.000000000000000000e+00
0.000000000000000000e+00
0.000000000000000000e+00
0.000000000000000000e+00
0.000000000000000000e+00
5.136540646955859435e-01
5.528346485036523816e-01
0.000000000000000000e+00
1.252055046252592563e-02
0.000000000000000000e+00
0.000000000000000000e+00
1.848921216219825362e-03
5.522637872576763307e-01
0.000000000000000000e+00
0.000000000000000000e+00
0.000000000000000000e+00
1.872533497650626488e+00
0.000000000000000000e+00
6.089738523041272611e-01
9.005018119570048496e-01
0.000000000000000000e+00
0.000000000000000000e+00
0.000000000000000000e+00
0.000000000000000000e+00
0.000000000000000000e+00
0.000000000000000000e+00
0.000000000000000000e+00
3.357341364320930166e-02
1.734355313165812706e+00
2.350538314815386054e-01
0.000000000000000000e+00
0.000000000000000000e+00
1.021655256482100871e+00
0.000000000000000000e+00
0.000000000000000000e+00
0.000000000000000000e+00
0.000000000000000000e+00
4.697555176229967211e-01
2.556636930705361369e-02
6.243650922666376113e-01
0.000000000000000000e+00
1.270117733196977516e+00
6.370975737835131714e-01
0.000000000000000000e+00
6.449747929959132042e-01
1.933389959168167138e+00
8.962973794336324129e-01
4.189241672113096504e-01
0.000000000000000000e+00
0.000000000000000000e+00
0.000000000000000000e+00
0.000000000000000000e+00
9.658826753443869872e-01
5.734267345888400744e-03
4.454477325206545046e-01
6.758985257590806039e-01
1.150306035684114381e+00
1.309764469546237819e+00
4.487453579755192393e-03
1.542435340896584961e+00
0.000000000000000000e+00
0.000000000000000000e+00
0.000000000000000000e+00
0.000000000000000000e+00
0.000000000000000000e+00
1.758608664488647166e+00
0.000000000000000000e+00
4.868930325879005511e-02
0.000000000000000000e+00
0.000000000000000000e+00
0.000000000000000000e+00
5.851991945425784498e-03
3.821299266657471883e-01
1.231840671058529457e+00
0.000000000000000000e+00
0.000000000000000000e+00
0.000000000000000000e+00
0.000000000000000000e+00
0.000000000000000000e+00
0.000000000000000000e+00
7.200711423062166050e-01
0.000000000000000000e+00
0.000000000000000000e+00
0.000000000000000000e+00
6.001782637925445751e-01
0.000000000000000000e+00
5.489857873075206784e-01
0.000000000000000000e+00
0.000000000000000000e+00
