# Ensemble C, m = 50.0, lambda = [  8.71584764e-09  -5.79357856e-09   0.00000000e+00   1.13798754e-09]
1.137068063521038536e-01
0.000000000000000000e+00
5.693465943465660928e-01
3.357168905974520778e-01
0.000000000000000000e+00
1.720145118194812639e+00
8.044321324569797538e-01
3.480028304721515253e-01
0.000000000000000000e+00
1.283704747354636577e+00
4.274687797174643311e-01
0.000000000000000000e+00
2.056212686752497021e+00
1.612250000791515925e+00
1.063167115394198170e+00
0.000000000000000000e+00
0.000000000000000000e+00
0.000000000000000000e+00
1.494655112558510857e-01
7.773650212671353588e-01
1.460129728920611214e+00
1.251897842380913062e+00
6.312144973606228504e-01
2.296064551703039802e-01
4.763697055686026416e-01
4.972158552337182513e-01
6.651767261535352915e-01
3.435591756347691206e-01
0.000000000000000000e+00
1.483906306313219403e+00
3.208047291689029579e-01
0.000000000000000000e+00
6.847287014225730273e-01
0.000000000000000000e+00
1.504016320636766268e+00
3.656649171689280720e-01
0.000000000000000000e+00
1.103691916160986164e+00
2.536113850615515197e+00
0.000000000000000000e+00
7.716079585226389703e-01
0.000000000000000000e+00
2.548805989512735959e+00
0.000000000000000000e+00
2.810786798119671026e-01
0.000000000000000000e+00
1.372571533156777601e+00
1.648485714792103707e+00
0.000000000000000000e+00
2.603818679765254607e-01
6.936051950661312748e-01
0.000000000000000000e+00
2.139197471095937608e+00
1.812653425553255593e+00
6.106556256410247130e-01
1.042680674790788631e+00
0.000000000000000000e+00
1.551727879822231149e+00
3.427468003299235511e-01
0.000000000000000000e+00
9.733729559084828287e-01
1.520298674602177602e+00
0.000000000000000000e+00
6.627911601953262455e-01
0.000000000000000000e+00
0.000000000000000000e+00
0.000000000000000000e+00
1.721450655176057554e+00
0.000000000000000000e+00
0.000000000000000000e+00
3.336248450052411441e-01
5.108134083516870788e-02
2.423590910019902900e+00
0.000000000000000000e+00
8.209587730488736579e-01
9.555812414190023585e-01
0.000000000000000000e+00
1.328776523912976959e+00
3.910662679648502782e-01
0.000000000000000000e+00
0.000000000000000000e+00
1.043998213768121408e+00
1.239291379576518803e+00
0.000000000000000000e+00
1.033611312406566840e-01
7.807805001974810200e-01
3.108632672116509732e-01
2.290346654705287810e-01
0.000000000000000000e+00
2.421758505080857216e+00
6.645137952093591593e-01
3.648882912598810924e-01
1.020540650247020009e+00
8.958727703689388644e-01
8.793584680906114670e-01
4.255698889225459913e-01
4.881943854870715027e-01
0.000000000000000000e+00
3.869777109071476096e-01
0.000000000000000000e+00
