# Ensemble C, m = 50.0, lambda = [  7.06416791e-09  -5.50765827e-09   0.00000000e+00   1.04414316e-09]
0.000000000000000000e+00
1.787046876908773729e+00
1.835995124533248646e+00
0.000000000000000000e+00
7.869214636849937161e-01
7.938318361841251170e-01
2.327671737907977434e+00
0.000000000000000000e+00
6.878205900154847896e-01
9.747409259377556867e-02
1.018616793697630252e+00
1.691879575047118556e-01
2.058178889701126391e+00
1.855271445644222084e+00
1.815413490898240445e+00
2.084424766197046086e+00
8.048587089832960340e-01
1.617860543906681978e-02
1.128025551324356890e+00
0.000000000000000000e+00
2.907140264702981133e-02
3.365819496980813896e-02
1.354466586649383936e-03
1.081912181334470091e+00
1.177467828068432532e+00
1.209988960130282010e+00
1.368274564089269507e+00
0.000000000000000000e+00
1.114980571813907889e-01
9.651613588933473098e-01
0.000000000000000000e+00
0.000000000000000000e+00
1.998688236913658045e+00
4.395328389825670437e-03
9.945239238044653041e-01
0.000000000000000000e+00
4.155669277864374594e-03
0.000000000000000000e+00
1.867177549277438953e+00
1.491672822921216612e+00
0.000000000000000000e+00
1.919289222044827437e+00
1.219227367964860420e+00
2.173383980270376714e+00
1.965480443351084627e+00
0.000000000000000000e+00
1.120487064529652077e+00
1.141612921089879107e+00
6.088815006355597498e-03
1.766802766090567856e+00
1.321127222490102948e+00
1.823847675085709330e+00
1.084279179580601271e+00
8.932901139726676654e-01
1.940532482655874302e+00
5.137924271502427587e-01
7.598763578828970910e-02
1.065855654066159286e-01
0.000000000000000000e+00
6.916612485150666068e-01
0.000000000000000000e+00
1.191913149471771211e-01
9.093273361808714705e-01
5.236264318650428115e-03
0.000000000000000000e+00
5.124606510134487314e-01
7.632767406576219937e-02
6.470263342798797668e-01
0.000000000000000000e+00
1.918945603240312936e+00
1.029831310873262851e+00
1.584130782970249562e+00
2.245082896466592537e+00
0.000000000000000000e+00
1.111361313478451684e+00
0.000000000000000000e+00
7.477100955809490301e-01
0.000000000000000000e+00
0.000000000000000000e+00
2.253329542322813239e+00
0.000000000000000000e+00
0.000000000000000000e+00
4.061260109308819088e-01
2.434096169106658269e+00
9.714065685823067842e-01
0.000000000000000000e+00
0.000000000000000000e+00
7.890166779270605391e-01
1.196727126230050953e+00
0.000000000000000000e+00
1.725044665007160472e+00
5.685768163686313326e-01
1.695078089320656733e+00
2.384613116667887667e+00
4.275303888983413292e-01
1.199819630987395858e+00
2.307157231081922999e-01
4.460288375396369576e-01
1.599389470184649609e+00
3.100835681041753666e-01
