# Ensemble C, m = 50.0, lambda = [  7.57330400e-09  -4.63870977e-09   0.00000000e+00   9.71852503e-10]
5.345726940023299845e-01
6.202737553754625877e-01
0.000000000000000000e+00
5.312947634018116982e-02
0.000000000000000000e+00
1.182669760487421673e+00
0.000000000000000000e+00
1.018575242094364341e+00
1.564036992712482810e-01
1.923418743684688834e-02
0.000000000000000000e+00
0.000000000000000000e+00
0.000000000000000000e+00
1.179157021592450061e+00
0.000000000000000000e+00
2.438886415968844479e-01
0.000000000000000000e+00
0.000000000000000000e+00
0.000000000000000000e+00
6.005682607818835228e-01
0.000000000000000000e+00
8.309309024605880944e-01
0.000000000000000000e+00
5.430615640142547607e-01
1.302858699899048123e+00
0.000000000000000000e+00
8.814304771689894791e-01
4.483882364547007171e-01
1.618222932966529637e+00
1.820243065733061716e+00
1.003014098092802620e+00
0.000000000000000000e+00
4.186240592462727172e-01
0.000000000000000000e+00
0.000000000000000000e+00
3.020278579823630349e-01
5.886683066074741566e-01
0.000000000000000000e+00
0.000000000000000000e+00
9.990930300174244438e-01
0.000000000000000000e+00
0.000000000000000000e+00
1.852890544714519194e+00
0.000000000000000000e+00
0.000000000000000000e+00
0.000000000000000000e+00
1.960332973038013016e+00
6.726814063106069108e-01
5.071232602321709138e-01
4.552309846656686643e-02
0.000000000000000000e+00
0.000000000000000000e+00
9.995629480896367491e-01
1.345063507235489730e+00
2.064084395914535242e-01
8.698926932589914340e-01
1.029926829696061308e+00
5.625193681141433810e-01
0.000000000000000000e+00
0.000000000000000000e+00
1.131701953722364234e-01
2.350023545030604399e+00
1.263593797708995048e+00
8.578100458630031344e-01
0.000000000000000000e+00
0.000000000000000000e+00
0.000000000000000000e+00
4.468288358939210836e-01
2.074213908744584056e-01
2.319863770160629224e-01
1.131619675951535342e+00
2.354041587858535678e+00
0.000000000000000000e+00
5.615889905394559900e-01
7.122626747218345766e-01
9.770524920738763441e-01
9.127110544944581072e-01
0.000000000000000000e+00
1.270855890708850522e+00
0.000000000000000000e+00
0.000000000000000000e+00
0.000000000000000000e+00
6.279430173140729821e-01
8.824652486748422175e-01
0.000000000000000000e+00
2.114270354611334501e-01
2.586641170962221903e+00
1.807828821219727766e+00
2.468580970392653118e+00
5.961900539303322671e-02
4.885864852876977138e-01
7.039195262800850283e-01
0.000000000000000000e+00
1.953089504020151024e+00
1.088653130330882179e+00
1.086427392655353819e+00
6.634586153678859732e-01
0.000000000000000000e+00
1.181762373400004895e-01
1.991311732908673804e+00
