# Ensemble C, m = 50.0, c_n/c_p = 0.716129032258, f = -0.97
# lambda = [  6.78336317e-09  -4.71203040e-09   0.00000000e+00   1.18094614e-09]
#  
6.722812648231710209e-02
5.872311711883129171e-01
3.872360571577508903e+00
2.092327585007136004e-01
0.000000000000000000e+00
1.224520967491364853e+00
1.446939318484989911e+00
0.000000000000000000e+00
1.533805290021768464e+00
1.731088455786610414e+00
1.165449274579281047e+00
0.000000000000000000e+00
6.429435156403605356e-02
6.243418053180427307e-01
0.000000000000000000e+00
0.000000000000000000e+00
9.048759313234416846e-02
7.932428779043692035e-01
0.000000000000000000e+00
0.000000000000000000e+00
7.186866131823022030e-01
0.000000000000000000e+00
2.977452142997563667e-01
1.859430246598092751e+00
8.724982143530065626e-01
1.571008413026958872e-01
1.302466730269499495e-01
2.518394580238514369e+00
6.023087643933420221e-01
0.000000000000000000e+00
2.204347644166664566e-01
1.047045736231467128e+00
4.773569255657345023e-01
1.924508126898605287e+00
9.582081569470325688e-02
5.722635727491519608e-01
0.000000000000000000e+00
5.456062861216866011e-01
0.000000000000000000e+00
1.558843595063789389e-01
2.772973210134986211e+00
9.426952994215308246e-02
1.423272157130290594e-01
0.000000000000000000e+00
0.000000000000000000e+00
6.769129382952647767e-01
8.639375106118338810e-01
6.061555029387050153e-02
1.321361084402122410e+00
2.590475966569483202e-01
1.174009972112850964e+00
9.549781143608868650e-01
9.209739991641825441e-01
0.000000000000000000e+00
0.000000000000000000e+00
1.085972434215533911e+00
3.506896860735577715e-01
0.000000000000000000e+00
0.000000000000000000e+00
0.000000000000000000e+00
1.802783861886323669e+00
9.815716057973163933e-01
1.648491672321117152e+00
0.000000000000000000e+00
1.369011029730556439e+00
2.208751216793382710e+00
1.385796082857221112e+00
0.000000000000000000e+00
1.110954698307712984e+00
0.000000000000000000e+00
1.773497137036313731e+00
0.000000000000000000e+00
0.000000000000000000e+00
0.000000000000000000e+00
1.399668737486346348e+00
9.314284005374421360e-01
5.413460992468196453e-01
2.286558605509911857e+00
1.159863039522075923e+00
1.996432609306604822e-01
0.000000000000000000e+00
1.269980079718455279e+00
9.763621130162727368e-01
0.000000000000000000e+00
6.586732164474091711e-01
2.019558002791522977e+00
2.320495351275362772e+00
2.185206483472692529e+00
1.474862742051791520e-01
1.277100590743279529e+00
1.704154722244407338e+00
6.531549147624710061e-01
2.047088698200672408e+00
1.943245422161181679e+00
4.521217665233475680e-01
1.214020207913411475e+00
0.000000000000000000e+00
1.076806878939765566e+00
1.960848279297240815e+00
2.192381207056934289e-01
