# Ensemble C, m = 50.0, c_n/c_p = 0.845161290323, f = -0.965714285714
# lambda = [  4.77174343e-09  -3.89462222e-09   0.00000000e+00   1.04696817e-09]
#  
1.891465185645379243e+00
1.536226645316665973e+00
6.367633348616518613e-03
5.587819430617317895e-01
1.159749056664907574e+00
0.000000000000000000e+00
9.976627299572640162e-01
0.000000000000000000e+00
2.754766231487995598e-01
8.243242984640458682e-01
1.039836953044713797e+00
7.642521622370668233e-01
2.249865859461499973e+00
2.445946874817424843e-01
0.000000000000000000e+00
1.704119601348916269e-01
4.226068807972208630e-01
2.903188185970171808e+00
2.294035624569988663e+00
5.657658118394702784e-01
2.087928297193138334e-03
0.000000000000000000e+00
0.000000000000000000e+00
0.000000000000000000e+00
1.396971195703666346e+00
2.754262550043303781e-01
1.499705943012713982e+00
0.000000000000000000e+00
5.327852354422777381e-01
1.142290996231998923e+00
1.641290084404848915e-01
0.000000000000000000e+00
3.702252709882535298e-01
0.000000000000000000e+00
1.002627308938657258e+00
5.727782486786929805e-01
2.091953697829000425e-01
1.186418276671366456e+00
1.848074759638286935e+00
1.433919972366076712e-01
0.000000000000000000e+00
2.240349500413922890e-01
0.000000000000000000e+00
2.404589775482188774e-01
2.355020444839977856e+00
1.096484084412121751e+00
0.000000000000000000e+00
4.716981916566166944e-01
5.185215591259192264e-02
1.807916114749388070e+00
3.183114662302877207e-01
3.918546380471948365e-01
1.120202775418483565e+00
1.487285912463855775e+00
0.000000000000000000e+00
1.216363241724955024e+00
3.748127506606601655e-01
0.000000000000000000e+00
0.000000000000000000e+00
7.603216626459590177e-01
0.000000000000000000e+00
1.454720602971540266e+00
2.022044887613631270e-01
0.000000000000000000e+00
0.000000000000000000e+00
0.000000000000000000e+00
0.000000000000000000e+00
0.000000000000000000e+00
1.582380978192505561e+00
6.690861104880159171e-01
1.357989881557181422e-01
0.000000000000000000e+00
0.000000000000000000e+00
2.791727729162253868e-01
0.000000000000000000e+00
1.643162155682685643e+00
1.216363241724955024e+00
4.951138212956697482e-02
1.420141025571189652e-01
1.284281196902197442e+00
0.000000000000000000e+00
0.000000000000000000e+00
0.000000000000000000e+00
0.000000000000000000e+00
3.797832399753773291e-01
0.000000000000000000e+00
0.000000000000000000e+00
1.195986852042348197e-01
1.312989430068624841e-01
1.053091743739253960e+00
1.939062477692688607e-02
4.623403484976593147e-01
0.000000000000000000e+00
0.000000000000000000e+00
0.000000000000000000e+00
0.000000000000000000e+00
1.812171273250959003e-01
2.598777965324723938e-01
4.496850027332199295e-01
9.609858979685613756e-01
