# Ensemble C, m = 50.0, lambda = [  1.24344478e-08  -9.68262431e-09   0.00000000e+00   6.85951761e-10]
1.287698895152987189e-01
1.078977554044793230e+00
0.000000000000000000e+00
0.000000000000000000e+00
1.347681385557874867e+00
2.728280294434810571e-01
2.546538494948400455e+00
9.005449442891118317e-02
1.074742271332146615e+00
8.903730033993612070e-01
0.000000000000000000e+00
1.994603562691216414e+00
1.601374784256651918e+00
2.259239552938681062e+00
0.000000000000000000e+00
6.694882108408261034e-01
2.048136770065987822e+00
2.231173364478490573e+00
1.353941200902487318e-01
1.410425427302398393e+00
1.506463899549257635e+00
1.294686402596511687e+00
3.793336484380124274e-01
1.199029812349253987e+00
5.434046423603527964e-01
9.669635008925098196e-01
8.343251923174078710e-01
1.574314800592593766e+00
1.986658674756091036e+00
1.170512174467645217e+00
1.505688196559638481e+00
1.608769355073720320e+00
1.710214040048611439e+00
0.000000000000000000e+00
1.790665860690932476e+00
5.801617103211998971e-01
2.422384570459515718e+00
3.473939931934047487e-01
2.474621025882574044e-01
1.260169702385366186e+00
1.968454796150326924e+00
2.180385250773493322e+00
0.000000000000000000e+00
8.142543701117957999e-01
2.267095726975872694e+00
1.238356636304073000e+00
1.229062269270022378e+00
0.000000000000000000e+00
1.080038055442475331e+00
9.546076537833954045e-01
1.222375163335142734e+00
8.939220442252010512e-01
1.180191034050759313e+00
3.762221460492770619e-01
3.126027994893264550e-01
2.179087366015022287e+00
0.000000000000000000e+00
1.062566430442412280e+00
1.106644930805851690e+00
9.464358321219082937e-01
4.875920056653942902e-02
0.000000000000000000e+00
3.470281578871367012e-01
8.575109471172640552e-01
1.099413706979042171e+00
1.346572498297783360e+00
1.538860237616172855e+00
1.098414744147113487e+00
6.333879696940230009e-01
0.000000000000000000e+00
0.000000000000000000e+00
1.708874752544154552e+00
2.325082114692683444e+00
1.465432044889487528e+00
4.623630028410075643e-01
2.428510943534911704e+00
1.309493819281962956e+00
3.625080450766963169e-01
1.807430280040574599e+00
2.563443595854839052e-01
1.249823684108709365e+00
1.579503912002093058e+00
2.415243451713636524e+00
6.015112066158764259e-01
9.049849700089477311e-01
1.189109149418517308e+00
0.000000000000000000e+00
3.852589421352760057e-01
1.138714915586672483e+00
0.000000000000000000e+00
6.828938475553615328e-01
1.238332425220276534e+00
1.630026902732410006e-03
1.238115476152813477e+00
0.000000000000000000e+00
1.173922724189000011e+00
0.000000000000000000e+00
2.027879920073179854e+00
2.173143994391917744e+00
8.995598668731467074e-01
