# Ensemble C, m = 50.0, c_n/c_p = 0.845161290323, f = -0.948571428571
# lambda = [  4.13561213e-09  -3.31550309e-09   0.00000000e+00   1.10647038e-09]
#  
0.000000000000000000e+00
0.000000000000000000e+00
4.739251684920857133e-01
0.000000000000000000e+00
1.184730920617452110e+00
7.263769091845976300e-01
2.561794091619790659e-01
0.000000000000000000e+00
5.594780043275304759e-01
1.187685333336923298e-02
5.510687112885543915e-01
7.386030747973187927e-01
0.000000000000000000e+00
9.130380398974943246e-01
3.315182481626043343e-01
6.245223641000903214e-01
8.863588303880018948e-01
0.000000000000000000e+00
1.188139426841457347e+00
6.743152104442448266e-03
2.735581800058259461e+00
5.499229657135555893e-01
0.000000000000000000e+00
5.582610043013381922e-03
0.000000000000000000e+00
0.000000000000000000e+00
0.000000000000000000e+00
0.000000000000000000e+00
5.801765162602837700e-01
0.000000000000000000e+00
1.003501238869744183e+00
0.000000000000000000e+00
1.203899456216900310e+00
1.439340900559118452e+00
0.000000000000000000e+00
1.015448426155745265e+00
1.315730511873695718e+00
0.000000000000000000e+00
3.806387320640139404e-01
2.353251693917221221e+00
3.787077280452534334e-01
1.117867725616533470e+00
3.835898190922304440e-01
2.504743432513577006e-01
2.011953348774624672e-01
0.000000000000000000e+00
0.000000000000000000e+00
6.517377021013655014e-01
0.000000000000000000e+00
1.563402124094655232e-01
3.409872250922471038e-01
0.000000000000000000e+00
1.799585777269059106e+00
6.565641738322340430e-03
0.000000000000000000e+00
1.154128218351875707e-01
0.000000000000000000e+00
1.264739990091989785e+00
8.250517587787095097e-01
1.874484713162405614e+00
4.722096641488190971e-01
2.937785823348873851e-02
2.212092702774948877e-02
1.234053091434455423e-03
2.040163730802845965e+00
1.525580258447524873e+00
0.000000000000000000e+00
1.458747974710896012e+00
6.851991983422907051e-01
0.000000000000000000e+00
0.000000000000000000e+00
1.504466479600140127e+00
1.610311635721678458e-01
5.725078115170644244e-01
3.245606974376697984e-01
1.014261666914104243e+00
0.000000000000000000e+00
0.000000000000000000e+00
4.620901163493028319e-02
8.992580185042607921e-01
0.000000000000000000e+00
7.594831138401342274e-03
1.708912252456140646e+00
0.000000000000000000e+00
0.000000000000000000e+00
1.961853665914242428e-01
5.875842413458203239e-01
7.639010615061803122e-01
9.562399655283824185e-01
0.000000000000000000e+00
7.765837826620233253e-01
2.054091546303956350e-01
1.461910945774979043e-01
0.000000000000000000e+00
0.000000000000000000e+00
6.691382948960173938e-01
5.270479779013360622e-01
0.000000000000000000e+00
4.974521114716803916e-01
4.154108990409624211e-03
