# Ensemble C, m = 50.0, lambda = [  3.89383246e-09  -3.34223610e-09   0.00000000e+00   1.01130751e-09]
0.000000000000000000e+00
8.492067780141031585e-01
0.000000000000000000e+00
0.000000000000000000e+00
0.000000000000000000e+00
0.000000000000000000e+00
0.000000000000000000e+00
2.551201756567690992e+00
0.000000000000000000e+00
1.288920327126920340e-01
5.381934661770944039e-01
2.101489940489121633e+00
1.225060255749418570e+00
3.899816670304673705e-03
0.000000000000000000e+00
6.648925981447005862e-01
0.000000000000000000e+00
0.000000000000000000e+00
0.000000000000000000e+00
0.000000000000000000e+00
1.339876901157231570e+00
0.000000000000000000e+00
3.795275894323529159e-02
0.000000000000000000e+00
0.000000000000000000e+00
4.934311143486752246e-03
5.810415357752953674e-02
4.356810960533688548e-01
1.255383656663439318e+00
1.224980850766481888e+00
0.000000000000000000e+00
0.000000000000000000e+00
0.000000000000000000e+00
0.000000000000000000e+00
9.980964682848911806e-01
1.414012968713050933e-01
3.537684043502644093e-01
0.000000000000000000e+00
0.000000000000000000e+00
1.766560011178398781e+00
1.574727795857612023e+00
9.281185925134010084e-01
0.000000000000000000e+00
0.000000000000000000e+00
0.000000000000000000e+00
1.181788710399706455e+00
0.000000000000000000e+00
6.204549476666326724e-01
7.089030209511375524e-01
0.000000000000000000e+00
0.000000000000000000e+00
7.071110727257612361e-02
6.389094091311177115e-01
7.216855238193817801e-01
0.000000000000000000e+00
0.000000000000000000e+00
6.565653383674319166e-01
7.884695556182250709e-01
2.502562941822832343e+00
1.637294152269274994e+00
1.603673482188655575e+00
8.593517167877718910e-01
0.000000000000000000e+00
1.261688303591335547e+00
7.279941060411770047e-03
0.000000000000000000e+00
5.976535854953967698e-03
0.000000000000000000e+00
0.000000000000000000e+00
0.000000000000000000e+00
0.000000000000000000e+00
0.000000000000000000e+00
0.000000000000000000e+00
2.036729028138800027e-03
1.762068204314216180e+00
0.000000000000000000e+00
0.000000000000000000e+00
0.000000000000000000e+00
2.054501201802260146e-01
1.219117727817451868e+00
0.000000000000000000e+00
0.000000000000000000e+00
8.477406541155517450e-02
0.000000000000000000e+00
1.902989816473360962e+00
0.000000000000000000e+00
3.341416008645921032e-01
0.000000000000000000e+00
0.000000000000000000e+00
1.365143886583796221e-02
0.000000000000000000e+00
1.457550576257409469e+00
1.260499285578151607e+00
0.000000000000000000e+00
6.534128826019947045e-01
0.000000000000000000e+00
1.264749505617754011e+00
0.000000000000000000e+00
5.496858269271949204e-01
0.000000000000000000e+00
