# Ensemble C, m = 50.0, c_n/c_p = 0.832258064516, f = -0.972608695652
# lambda = [  5.33207671e-09  -4.31611045e-09   0.00000000e+00   1.03152850e-09]
#  
8.611950317707428582e-02
1.234306059911213449e+00
1.646546706571677454e+00
1.305062781259942462e-01
0.000000000000000000e+00
0.000000000000000000e+00
0.000000000000000000e+00
1.657684456804129569e+00
9.151125199702344615e-01
0.000000000000000000e+00
1.641745324657060801e+00
1.750042190410135090e+00
1.069789477311968051e+00
0.000000000000000000e+00
0.000000000000000000e+00
4.649155415808654546e-01
0.000000000000000000e+00
0.000000000000000000e+00
1.151568823240919359e+00
1.152932092520359220e+00
1.094163949075181996e+00
6.141202420030591469e-01
8.450910575657482465e-04
0.000000000000000000e+00
5.772654248367198315e-01
1.104832309740840124e+00
1.341278788598470717e+00
0.000000000000000000e+00
0.000000000000000000e+00
2.043367039093476389e+00
1.414800564762495327e-01
0.000000000000000000e+00
0.000000000000000000e+00
1.397843367085549682e+00
2.451336654635137211e-02
1.475868347619249121e+00
0.000000000000000000e+00
0.000000000000000000e+00
1.700802845780328809e+00
2.850718027960238987e-02
1.162343410496793572e+00
2.471146941697705268e-01
1.756823885301747323e-01
6.119775890920401418e-01
2.013682740885502920e+00
0.000000000000000000e+00
0.000000000000000000e+00
3.602292559300422359e-01
2.384541939799460775e-01
1.377157389797912135e+00
8.760732963071750090e-01
1.505861320171638429e+00
3.834815855532535973e-03
0.000000000000000000e+00
4.645826693196311585e-01
6.733305604462802574e-01
1.214680457153059834e+00
0.000000000000000000e+00
0.000000000000000000e+00
1.773111350193539826e+00
0.000000000000000000e+00
7.125772203147962003e-01
1.015192343341390746e+00
2.176586013772004335e+00
1.380088889342026670e+00
1.482786389636767455e+00
6.111124446592577364e-01
0.000000000000000000e+00
1.331755561699798657e-03
2.037138421526960563e+00
6.298900602791451808e-01
0.000000000000000000e+00
2.167482536012383498e+00
2.980355106979542423e+00
0.000000000000000000e+00
0.000000000000000000e+00
2.139096069331040684e-01
1.532101315944295106e+00
0.000000000000000000e+00
5.534754440656620700e-01
7.308216818139448012e-01
1.090814168443450471e+00
0.000000000000000000e+00
0.000000000000000000e+00
2.638026228003870433e+00
5.624424900124529170e-02
3.291430396727717533e-01
5.990412775286069191e-01
1.393591098839245479e+00
0.000000000000000000e+00
4.242847397193026393e-01
4.803385136264931021e-01
0.000000000000000000e+00
3.495086371019612836e-01
0.000000000000000000e+00
3.604842220387450835e-01
8.484589698945129710e-01
0.000000000000000000e+00
2.314204624638386498e+00
0.000000000000000000e+00
