# Ensemble C, m = 50.0, lambda = [  4.94362526e-09  -2.80091683e-09   0.00000000e+00   9.76247914e-10]
0.000000000000000000e+00
0.000000000000000000e+00
1.140555850382671786e-02
9.556404152374263772e-01
0.000000000000000000e+00
4.599609707790858759e-01
0.000000000000000000e+00
0.000000000000000000e+00
1.230908228505326329e+00
0.000000000000000000e+00
3.682875515665741672e-01
7.264938914350215216e-01
1.577335100981242244e-01
0.000000000000000000e+00
1.118330216101440344e+00
2.947448701231573098e-01
3.929077813270052677e-01
0.000000000000000000e+00
3.961034369283611967e-01
0.000000000000000000e+00
1.161443962073008374e+00
0.000000000000000000e+00
0.000000000000000000e+00
0.000000000000000000e+00
1.078103784027217626e+00
9.165607968438505004e-02
3.826166161080487016e-01
0.000000000000000000e+00
1.557011741699068974e+00
0.000000000000000000e+00
0.000000000000000000e+00
3.174829689335676997e-01
0.000000000000000000e+00
4.550825606814409841e-01
0.000000000000000000e+00
1.158597732129091895e+00
1.272361196864823796e-01
0.000000000000000000e+00
0.000000000000000000e+00
1.872385230780160281e+00
2.385550110023319181e+00
7.777017152383869369e-01
2.299494819796116252e-01
0.000000000000000000e+00
0.000000000000000000e+00
0.000000000000000000e+00
1.585218570517966441e+00
3.526570528937432170e-01
0.000000000000000000e+00
0.000000000000000000e+00
6.128931562869694566e-02
0.000000000000000000e+00
0.000000000000000000e+00
2.193787159510017126e+00
6.431801122155814676e-01
0.000000000000000000e+00
4.761457824019374452e-01
0.000000000000000000e+00
0.000000000000000000e+00
3.869608579755312028e-01
6.899751863409961557e-03
2.379580487930229304e-01
2.468231406174252185e-01
1.115985797812567792e+00
0.000000000000000000e+00
0.000000000000000000e+00
5.096819763377447021e-01
6.099784931927499931e-01
1.392681409312601204e+00
1.086018063310334236e+00
0.000000000000000000e+00
4.764528302606304416e-02
2.361896315439285576e+00
1.278433757591840525e+00
3.904883366655179100e-02
2.194349228448712719e+00
1.795218251530036196e-02
0.000000000000000000e+00
0.000000000000000000e+00
5.009236019874671042e-01
0.000000000000000000e+00
0.000000000000000000e+00
1.207014473202669080e+00
0.000000000000000000e+00
1.421926129542065764e+00
4.379341124502171279e-01
6.369039959244068294e-01
1.652090062782254787e+00
1.560052879653381241e+00
3.540559931829656004e-01
0.000000000000000000e+00
0.000000000000000000e+00
6.669887800746534534e-01
1.508310955101602957e+00
1.227032388140405078e-01
0.000000000000000000e+00
0.000000000000000000e+00
0.000000000000000000e+00
1.552530711276572717e+00
1.320931753837142120e+00
