# Ensemble C, m = 50.0, c_n/c_p = 0.741935483871, f = -0.971304347826
# lambda = [  6.65735120e-09  -4.79758793e-09   0.00000000e+00   1.17476906e-09]
#  
1.447479011796012571e+00
1.725365967718591742e+00
9.089275146253258386e-01
4.054666180518503582e-01
2.305062831921561806e+00
1.379154084818124737e+00
2.143342327117657153e-01
3.801357994213236946e-01
0.000000000000000000e+00
1.588979561134739260e+00
1.678480334866718549e+00
1.952667977375294850e+00
2.622419301908574418e+00
0.000000000000000000e+00
2.031910451074864232e-01
1.312062784100804569e+00
1.043247852264363340e+00
9.949822466727996639e-01
4.442167560296609446e-02
4.571191553365642202e-01
2.144405027136080388e+00
0.000000000000000000e+00
2.128929342060720264e-01
1.576833380836528686e-01
1.801188685255811217e+00
1.835714779448275769e+00
0.000000000000000000e+00
2.483324920822598258e+00
6.810886713755541777e-01
0.000000000000000000e+00
0.000000000000000000e+00
2.055033914838486631e+00
2.439595929039335864e+00
4.618642508872324026e-02
1.491677156088541678e-01
0.000000000000000000e+00
3.079881286997867118e+00
2.434062479336204454e+00
2.653185790262591937e+00
4.357347849490050828e-02
1.585774980122692579e+00
0.000000000000000000e+00
0.000000000000000000e+00
4.794113023985750455e-01
4.762937924625675334e-01
8.888490206881197696e-04
3.241917655558923528e-01
1.636523728407220712e+00
1.120029488047188604e+00
4.083442616715500240e-01
1.909041269533685359e+00
1.681175914755913547e+00
1.667364956096294842e-02
0.000000000000000000e+00
9.863097899484477571e-01
0.000000000000000000e+00
0.000000000000000000e+00
0.000000000000000000e+00
9.077550218019696526e-01
1.335944673908151969e+00
1.762786827556205971e+00
2.137714292668552396e+00
1.349063593028868802e+00
0.000000000000000000e+00
2.804264979259782020e+00
1.067534267005513904e+00
5.815824827159559174e-01
4.803626196893304862e-02
0.000000000000000000e+00
1.479286814827996066e+00
1.357998493632859738e+00
1.229595088636537437e+00
1.715740397255016703e+00
1.533764380906143865e+00
8.905534089603677206e-01
2.262661441000279883e+00
2.714841626937468444e+00
1.607525110078960928e+00
1.748861655557049755e+00
2.421434335056592779e+00
0.000000000000000000e+00
7.427252013739659153e-01
2.117897277032130265e+00
1.804987797144661066e+00
0.000000000000000000e+00
8.328128080244879827e-01
1.406523599387104584e+00
2.510581092608667575e+00
2.008067289083410145e+00
1.667912546013833541e+00
1.549336337488592119e-01
9.750872902621838811e-01
4.779365436183453109e-01
2.489006776052374637e+00
9.360475513805590619e-01
1.882810576557052418e+00
1.163571372440264096e+00
1.020011429815286530e-01
0.000000000000000000e+00
2.370512384867053068e+00
