# Ensemble C, m = 50.0, c_n/c_p = 0.664516129032, f = -0.972608695652
# lambda = [  7.20789227e-09  -4.65856288e-09   0.00000000e+00   1.11337289e-09]
#  
3.145967889733461420e-01
0.000000000000000000e+00
1.944500206449630841e+00
0.000000000000000000e+00
6.490012852682771616e-01
0.000000000000000000e+00
0.000000000000000000e+00
1.131544110518010404e+00
5.899956132989615520e-01
2.491238813828604570e+00
1.605773798039849209e+00
5.258940682534929412e-01
1.247845140038450040e+00
1.118008593043636978e+00
1.790274021181903930e+00
0.000000000000000000e+00
2.806097127997593810e-01
2.835627010200345133e+00
1.807229888537573714e+00
9.871733817963306290e-01
1.107600959810054686e+00
0.000000000000000000e+00
3.400719974538609636e-01
1.706816433768513219e+00
1.033182371716915515e+00
2.159801429452120336e-01
5.497708837787864677e-01
1.285652352428623857e+00
5.992075574858887199e-01
8.335052420176245272e-03
5.891158259427476951e-01
0.000000000000000000e+00
0.000000000000000000e+00
8.417885210296268683e-01
0.000000000000000000e+00
0.000000000000000000e+00
9.988123551531875519e-03
4.965388381799722972e-01
1.146894341817818352e+00
0.000000000000000000e+00
7.183806873101026280e-01
0.000000000000000000e+00
1.888825163598743417e+00
1.100096695769540611e+00
0.000000000000000000e+00
7.433527026644608515e-01
5.541818227366732685e-01
5.541818227366732685e-01
1.479584382857450420e+00
6.884391355941441581e-01
5.850821331855008411e-01
1.840735893082953600e+00
1.140848300913607088e-01
8.111779330549599987e-01
1.943974486600446916e+00
2.032854961243742764e+00
0.000000000000000000e+00
1.584445741245569916e+00
0.000000000000000000e+00
0.000000000000000000e+00
1.149169325112939788e+00
1.604169103465292956e+00
2.311941678612410844e-01
2.073189453369340463e+00
2.223068146554381563e+00
1.859888072736198605e+00
0.000000000000000000e+00
1.111264591791849332e+00
3.582382267750993110e-01
3.711948621711185642e-02
5.607934126828142407e-01
1.173686459070760968e+00
0.000000000000000000e+00
8.591324127741295502e-01
7.284877145604776727e-01
1.334573705542974498e+00
8.367317149346825689e-01
1.821439490698902652e+00
0.000000000000000000e+00
1.156404456287805527e+00
7.015167734788295695e-01
3.605394824420001254e-01
3.116143901596145072e-01
0.000000000000000000e+00
1.399269828331855647e+00
9.777730684299870134e-01
8.834735510687636087e-03
4.980998295822810507e-01
0.000000000000000000e+00
2.270655340321149129e+00
1.243515191141657983e+00
1.001358467828565579e-01
1.002733587782577596e+00
2.385421324553693267e+00
2.217954211625310812e+00
5.840288469934128840e-02
1.558433780390394929e+00
3.636157248212861237e-01
1.940215634255613386e+00
2.502684603189852530e-01
