# Ensemble C, m = 50.0, c_n/c_p = 0.664516129032, f = -0.944285714286
# lambda = [  5.11987428e-09  -3.21268572e-09   0.00000000e+00   1.11976825e-09]
#  
0.000000000000000000e+00
6.046819671359942028e-01
0.000000000000000000e+00
1.510407676430021828e+00
1.234994664775223683e+00
1.300908867576378025e-01
0.000000000000000000e+00
8.899879310454057724e-02
0.000000000000000000e+00
0.000000000000000000e+00
2.371846381996844111e-01
8.312638700491544741e-01
3.412642936026463736e-01
2.492261594239438272e-01
0.000000000000000000e+00
3.455777369182964631e-01
1.024958434700931287e+00
0.000000000000000000e+00
8.948258624634945757e-02
2.397776968562002509e+00
3.086374906616207725e-01
3.963238461417017411e-01
0.000000000000000000e+00
1.745861602378464272e-01
8.077782468305689731e-03
1.382561418555625643e+00
9.169868685515850659e-01
7.762703390657285096e-01
6.163503990432046553e-01
3.150257469534415433e-01
0.000000000000000000e+00
9.534143374085529699e-01
0.000000000000000000e+00
5.278713411998368077e-01
2.375585216635361263e+00
1.401927918332203982e+00
3.192583482314289567e-01
5.516264593685430428e-01
3.983817612661357810e-01
3.225238877141168636e+00
0.000000000000000000e+00
1.056080526646492324e+00
0.000000000000000000e+00
0.000000000000000000e+00
0.000000000000000000e+00
0.000000000000000000e+00
1.413745489372739139e-01
8.199177788231279407e-02
0.000000000000000000e+00
1.400664217321494931e+00
7.364997440845094667e-01
1.098132394968975412e+00
4.017611356994708061e-01
7.929282789503410145e-01
0.000000000000000000e+00
2.634302155654706934e-01
0.000000000000000000e+00
0.000000000000000000e+00
2.043828840324397045e-01
0.000000000000000000e+00
5.107984043433200227e-01
1.340617147051266000e+00
0.000000000000000000e+00
0.000000000000000000e+00
1.052944994008571333e+00
1.184363819965002396e+00
7.308704191214359103e-01
2.565708045111829705e+00
7.290577120879598860e-01
9.984117757312271912e-01
2.485807556962257525e+00
7.312404147936977239e-01
1.928009017592720920e+00
0.000000000000000000e+00
8.886651306351642798e-01
1.241107141953121218e+00
6.737377680832558058e-01
1.189665541391259213e-01
1.867264773687544732e-01
1.236326013114647182e+00
0.000000000000000000e+00
0.000000000000000000e+00
5.534606117082557786e-01
1.500707284716999546e+00
1.587761502077230380e-01
1.808810220085478376e-03
0.000000000000000000e+00
8.333371283409778396e-01
0.000000000000000000e+00
1.059352521601343966e+00
2.983539474103959588e+00
6.061980209703670130e-01
4.139408841660720088e-03
0.000000000000000000e+00
0.000000000000000000e+00
1.691379677570881701e-01
3.087973128983582671e-01
0.000000000000000000e+00
1.291760644766686728e+00
2.868989586000413983e+00
