# Ensemble C, m = 50.0, c_n/c_p = 0.81935483871, f = -0.97
# lambda = [  5.37107901e-09  -4.26879499e-09   0.00000000e+00   1.06986087e-09]
#  
9.652218230897359197e-01
0.000000000000000000e+00
9.471866809886253513e-01
0.000000000000000000e+00
1.354224690982525292e+00
1.538987987582409733e+00
0.000000000000000000e+00
1.747107843174310338e-01
1.956628577837571381e-01
0.000000000000000000e+00
1.163002198498680251e+00
4.293030795844398825e-03
1.555052325371029109e+00
0.000000000000000000e+00
4.108625811896401969e-01
2.052688584365803814e-01
0.000000000000000000e+00
0.000000000000000000e+00
6.329089841911951231e-01
1.195762675670609454e+00
5.770662225682617885e-01
0.000000000000000000e+00
7.989273200883928450e-01
1.063808718737858788e-01
1.270951060549676548e+00
8.073800299313178552e-01
7.250569470689903762e-01
1.539080367876539679e+00
4.524970942678457897e-01
1.445706947629914474e+00
9.839260691566377171e-01
5.564347827190633256e-01
2.098457643498391256e+00
6.925373221301692195e-02
6.215183706830077481e-01
5.708187820086554343e-01
0.000000000000000000e+00
1.431499839725786982e+00
2.254347005176917218e+00
5.612794913743149663e-03
2.459026180186724975e-01
1.201512941344790031e+00
1.575542232620395500e-01
1.442604378892056172e+00
1.200537888798082431e+00
1.617311839584891331e+00
5.402141769174206853e-01
0.000000000000000000e+00
0.000000000000000000e+00
2.235254731316149886e-03
2.149182383211260816e-01
2.461328683212574919e+00
7.009143051236940147e-01
2.700036495537860293e-01
0.000000000000000000e+00
3.667826990996734815e-01
2.394947407816272467e+00
8.346539098472379736e-01
0.000000000000000000e+00
0.000000000000000000e+00
0.000000000000000000e+00
0.000000000000000000e+00
1.809571822623077739e-02
1.046887319349591783e+00
2.020133288389351467e+00
0.000000000000000000e+00
1.456912587568464756e+00
1.236273357408546492e+00
5.843944828730128771e-01
0.000000000000000000e+00
1.141534808076845042e+00
0.000000000000000000e+00
2.338753736196445665e+00
8.075522814810819350e-01
0.000000000000000000e+00
0.000000000000000000e+00
8.761514378407430081e-01
5.677390279543113177e-02
0.000000000000000000e+00
6.261334735673748098e-01
0.000000000000000000e+00
3.070326408202400312e-02
3.619057699256973248e-03
0.000000000000000000e+00
1.872688014099015863e+00
0.000000000000000000e+00
0.000000000000000000e+00
0.000000000000000000e+00
2.182810368255454769e-01
7.761242839071056387e-01
1.436079974534678304e-02
4.342582153203013856e-03
1.787142283056527003e-01
2.073763430488274103e-03
4.188057511858382931e-01
9.968047470869391136e-01
1.215958321207564419e+00
0.000000000000000000e+00
5.349179707258642225e-01
0.000000000000000000e+00
