# Ensemble C, m = 50.0, lambda = [  1.28971585e-08  -8.19635227e-09   0.00000000e+00   8.22723660e-10]
4.744811694565086446e-01
0.000000000000000000e+00
7.262890714431124994e-01
3.362270018980571540e-01
4.571165461494439697e-01
3.062421870224010245e-01
0.000000000000000000e+00
3.276062612359726400e-01
5.734177833243541134e-01
1.347292415994079562e+00
1.579940258711940881e+00
8.307127276796030246e-01
1.230447002085990338e-01
1.124278818147068648e+00
3.210326448596757531e-01
5.901275313228854236e-02
1.177465304432979476e+00
1.169572272002315394e+00
3.058226870738239844e-01
0.000000000000000000e+00
0.000000000000000000e+00
2.777518101126598360e+00
8.758719172372344541e-01
7.830895052146880086e-02
0.000000000000000000e+00
1.260873489944804415e+00
8.302877898956174674e-01
0.000000000000000000e+00
5.224486969437563966e-01
4.315730626060994557e-01
9.689762791810743181e-01
7.422492359456382971e-01
1.019555587692280163e+00
1.472859316224691961e-01
8.392081721326483112e-01
3.868610639918750871e-01
1.156569121552699642e-01
4.697314006663312336e-01
0.000000000000000000e+00
4.054855929741388310e-01
0.000000000000000000e+00
1.324266780057000492e+00
0.000000000000000000e+00
5.662563437498836783e-02
4.171724183147419440e-01
3.856835690503152003e-01
2.372552452367541753e-01
8.860020029322384083e-01
1.027885537491552537e+00
9.964360992063363287e-02
0.000000000000000000e+00
6.631498320330845297e-01
0.000000000000000000e+00
5.794800644900920394e-01
1.618165888709286182e-01
0.000000000000000000e+00
1.313658139478291575e+00
1.796728499916266653e-01
4.512793774090123611e-01
0.000000000000000000e+00
0.000000000000000000e+00
0.000000000000000000e+00
1.397061486580398082e+00
4.282477877839833691e-01
1.249287965458041549e+00
2.725904338848669228e-01
0.000000000000000000e+00
2.164637835614854122e+00
0.000000000000000000e+00
0.000000000000000000e+00
2.094222807953451060e+00
1.618990085946114599e+00
0.000000000000000000e+00
1.755459699217992497e+00
2.008374478332909607e+00
1.683103169285163903e-01
1.838222045056435050e+00
0.000000000000000000e+00
1.659040710211215908e+00
0.000000000000000000e+00
9.502460528681796470e-01
1.044229070612566979e+00
2.192492209708091222e-01
0.000000000000000000e+00
0.000000000000000000e+00
0.000000000000000000e+00
1.093803590669161885e+00
0.000000000000000000e+00
5.452688419693682009e-01
1.613394333703968453e+00
0.000000000000000000e+00
0.000000000000000000e+00
6.593138695790948800e-01
9.704289072450202891e-01
4.948929535968789595e-01
2.310492285969638349e-02
1.365528068888171020e+00
0.000000000000000000e+00
4.739632897085077068e-01
8.563967198434963013e-01
