# Ensemble C, m = 50.0, lambda = [  6.27369321e-09  -5.04399875e-09   0.00000000e+00   9.90753411e-10]
0.000000000000000000e+00
1.991116454082416887e+00
5.009046205227779720e-03
1.615525020132039247e+00
0.000000000000000000e+00
0.000000000000000000e+00
7.421987409653290069e-01
1.787836220134322751e+00
0.000000000000000000e+00
8.287919002413406400e-01
9.782111120956632488e-01
0.000000000000000000e+00
1.964381784620971017e+00
0.000000000000000000e+00
0.000000000000000000e+00
1.879124406808784897e+00
1.402176418694325966e+00
0.000000000000000000e+00
1.293132959244542413e+00
5.270184373800427258e-01
0.000000000000000000e+00
1.566342894027111576e+00
7.372462908135087867e-01
2.109783327829123145e+00
9.272136913888027188e-01
2.335158783758160134e-02
0.000000000000000000e+00
0.000000000000000000e+00
8.099863222441782556e-03
1.288776015630594518e+00
6.589889704506576296e-01
1.312694964196902347e+00
0.000000000000000000e+00
4.557646847020301872e-01
0.000000000000000000e+00
7.632668400390058006e-01
1.227513438624953768e+00
3.767552918075869339e-01
3.807434232714854150e-01
9.729086126200489071e-01
2.065614103724846107e+00
1.509251073870480298e+00
0.000000000000000000e+00
1.177196536612022948e+00
1.806927118039925562e+00
0.000000000000000000e+00
1.762931624185768431e+00
0.000000000000000000e+00
0.000000000000000000e+00
1.952465305522619099e+00
2.519722034776407771e+00
0.000000000000000000e+00
0.000000000000000000e+00
1.336712297733488874e+00
0.000000000000000000e+00
1.589070361506137008e+00
0.000000000000000000e+00
3.896797075877869113e-03
9.641487747028529842e-01
0.000000000000000000e+00
8.886237702179706766e-01
1.610044672642489960e+00
8.761963467929063665e-01
2.124267503288236048e-01
1.770249873233826987e+00
0.000000000000000000e+00
0.000000000000000000e+00
0.000000000000000000e+00
1.086108168617467618e+00
0.000000000000000000e+00
3.832024592156155207e-01
6.274873327963082295e-03
2.736717498341792454e-01
2.005155002566039624e+00
3.044539701251575137e-01
6.104850121355703818e-01
9.130442398755487243e-01
2.226124043974953892e+00
1.434545215861953382e+00
0.000000000000000000e+00
0.000000000000000000e+00
0.000000000000000000e+00
1.091277963039160692e+00
1.164222273210995695e+00
0.000000000000000000e+00
8.037495431267701607e-01
1.844756535735414094e+00
3.518385217766110129e-01
1.899523716763921621e+00
1.788703453951823175e+00
0.000000000000000000e+00
3.831846882425879453e-01
1.485670416739690802e+00
1.408070220320825294e+00
5.587769479194221872e-03
0.000000000000000000e+00
1.741124049629521719e+00
2.099930438971389091e+00
1.365490305285528505e+00
1.353127806868299698e+00
