# Ensemble A, m = 300.0, lambda = [  6.79875148e-09  -6.26247254e-09   0.00000000e+00   1.53498657e-09]
2.375628876276524859e-01
1.177526990899375292e+00
5.538684506893805093e-01
1.937108568727517799e+00
6.673960274029250295e-01
1.217606503828740028e+00
5.380319804497617486e-01
0.000000000000000000e+00
1.078451636359918808e+00
1.922732595558081403e+00
2.842611146287410850e+00
1.619033297239125480e+00
2.332736959127564624e+00
4.631330442278967507e-01
1.437419405279001694e+00
1.133770400502457587e+00
5.112566434326036857e-01
2.515596835471054948e+00
1.817510927812734822e+00
2.483495209072639209e+00
2.013955759869999473e-01
0.000000000000000000e+00
0.000000000000000000e+00
1.522991513261416241e+00
1.120894527552810604e+00
2.047925841837594962e+00
2.327254325358483478e-01
8.113066959590493621e-01
8.714504228734585300e-01
5.221373592127449559e-01
0.000000000000000000e+00
1.415105328247920902e+00
1.796930018765589221e+00
5.893258465707893606e-02
1.164428855699230159e+00
3.063565194122003899e+00
0.000000000000000000e+00
0.000000000000000000e+00
2.639077037638603240e+00
1.498949685813348032e-01
1.643716472492596559e+00
1.943489224106817792e+00
2.403984978212938106e+00
2.158380470172606813e+00
1.587528601318328736e+00
9.882999932132339183e-01
5.584521869179949194e-01
0.000000000000000000e+00
1.915379521977610480e-02
0.000000000000000000e+00
0.000000000000000000e+00
9.741606366794403060e-01
5.801437494454008137e-01
0.000000000000000000e+00
1.519186684359667527e+00
5.101138338743257394e-01
2.984550119063338891e-01
2.695644540892777608e-01
3.498555149280630494e-01
1.284832885512890988e+00
1.619254164938779272e+00
6.696028310562844865e-01
1.675918494218378463e+00
9.243225728942846553e-01
5.368817766142376380e-01
8.458336971518610747e-01
0.000000000000000000e+00
1.783168000964062028e+00
0.000000000000000000e+00
0.000000000000000000e+00
4.901442901774100136e-01
9.791042564727611142e-01
7.853749032851171652e-01
5.786083635708242148e-03
2.517743855164290778e+00
0.000000000000000000e+00
2.199954032407096083e+00
0.000000000000000000e+00
5.051262667798579464e-01
1.312118430091279375e+00
1.669434477285265395e+00
6.266719682737201813e-01
3.250113482597558057e-01
2.987091914333983023e-01
3.697690740453863367e-01
8.000184922996682602e-01
0.000000000000000000e+00
3.320487351038265561e-02
2.984550119063338891e-01
1.605572497863128056e-01
0.000000000000000000e+00
5.423544925372598691e-01
7.753627124607187504e-01
3.310570359860344758e-01
1.580482867077300124e+00
7.924005094592627696e-01
2.434644788262186221e+00
6.409805911770309894e-01
0.000000000000000000e+00
0.000000000000000000e+00
