# Ensemble A, m = 300.0, c_n/c_p = 0.987096774194, f = -0.94
# lambda = [  5.27815136e-09  -4.89744341e-09   0.00000000e+00   1.77753460e-09]
#  
5.390299207039667140e-01
0.000000000000000000e+00
1.498195675394506376e-01
0.000000000000000000e+00
1.751533593674810652e+00
5.834417777924632009e-01
4.241024895760547309e-01
8.089518269627439251e-01
9.439168074003324582e-01
0.000000000000000000e+00
0.000000000000000000e+00
1.305679517297769210e-01
0.000000000000000000e+00
1.504483585670042700e+00
0.000000000000000000e+00
1.112165866435615852e-01
6.890863167540121070e-01
9.198429594946554155e-02
2.778307723347219205e-01
1.880871909049470769e+00
2.314305472574626765e-01
1.842357456323856779e-01
9.230084754764000810e-01
7.815239288424690178e-01
1.980640545450061962e+00
0.000000000000000000e+00
0.000000000000000000e+00
2.088799991350010377e+00
0.000000000000000000e+00
9.496884612222128430e-01
2.254955913469088635e+00
1.337992062851468322e+00
0.000000000000000000e+00
2.842974932072758421e+00
3.192201243146545742e-01
5.295144627869365905e-01
0.000000000000000000e+00
0.000000000000000000e+00
1.728091771338337246e+00
1.491806148615785421e+00
3.132444582336996852e+00
2.271932764093377521e+00
8.995442618617024433e-01
2.185751014748645193e+00
0.000000000000000000e+00
3.026038511449048903e-03
0.000000000000000000e+00
0.000000000000000000e+00
0.000000000000000000e+00
0.000000000000000000e+00
1.562784140973153546e+00
4.443838339643280122e-02
9.375248172140068226e-01
0.000000000000000000e+00
1.557143883017819253e+00
0.000000000000000000e+00
4.598655215425194176e-01
0.000000000000000000e+00
1.651490702289395429e-01
1.839262789750660376e+00
1.085155535326423504e+00
7.697521742137704015e-01
2.540023650553459689e+00
1.452915557490120246e+00
1.355676265128888502e+00
0.000000000000000000e+00
1.653288078571259548e-02
8.600218970714693656e-01
4.892298601420090876e-01
0.000000000000000000e+00
1.734466291092670254e+00
1.241623554143317154e+00
2.140143709178259357e+00
1.225517175373794121e+00
2.183833499100948483e+00
1.553351351580047890e+00
0.000000000000000000e+00
1.863285412491811233e+00
6.645694089403908489e-01
2.311235984587519388e-01
1.762227556854481236e-01
1.656270824479076087e-01
1.466085317565070545e+00
1.207556530597804906e-01
1.126188406925943131e+00
2.550679618235135226e+00
1.087878527072552171e+00
0.000000000000000000e+00
1.228158659839057032e+00
1.446063909432343753e+00
1.338718011626155668e+00
1.344931988079718643e-01
0.000000000000000000e+00
1.861041488944828570e+00
8.429291938502805337e-01
1.659065054794180538e+00
1.565615465692556496e+00
0.000000000000000000e+00
0.000000000000000000e+00
0.000000000000000000e+00
