# Ensemble A, m = 300.0, lambda = [  1.01925223e-08  -8.93004686e-09   0.00000000e+00   1.18915224e-09]
1.081035410718363732e+00
1.343500862888511671e+00
2.673665084762561150e+00
0.000000000000000000e+00
3.896878769168804713e+00
3.501631649001915592e-01
3.168068170134270112e+00
1.724364480401568089e+00
3.418907336567142075e+00
1.890387580058553896e+00
2.495541951253836377e+00
3.371982047639956015e+00
3.154079457811566733e+00
1.540278684535726139e+00
1.709341345931346900e+00
1.906461635373224883e+00
2.945906972160389881e+00
3.250653550815788773e+00
1.716399505849177665e+00
2.414009067139495812e+00
3.805229329113751557e+00
2.642976302031272873e+00
1.585148184150254824e+00
2.416831207940541404e+00
1.486858871157291428e+00
3.533468128752206283e+00
1.478030569154460849e+00
2.883953997819094894e+00
2.908296901628065090e+00
2.967812429578276845e+00
3.821360181253067978e+00
3.154354996670814870e+00
3.993075206875536409e+00
3.119320058089382286e+00
3.435519437556643574e+00
2.641707237300592315e+00
2.218258277378961196e+00
3.191513483416557939e+00
3.082834326293424354e+00
2.259603934978335005e+00
0.000000000000000000e+00
3.764997613952015154e+00
2.655575900405016121e+00
3.402162352631848297e+00
2.696625250749641101e+00
2.795560584667279969e+00
1.241465799410292004e+00
3.905152535415808757e+00
3.364212532312804704e+00
3.331344447614019710e+00
2.738556723889205902e+00
2.242121803128182211e+00
2.611502434562289032e+00
9.651957915718823999e-01
1.892175333055563069e+00
4.927333542380449849e+00
2.275139879044875357e+00
1.600567189580670346e+00
2.499393383410692504e+00
2.840808532144772247e+00
4.065847193043313546e+00
4.083620912281535453e+00
2.752924753054776019e+00
3.222690688722916974e+00
2.322473718694451073e+00
2.848366155219403506e+00
1.229804227972149278e+00
4.938366751654842624e+00
2.699624588625817889e+00
1.122356889437214233e+00
2.775905677776334901e+00
1.722502820949074920e+00
1.510263652840474258e+00
0.000000000000000000e+00
2.751840659894449370e+00
4.261462019504470788e+00
1.739235071233586893e+00
3.547292401779785553e+00
2.828895584074761604e+00
2.694353149079635745e+00
2.352251995900199510e+00
2.134606424821789528e+00
3.310886446798205540e+00
2.710087240973752198e+00
3.190188214068239603e+00
2.874108663982157807e+00
1.329044281492431034e+00
3.018759420505963131e+00
2.987101638329613618e+00
4.283219185832760623e+00
6.885054887469802543e-01
1.052629893813844086e+00
3.774924334393962244e+00
2.048034100580451877e+00
3.977450270532734145e+00
1.978144239514950886e+00
2.672823791576816710e+00
3.431277521709097833e+00
0.000000000000000000e+00
1.648182694473646182e+00
