# Ensemble A, m = 300.0, lambda = [  7.52359455e-09  -6.89743733e-09   0.00000000e+00   1.40058439e-09]
5.221231725704933435e-01
0.000000000000000000e+00
1.745729120394737155e+00
2.550149315171203579e+00
1.192880714922993010e-02
0.000000000000000000e+00
2.607031717181687469e+00
1.795322507194666128e+00
1.875254711480211389e+00
1.974721104589144627e+00
1.161670277206869328e-02
2.476585134352183637e+00
5.411775957041359275e-01
1.179519200357098008e+00
0.000000000000000000e+00
1.306620149145826026e+00
3.176832984939927940e+00
2.604433622361471024e+00
1.627381237481153597e+00
0.000000000000000000e+00
1.579673297642061047e-01
0.000000000000000000e+00
3.027535729829556321e-01
2.233662161435584714e+00
8.531763628476952688e-01
2.536775049029069140e-01
1.535724840991779860e+00
3.895902086891383509e-01
1.568688932669925151e+00
7.794178156680122704e-01
0.000000000000000000e+00
0.000000000000000000e+00
2.953398205526275966e+00
0.000000000000000000e+00
0.000000000000000000e+00
2.405554465076809478e+00
1.683906043305798406e-01
4.236456588133393764e-01
0.000000000000000000e+00
3.426607092844647262e+00
3.007717455964086462e+00
4.393854800871132560e-01
1.221662855614561227e+00
0.000000000000000000e+00
2.040553409922300609e+00
1.295031712319670181e+00
2.409855435989436412e+00
7.387882199717096254e-01
4.917771233300092804e-01
1.947619899423401524e+00
0.000000000000000000e+00
5.925591483026593220e-01
2.847079111457962997e-01
1.151925115982818992e+00
1.614261538143168195e+00
9.994875703709239501e-01
3.675637570523788700e+00
3.130224139687622031e+00
1.067270833487200754e+00
1.106990924463789217e+00
1.413558994857600615e+00
1.910126602157775189e+00
2.021279271937562516e+00
1.810373724428339770e+00
2.808315827810701659e+00
1.321756146859720538e+00
1.523855332114306016e+00
7.732158620776450331e-01
1.600076160870248732e+00
1.759533528158454985e+00
8.623145893056329836e-01
0.000000000000000000e+00
0.000000000000000000e+00
3.096992342795782394e-01
0.000000000000000000e+00
3.997341194324879776e+00
2.426924650716167253e+00
6.029805450673372813e-02
2.129931703830018286e+00
3.854583754374641291e+00
2.988246509291798136e-01
1.200134253779153060e+00
1.378134372305317878e+00
2.511019444718668447e-01
3.357866285637262638e-01
0.000000000000000000e+00
2.094538019005719232e+00
2.277216167431875160e+00
4.354669688900102642e+00
1.637185616459590598e+00
0.000000000000000000e+00
1.312003016526838817e+00
1.454862007599816875e+00
3.002322809391067882e+00
0.000000000000000000e+00
3.449502592313895000e-01
2.775432783469734321e+00
2.458469155323807165e+00
7.174429022580058879e-01
1.407048695628001944e+00
