# Ensemble A, m = 300.0, c_n/c_p = 0.690322580645, f = -0.979130434783
# lambda = [  1.50264070e-08  -1.01565866e-08   0.00000000e+00   2.10814819e-09]
#  
1.258551895073027005e+00
2.508772985128026045e-01
1.002620635587862408e+00
2.410187561960430269e+00
1.391809664880984565e+00
3.372184561450676021e+00
5.771266714475101756e-01
3.881744256413928174e-01
2.129198009750917997e+00
9.873869612167449628e-01
2.574193862966213331e+00
1.273841343037873441e+00
1.687251079603542925e+00
2.404769269735242521e+00
2.068894198749080093e+00
1.128527281688031403e+00
1.842806711002950459e+00
1.038043503550607927e+00
1.965708068330832337e+00
8.354236864698932896e-01
8.764466042110050648e-01
3.319146324152548733e+00
2.347815780276216291e+00
9.498911776374882043e-01
2.726084280807911320e+00
1.138088467483565402e+00
5.653840038672271889e-02
2.801461817055284964e+00
0.000000000000000000e+00
1.781339845331237459e+00
1.293441247488248125e-01
2.425315517729104364e+00
3.490076553456711750e+00
2.080288897747257337e+00
1.590607306870716275e+00
5.141008217233308253e-01
2.900620763877709507e+00
1.345571344789243430e-02
1.025336964408024798e+00
1.006443491537994728e+00
2.440516071091338723e+00
1.116003233208484158e+00
2.074637373548781749e+00
2.404507709693812334e+00
2.218390771404545880e+00
2.345056600576143513e+00
2.414934551327220014e+00
9.262823898848955295e-01
3.349427898597041597e+00
6.817265257103103382e-01
9.696827066631162895e-01
0.000000000000000000e+00
1.529710875244803425e+00
1.134235215377181083e+00
2.535136937593898132e+00
1.748225676099969483e+00
2.932568358861315616e+00
1.556758782774199990e+00
2.613130317167092542e+00
1.468796556939586218e+00
2.991339060923772664e+00
1.279069117876372452e+00
3.482852567918678144e+00
1.783615388581485384e+00
2.961378000242047115e+00
1.361883665305136937e+00
0.000000000000000000e+00
2.690405041699450273e+00
2.995115639785401296e+00
1.376303858283523418e+00
1.199435359763160625e+00
1.858875433530527310e+00
4.313382878816710009e-01
6.264553379681565559e-01
1.960000193261980161e+00
1.295215223824266459e+00
1.990717918544979703e+00
1.563031961585150231e+00
2.467644621741420963e+00
1.810808974601452626e+00
1.216341788600663776e+00
2.027233403049527816e+00
2.146776865908419207e+00
4.117728450573134857e+00
1.725719776791062809e+00
2.478559081457260227e+00
2.433192493044731286e+00
3.643656024277088790e+00
1.441064379793292272e+00
2.514900779004242359e+00
0.000000000000000000e+00
1.858009664659684868e+00
9.145967148471849384e-02
1.792927054946154675e+00
1.658040804897691567e+00
9.678512040131721506e-01
0.000000000000000000e+00
3.167877917188353543e+00
1.113560389727014321e+00
9.868853530515637740e-01
