# Ensemble A, m = 300.0, lambda = [  1.27791185e-08  -1.07329137e-08   0.00000000e+00   1.20563502e-09]
2.388798709300393064e+00
4.632860784852755209e+00
1.880664025071789647e+00
5.157187675330733079e+00
4.325062778140581266e+00
4.038630202906905886e+00
3.989057029750977090e+00
3.062498550137750186e+00
5.104871392123467189e+00
3.765566271266387766e+00
1.545922357733627184e+00
4.182582218950053665e+00
3.154697986003384358e+00
4.220556018841917556e+00
4.196866199606382075e+00
2.324873287001650191e+00
5.706066026104320343e+00
5.013929755211360195e+00
1.950261944105388112e+00
3.460389574334679530e+00
1.949204104459099085e+00
4.317062505907573566e+00
1.695003873458283739e+00
3.966106368668341986e+00
4.658143931820697858e+00
3.487188732793221835e+00
4.809623374766032633e+00
3.295358273963925111e+00
4.047685910399200004e+00
2.863262017860685127e+00
3.625670878985280510e+00
1.480820001382608497e+00
3.997520260036075967e+00
4.871435948605845390e+00
1.124862002891973356e+00
5.031099659909780364e+00
3.371756426115288807e+00
3.241198363335879407e+00
3.560194930757524467e+00
2.453387599181640510e+00
5.634774443487100548e+00
3.927536559270387251e+00
3.491662271728245059e+00
2.306326088586700074e+00
2.453675511706531864e+00
2.258796621820922113e+00
3.807485239225111062e+00
3.000509153010814334e+00
4.052309961180578846e+00
3.367290471904864635e+00
4.902543385244585217e+00
4.548396499302562290e+00
3.655779797404719034e+00
3.424754943847496680e+00
2.943304885758012190e+00
3.162124395919821307e+00
5.033472170895809228e+00
1.449701094887845043e+00
4.945792152011772025e+00
3.799544526825109347e+00
4.739679729924806573e+00
4.302389096981896977e+00
5.340574315969075947e+00
3.900762977378956720e+00
3.434892282395212160e+00
4.805448028973251517e+00
4.013334352582393905e+00
2.660391622647565235e+00
3.422804224758931202e+00
5.451543090008145853e+00
4.047720680628057011e+00
4.649906645762046153e+00
2.743780977477343619e+00
3.895275147715501873e+00
2.815272760137177865e+00
4.177410034834460717e+00
5.208219034033913175e+00
4.680910293851103354e+00
2.994463922852625970e+00
3.228815296441837290e+00
4.150898425660915159e+00
2.465003467056397390e+00
2.322473718694426204e+00
3.860051073483899309e+00
4.965600087650771322e+00
3.206581085497584027e+00
2.299530696440153843e+00
4.640693245547113932e+00
2.260260350570926224e+00
4.693971808039785643e+00
3.986295913195216922e+00
3.855882465861405706e+00
3.721161217180402936e+00
2.912694197588759693e+00
4.656137713110422460e+00
2.414896711396028905e+00
4.417031315426079630e+00
4.430017548302677355e+00
5.063117221978297167e+00
5.078751193081670223e+00
