# Ensemble A, m = 300.0, lambda = [  8.04208798e-09  -7.71145439e-09   0.00000000e+00   5.46307029e-10]
0.000000000000000000e+00
0.000000000000000000e+00
0.000000000000000000e+00
0.000000000000000000e+00
2.326581622730009791e+00
1.636062441971950943e+00
0.000000000000000000e+00
0.000000000000000000e+00
1.608659320279453242e+00
0.000000000000000000e+00
0.000000000000000000e+00
0.000000000000000000e+00
1.852380232147042394e+00
0.000000000000000000e+00
0.000000000000000000e+00
2.328994640357455737e+00
2.201819335033511127e+00
0.000000000000000000e+00
0.000000000000000000e+00
0.000000000000000000e+00
0.000000000000000000e+00
0.000000000000000000e+00
1.731485698811787710e+00
3.051490148553865356e-01
0.000000000000000000e+00
0.000000000000000000e+00
0.000000000000000000e+00
9.168220317554393040e-01
2.630239393398008385e+00
0.000000000000000000e+00
0.000000000000000000e+00
1.361530117126032113e+00
1.167671728038542113e-02
1.579169149846277209e+00
0.000000000000000000e+00
0.000000000000000000e+00
0.000000000000000000e+00
0.000000000000000000e+00
7.499849352207663689e-01
0.000000000000000000e+00
0.000000000000000000e+00
1.712282997053015565e+00
1.930099542053946626e+00
0.000000000000000000e+00
0.000000000000000000e+00
0.000000000000000000e+00
2.140243262639983879e+00
0.000000000000000000e+00
1.027547521146555232e+00
0.000000000000000000e+00
0.000000000000000000e+00
0.000000000000000000e+00
1.623238703796931137e+00
0.000000000000000000e+00
1.571241243161059620e+00
1.647321596378271913e+00
1.662195772325573806e+00
0.000000000000000000e+00
0.000000000000000000e+00
0.000000000000000000e+00
0.000000000000000000e+00
0.000000000000000000e+00
1.521703518170726133e-01
2.279144394279521535e+00
0.000000000000000000e+00
1.480367961026064494e+00
0.000000000000000000e+00
0.000000000000000000e+00
0.000000000000000000e+00
0.000000000000000000e+00
1.114367813946069763e+00
1.444695487358792718e+00
0.000000000000000000e+00
1.356038461435383341e-02
0.000000000000000000e+00
0.000000000000000000e+00
0.000000000000000000e+00
0.000000000000000000e+00
1.857975360892507366e+00
0.000000000000000000e+00
1.405551094815263191e+00
0.000000000000000000e+00
1.397900231376388858e+00
0.000000000000000000e+00
1.239426823248451770e-02
0.000000000000000000e+00
0.000000000000000000e+00
1.456357260609760118e+00
0.000000000000000000e+00
0.000000000000000000e+00
1.215967935915873044e+00
0.000000000000000000e+00
0.000000000000000000e+00
1.462676644046915664e+00
0.000000000000000000e+00
0.000000000000000000e+00
0.000000000000000000e+00
0.000000000000000000e+00
1.935770284917446737e+00
0.000000000000000000e+00
