# Ensemble A, m = 300.0, c_n/c_p = 0.612903225806, f = -0.979130434783
# lambda = [  1.33496337e-08  -8.01127810e-09   0.00000000e+00   1.66285801e-09]
#  
0.000000000000000000e+00
0.000000000000000000e+00
7.094405062508967186e-01
5.546606472345565475e-01
1.090555371376899618e+00
0.000000000000000000e+00
7.510795362025084465e-01
0.000000000000000000e+00
1.047680699937792337e+00
8.636418708293478463e-01
0.000000000000000000e+00
1.372404825355285851e+00
0.000000000000000000e+00
3.724252153015840394e-02
1.267399344010924800e+00
1.013526998026922588e+00
0.000000000000000000e+00
3.753238337716804374e-01
4.860326331591972582e-01
5.078019032295417734e-01
4.897951908528440645e-01
1.451793525470283619e+00
1.266734886443401820e+00
1.171183604810471124e+00
0.000000000000000000e+00
0.000000000000000000e+00
1.070722736920628915e+00
0.000000000000000000e+00
1.902130117952518518e+00
7.031453957410079836e-01
1.175920843935118310e+00
1.292844567713851145e+00
1.344869529534373997e+00
2.112687809984963305e+00
3.888200061161831700e-01
4.976111690103205420e-01
0.000000000000000000e+00
1.032117998666722603e+00
0.000000000000000000e+00
3.108577036329575605e-01
1.220222944349720479e-01
1.312939332799374983e-02
0.000000000000000000e+00
4.751004876153365752e-01
1.344620919435692841e+00
9.727455868265679761e-01
6.334326749382860333e-01
6.536626203024136217e-01
0.000000000000000000e+00
1.473657543702306283e+00
1.066163488149515448e+00
1.537180564094043911e-01
2.814039518181895794e+00
8.210197918407481366e-01
1.860763174351158344e+00
1.880679210728881667e-01
2.949276195999952499e+00
8.827993821828683529e-01
2.062631894398830601e-01
9.116957740738771410e-01
7.853528749013510835e-01
1.913045948834758203e+00
0.000000000000000000e+00
5.107588365410699049e-01
1.261054437719125176e-01
3.088666406365507378e+00
1.463858829957590535e+00
7.288500227539499443e-01
0.000000000000000000e+00
0.000000000000000000e+00
7.202276942553357264e-01
1.027753463060424810e+00
2.631256420894561576e-01
1.991889428911707838e-01
1.131963280204826283e+00
5.501783450399050368e-01
0.000000000000000000e+00
0.000000000000000000e+00
2.428559811886983777e+00
9.253201961600383552e-01
1.224334100773600831e+00
2.298704362460655126e+00
9.919811009620915776e-01
9.065237257094983514e-01
9.045082744906466354e-01
8.179534562562453814e-01
1.144723688103839176e+00
6.590520802802440903e-01
2.569799758996136885e-01
1.227452838490214804e+00
6.047655042557499305e-01
1.079434546595608557e+00
6.724259123718754338e-01
5.555122870499195065e-01
0.000000000000000000e+00
2.316034852236815045e+00
2.248145156612767030e-03
0.000000000000000000e+00
1.151927637607209065e-01
0.000000000000000000e+00
