# Ensemble A, m = 300.0, c_n/c_p = 0.677419354839, f = -0.988260869565
# lambda = [  1.97858683e-08  -1.32459867e-08   0.00000000e+00   2.04770486e-09]
#  
1.739967232910145212e+00
2.483783766418252270e+00
2.347864220144389336e+00
4.705884030370010684e+00
2.598489768945628775e+00
1.795230849364037429e+00
9.711755125593992677e-01
3.506882049734385109e+00
1.813774704534423687e+00
8.449070802370777233e-01
1.124441052227446836e+00
2.626236576486000285e+00
7.352375491514837602e-01
1.988280362396326550e+00
1.536708293799160963e+00
9.767344081638256181e-01
2.198850211816393063e+00
3.085105197478540173e+00
2.854847523985547753e+00
6.172537370703222726e-01
2.527039391701871640e+00
1.019267974598244253e+00
3.617755802498900497e+00
3.538709884786122473e+00
1.937121068310051708e+00
3.222443801985105161e+00
1.700223949316403971e+00
3.167494905176610143e+00
2.638220602420327854e+00
1.104344436154904407e+00
1.743505360391723658e+00
3.602358351335266828e+00
1.789574057367005810e+00
2.742962973486628542e+00
1.798309205916691855e+00
1.302588538186840728e+00
2.383758905487558533e+00
9.643970613322623286e-01
1.213134193599005428e+00
3.231265469492498044e-01
2.269591224861742251e+00
2.234669607339768493e+00
8.803163631664138178e-01
3.443551164021696476e+00
4.276317559137974289e-01
2.309946434960259865e+00
2.378378004417666336e+00
1.566923586132131563e+00
1.730363137483959868e+00
1.170298071025151820e+00
2.345004196128861462e+00
2.472069380560459440e+00
8.008443304637883342e-01
2.485722982145632809e+00
1.887937433576267088e+00
3.976098098702641970e+00
9.153375363131590614e-01
1.675655695124351086e+00
1.280269655009115271e+00
1.773555147481524319e+00
0.000000000000000000e+00
4.387696499301960706e+00
3.285092846333736105e+00
2.693829561182770060e+00
1.580372221248815379e+00
2.101648062740760547e+00
2.014922292356028155e+00
9.607620522340699631e-01
2.618602061067311748e+00
3.761091521307101448e+00
2.450905664763830316e+00
1.595130894711484393e+00
3.294767957580409412e+00
8.745700317971135673e-01
1.107293154212428909e+00
3.196986149274104516e+00
2.004562535494904374e+00
2.435623232987227826e+00
2.703890358326540344e+00
3.068464717085929383e+00
3.478837605316377202e-01
2.498593349554416587e+00
2.807008441861658987e+00
0.000000000000000000e+00
1.150394001910614250e+00
3.038642966226278830e+00
1.183257725536801086e+00
1.624768758973553329e+00
1.260548583777842735e+00
7.688510760291733526e-01
1.651244542000595450e+00
3.085731821754600923e-01
2.651039263055277484e+00
2.560188659945044076e-01
3.108005760833415732e+00
1.659803244693653479e+00
2.139017797261054454e+00
7.859484933673587248e-01
2.143092540503584331e+00
1.687971381127869819e+00
