# Ensemble A, m = 300.0, lambda = [  2.17341829e-08  -1.57062774e-08   0.00000000e+00   2.09149574e-09]
2.592299731240668592e+00
2.071002700639252403e+00
3.417274651034098110e+00
3.977530791201895788e+00
4.492130117923522015e+00
3.507455385791680591e+00
2.777234345571026886e+00
5.254390160653218622e+00
1.357289061783848227e+00
2.225949552160768619e+00
4.593787805449680128e+00
2.936358637861468779e+00
2.447077153577306596e+00
3.651662474156065041e+00
2.856509647581570110e+00
2.885274487676813049e+00
3.111448754070489819e+00
3.515956611000460530e+00
3.348947021372503663e+00
3.918948024758769577e+00
3.198139267346014059e+00
2.836310278594809109e+00
1.915669559453670123e+00
3.564657645903093197e+00
3.487151438505962542e+00
3.654868368627508968e+00
2.086569877803821527e+00
3.342297849324934234e+00
2.323341469633762202e+00
3.058684975204125855e+00
2.545961973527807842e+00
2.449469781997524631e+00
4.365561742658286448e+00
4.352496904929913590e+00
4.271453522804683267e+00
4.545238248085312627e+00
2.144726962680559623e+00
3.032365422300555391e+00
1.241462162877716047e+00
4.064173677348884794e+00
3.400447428563850849e+00
2.053947798206297470e+00
3.194898310840099231e+00
3.610905115374667851e+00
4.154736276153169428e+00
3.825529873986913021e+00
2.916376189493853577e+00
4.182618501495648289e+00
2.760173994082057103e+00
3.066233767630643037e+00
3.363005688827847450e+00
4.071491279760551585e+00
3.705901982377808768e+00
2.530503834929090257e+00
3.351599438762856931e+00
3.804056163022037751e+00
3.976283561671705158e+00
3.526596336507048957e+00
1.769511851117457235e+00
3.216129291221729858e+00
3.541432071238488355e+00
4.739373535445877472e+00
3.263655935643055006e+00
2.056205585833118299e+00
3.126189245996004562e+00
4.319720888805686165e+00
3.513582621695489294e+00
4.187442859153900798e+00
4.323658452691295118e+00
2.172903141654414672e+00
5.144268431395451202e+00
5.189000284255303796e+00
2.969724282157470974e+00
4.823437367807875020e+00
2.425859070162695197e+00
3.348732419663996929e+00
1.188442271428500785e+00
3.325806437680538075e+00
1.690200421157552757e+00
3.861535558820322844e+00
2.514149383485188238e+00
3.953762545069494205e+00
3.820995918853828943e+00
8.482873055694655218e-01
3.058563200552669947e+00
1.310724994433500878e+00
4.429024251259999545e+00
3.211017317574841101e+00
4.963550917689294906e+00
4.121430592861315745e+00
1.685240923330263874e+00
3.265956032040946866e+00
3.204784826779616402e+00
3.987366179418990519e+00
4.213378513766852684e+00
3.013708456194295948e+00
1.892316852432297747e+00
4.718213061264161290e+00
6.755337724925000176e-01
4.042556519207317400e+00
