# Ensemble A, m = 300.0, c_n/c_p = 0.974193548387, f = -0.957142857143
# lambda = [  5.87378052e-09  -5.47696198e-09   0.00000000e+00   1.65724163e-09]
#  
8.832736498138310868e-03
0.000000000000000000e+00
1.598836963978866210e+00
1.112850359203584105e+00
1.686489172056858665e-01
1.319295151773728636e-01
6.713310131891806615e-03
2.781794552361953055e-01
1.569431360355583172e+00
0.000000000000000000e+00
0.000000000000000000e+00
2.351231311508092114e-01
5.145091008533776433e-01
7.686296315698457615e-01
9.180817116932967759e-01
0.000000000000000000e+00
1.488921865990983084e+00
1.187307962815330881e-02
9.322883858707423643e-01
0.000000000000000000e+00
1.734677063843886202e+00
2.104717405872736258e+00
3.805221259891999885e-01
6.080546656877250378e-01
2.680855837519048546e+00
3.623232527988872853e+00
1.883974709337459696e+00
1.948715986085495899e+00
1.816733888529359131e+00
2.252222495391623447e+00
1.543319459008283046e+00
0.000000000000000000e+00
1.299294417362254928e+00
9.971585427756445297e-01
1.286594995322971613e+00
6.467350023058832109e-01
9.405357803752046886e-01
0.000000000000000000e+00
1.386855037888579334e+00
0.000000000000000000e+00
1.411855247374278477e+00
0.000000000000000000e+00
0.000000000000000000e+00
0.000000000000000000e+00
0.000000000000000000e+00
1.222222911406392054e+00
0.000000000000000000e+00
8.114805119515802190e-01
0.000000000000000000e+00
5.387447042341431125e-01
1.761687084847023479e-02
9.896505961430258624e-01
1.801559689255615715e-01
0.000000000000000000e+00
1.307333466690822510e+00
5.424903004229209708e-02
2.347996233662754950e-01
3.313656891222852341e+00
1.464611788861365449e+00
2.050877848275583837e+00
1.047301478239472283e+00
0.000000000000000000e+00
4.159788736239827811e-01
7.168858065613473718e-01
2.781794552361953055e-01
1.759482078140665706e+00
2.948403592060121481e-01
1.808152304060422599e+00
2.599529046375177899e+00
1.307238791279774048e+00
1.139844941047072346e+00
1.364077536676750468e-01
1.124790199933591639e+00
1.587243220765209406e+00
5.829263062617651148e-02
2.284468690406813440e-01
6.591140125206108591e-01
1.491276046890278151e+00
1.899128205306709338e-01
3.274689327171242059e+00
0.000000000000000000e+00
1.133074398884489575e+00
0.000000000000000000e+00
4.095299760307185011e-01
8.459006492422997958e-01
1.636973031079359098e+00
0.000000000000000000e+00
9.873491180155539171e-01
1.846555820039606690e-03
1.470367950845842042e+00
1.302313086812232790e+00
1.933652714222507729e+00
1.415451267091140553e+00
0.000000000000000000e+00
3.026038511449048903e-03
5.262264923144343021e-01
2.832102696441410328e-01
0.000000000000000000e+00
5.523527407600489214e-01
2.267206524644743926e+00
