# Ensemble A, m = 300.0, lambda = [  1.02324123e-08  -7.71401284e-09   0.00000000e+00   2.07371228e-09]
1.970280174873338952e+00
1.063716334396350049e+00
1.082604613444104524e+00
1.648678490673347818e+00
7.564015935317726091e-01
2.401130576799435090e+00
1.951113555731732507e+00
6.158956487192489559e-01
2.044409228952471125e+00
3.090310122983256136e+00
1.101340860927508603e+00
2.119567692021064431e+00
1.113993389109546817e+00
2.495586328262163534e+00
2.180187147167245598e+00
1.134813292324941214e+00
1.596785154736967582e+00
7.492364878627452152e-01
2.990155072277199011e+00
1.909364148161607488e+00
1.154209747712554801e+00
1.271631158321650190e+00
1.879993272543006411e+00
2.524357166306510969e+00
1.612813523377392144e+00
1.318761257016964006e+00
1.449261138300833140e+00
7.569658643305696710e-01
3.714855500149351730e+00
5.847502639312056605e-01
1.339502894235489183e+00
3.064175459022179915e+00
1.918842142631372205e+00
1.345249719107320274e+00
1.458861411641888095e+00
2.985088006620218781e+00
9.982289607437250245e-01
1.666376232854287487e+00
2.029931745377027585e+00
3.054782569586441898e+00
2.994900469869917536e+00
1.309894844944766490e+00
0.000000000000000000e+00
2.338032294108139730e+00
1.480003210515717038e+00
1.592277087492740328e+00
3.814441191455799629e-01
1.838653445423172883e+00
6.800365334068227963e-01
2.007985128217638360e-01
3.324871949744668154e+00
6.421336406273193687e-01
2.058239649795155835e+00
2.371507066657207119e+00
0.000000000000000000e+00
3.211405379467642263e+00
9.569357659909645264e-01
6.868733297768342405e-01
0.000000000000000000e+00
1.253184354868428052e+00
2.014228580311675287e+00
1.727878371973216032e+00
7.686550144622060765e-01
1.317167584316773166e+00
3.310333787689379026e+00
1.208849668158436197e+00
1.328274137487563511e+00
5.466317884499022339e-01
1.896550616555443547e+00
5.632718158600694691e-01
2.378860962441073035e+00
3.322796142971079281e+00
2.768187096748437437e+00
2.108988225146548601e+00
1.195928515616138554e+00
2.384266694183794666e+00
1.586122656484542093e+00
2.696883346380520408e+00
4.209327637556342872e+00
1.220394719092250835e+00
1.011148919350123299e+00
7.023335710336732207e-01
1.494300349891888757e+00
0.000000000000000000e+00
4.246519702256852824e+00
3.554845056860767016e+00
2.404099147112550128e+00
2.515010989165874733e+00
1.883742103832371839e+00
3.614654441772464644e+00
8.995282324551052699e-01
1.170704461226716786e+00
5.612885008694348254e-01
2.506199690828228466e+00
0.000000000000000000e+00
1.196292376451317807e+00
1.065037134207348579e+00
1.254226565891459533e+00
2.791212847650559326e+00
5.949096961260887939e-01
