# Ensemble A, m = 300.0, lambda = [  8.79559692e-09  -7.46916416e-09   0.00000000e+00   1.70224059e-09]
0.000000000000000000e+00
2.169441383941161039e+00
3.744594734463106533e+00
8.496583074216739195e-01
1.974935872892789934e+00
1.905745753602606563e+00
2.563701389654196583e-02
2.881180026980266984e+00
1.243568158443670857e+00
0.000000000000000000e+00
1.247393927079033737e+00
1.569660806921747143e-01
5.454546283741642521e-01
2.229639214305812356e+00
4.963289840918844731e-01
2.785666794033357707e+00
3.853096786118130446e+00
2.855900073670764705e+00
2.060976989202182086e+00
2.552874220722241017e+00
1.948546228511403577e-01
3.122263798033713122e+00
1.179193464707857686e+00
5.175306241900182735e-01
1.780500548491634527e+00
3.212685562136124773e+00
4.285424785277926474e-01
2.779858674750227632e+00
3.737857030574557538e+00
6.225944367135585189e-01
1.581078542717285318e+00
2.041927055872434948e+00
7.125551330831683128e-01
2.511004820746935096e+00
2.516184221739529381e+00
2.115918196731152001e+00
2.367003712800815229e+00
3.296022831714722656e+00
2.646090265199533498e+00
1.792557720812215205e+00
2.070530184506389482e+00
6.403512175901346914e-01
7.129153808988116792e-01
3.159307827909393129e+00
2.923936807652751213e+00
2.446557188402142646e+00
2.165394260027346807e+00
4.621548037381162377e-01
9.068768981910830806e-01
9.797406174619023300e-01
1.758061138474633189e+00
1.812488826560148869e+00
8.617267175554942371e-01
1.520435845065831737e-02
2.734644009244933560e+00
4.351155872320361384e-01
2.282388029233782589e+00
1.680671371369432121e+00
4.548158401220450120e-01
7.345903666701721901e-01
1.471010783786224740e+00
8.041365498748662688e-01
2.101589986887833383e+00
2.943749565644483646e+00
1.787017313349779091e+00
3.122898592586096811e+00
1.517299234711829703e+00
2.464355105197784113e+00
1.663166548280077262e+00
0.000000000000000000e+00
1.052010851139389747e+00
0.000000000000000000e+00
2.649238539612561283e+00
2.857905053132604678e+00
1.713219909420042208e+00
1.351708075414967958e+00
1.967900867375831586e+00
3.218355830656434158e+00
3.615017631885406035e-01
0.000000000000000000e+00
3.305939680575745054e+00
2.326761082170845540e+00
2.225433078694783080e-03
2.247898875041139721e+00
0.000000000000000000e+00
8.014087849085117510e-01
7.724609994202918939e-01
1.873919986698254769e+00
2.067811865620512002e+00
9.304031209806556957e-01
1.723845394736512882e+00
1.339604460152378218e+00
1.353500732292695741e+00
2.278518797136937390e+00
3.073447636291717355e-01
2.056311627069329795e+00
2.300402603406250801e+00
1.742251959700543029e+00
1.235821922170185910e-01
2.322634637420168069e+00
