# Ensemble A, m = 300.0, lambda = [  7.92709543e-09  -6.16107007e-09   0.00000000e+00   2.05611075e-09]
1.615589739835622929e+00
1.764277292192828916e+00
0.000000000000000000e+00
3.239038306968673453e-01
1.760986637760160844e+00
0.000000000000000000e+00
2.036266809317800741e-01
7.934583242050803342e-01
4.453163221802048932e-01
1.506361191830012158e+00
4.412175740911213340e-01
5.665283479829741342e-01
1.290405564404938143e+00
6.403235225616537019e-01
0.000000000000000000e+00
1.165950710363895304e+00
4.088030225800205475e-01
1.505585057935453941e+00
2.184774161621363398e+00
2.014546023271869490e+00
2.260811070750524010e+00
2.525784602643593946e+00
1.044329430560876570e+00
0.000000000000000000e+00
0.000000000000000000e+00
1.877586243276066824e+00
2.206574537536528879e+00
1.142554243119657365e+00
1.655720691595860661e+00
1.262447735973364793e+00
2.040891870667282060e+00
2.142865633354369415e+00
1.847047905198630602e+00
1.182777410361089299e+00
0.000000000000000000e+00
0.000000000000000000e+00
1.249244162951943071e+00
9.949223555306047073e-01
0.000000000000000000e+00
2.375391765974883995e+00
0.000000000000000000e+00
3.214368178340151427e+00
5.196291219181143894e-01
2.076743349506337544e-01
4.423351832811590612e-01
1.788502862179200070e+00
0.000000000000000000e+00
3.127480355472499696e+00
3.389973919981211781e-01
1.870099590839732429e+00
2.037912160617542767e+00
1.888390262040818168e+00
2.708918807823501140e+00
1.832289430193100088e+00
1.054351250198462431e+00
2.264821212069211553e-01
0.000000000000000000e+00
3.007378824993768851e-01
0.000000000000000000e+00
1.052239919464970308e+00
1.227612686782431961e+00
1.611378319210315713e+00
1.840663229329791761e+00
6.687254479044473232e-01
1.918618937270545555e+00
1.008986421517259924e+00
1.099127788497978431e+00
1.419602942376948285e+00
1.555202703566737510e+00
1.218871787321591071e+00
1.026838245472530380e-02
0.000000000000000000e+00
0.000000000000000000e+00
8.701262347964373589e-01
1.778007230768065439e+00
1.872735979291471953e+00
6.089225008287474372e-01
6.123052432553541813e-01
5.787934058828009265e-01
2.164381299624496435e+00
2.463719906070680477e+00
1.398274244189156690e+00
4.504920027831185614e+00
2.225172788631565979e+00
1.395456707106229821e+00
1.620306836652962712e+00
2.563613123951619777e+00
9.286177857225328403e-01
0.000000000000000000e+00
1.673383757077770762e+00
1.929570254963445031e+00
1.946953867904087643e+00
1.177278432563898081e+00
4.717710729916075318e-01
1.639568754131766060e+00
2.760846642146033703e-01
1.137915866802373444e+00
1.944645670744451937e+00
0.000000000000000000e+00
2.454760975047614480e+00
