# Ensemble A, m = 300.0, c_n/c_p = 0.754838709677, f = -0.992173913043
# lambda = [  2.02867892e-08  -1.51934109e-08   0.00000000e+00   1.91206847e-09]
#  
5.640514733445941786e+00
4.667405370986708490e+00
5.526582489309499913e+00
5.362505088576483558e+00
6.024691094046620954e+00
4.300618459233895408e+00
5.741140764140179265e+00
5.434512391418927280e+00
2.940660657426138691e+00
5.744707389925678420e+00
4.867222685181581632e+00
4.201014217650868687e+00
4.999501860776113027e+00
5.612102336590589324e+00
5.909660621923124246e+00
5.006528403900653679e+00
3.646725899277737160e+00
6.081723933430655649e+00
4.480156180511099429e+00
5.105934709649113223e+00
4.882542172428917304e+00
5.829692081390153824e+00
3.713636845486205207e+00
5.806079143959403943e+00
6.160553003267976280e+00
5.612941296199929653e+00
3.503434899464544561e+00
5.671686565458405660e+00
3.551050455684064300e+00
5.194101878906999481e+00
5.329017280248725896e+00
4.880556176331707796e+00
3.558878894842327334e+00
5.606615711163332350e+00
4.199866358172729797e+00
5.185664492184369756e+00
5.703304430772143441e+00
4.291791632711648319e+00
4.807437639587837985e+00
2.359157815572718420e+00
5.670035189435290057e+00
5.668068413351896595e+00
4.529706287455479874e+00
4.837273935355026033e+00
5.381119623548889841e+00
4.019294604626843181e+00
5.742984712909207978e+00
5.083309242053738686e+00
3.779553408258011782e+00
4.310593535660610875e+00
5.767314722118142889e+00
4.814892748317493698e+00
5.471233020859775031e+00
3.009373894380237502e+00
6.216924635156867218e+00
5.554224196904682387e+00
4.345733275605212498e+00
5.657399805148603633e+00
5.968610134133441214e+00
4.929800786528885759e+00
4.546477529754432645e+00
5.318549204267819519e+00
5.810882676748050812e+00
5.715845195074345853e+00
5.303714474532991829e+00
3.743316708355428180e+00
5.290502301531521567e+00
2.085826190556799187e+00
5.445569077006013003e+00
5.488400558549712649e+00
4.683796835292360683e+00
5.791052800225366504e+00
5.570293823904290065e+00
5.074617587504835825e+00
5.865767326724274255e+00
5.672001338487207001e+00
4.587968634679076452e+00
5.803710994724140981e+00
5.631873902167793489e+00
5.300359066822411869e+00
5.604153907924365186e+00
4.897325902353339977e+00
5.008209290511206113e+00
5.178845111939336832e+00
5.412183600061186262e+00
6.272166793951387653e+00
5.955275242062348262e+00
4.914421930507044678e+00
4.840415145742744230e+00
5.461457157651620875e+00
3.381884049835946815e+00
4.628138842370826289e+00
4.612755877198562615e+00
5.187234749748118823e+00
3.557686813544557847e+00
4.743373124753013315e+00
5.954813724134930375e+00
5.406408668685394936e+00
5.679002543506136647e+00
4.430812650503142436e+00
