# Ensemble A, m = 300.0, lambda = [  1.38828187e-08  -1.08652089e-08   0.00000000e+00   1.82062025e-09]
3.486425210586981294e+00
4.003803551451970755e+00
2.469150767262137780e+00
3.667512677582459801e+00
2.714141828914392374e+00
4.061805314590094085e+00
3.087135570960395370e+00
3.617772038444010629e+00
3.659944457460539979e+00
3.803640479403508579e+00
3.544705868723345699e+00
5.002617640331884274e+00
4.031729602727367023e+00
2.520606867015600994e+00
3.208644565587596809e+00
2.795844854301185567e+00
3.746936999277462821e+00
3.301913962549213544e+00
1.474911173417094101e+00
4.405500137170768937e+00
4.191070754636744056e+00
4.184464280811162951e+00
5.401307194447555027e+00
3.480852242105624939e+00
3.614341523268386425e+00
1.577755171234808129e+00
2.953047126305305525e+00
4.840702333263410928e+00
5.466580128141349526e+00
4.621679161718299511e+00
3.527837358549873237e+00
4.541728018736187700e+00
3.664718048009011575e+00
1.301171938110309956e+00
3.009703731888350831e+00
3.599801454880874996e+00
2.878973546219695923e+00
3.867290058779207396e+00
1.166880089181006053e+00
3.011773204853622321e+00
3.257404578527256511e+00
2.344531221243721042e+00
2.934172711374986253e+00
3.242152846718796777e+00
2.899389189671182976e+00
4.806537427985644761e+00
3.885390827971473726e+00
2.594421102791860889e+00
3.503940757287414609e+00
4.314524441167967517e+00
3.585326083868028757e+00
7.078978818383977467e-01
4.267550015126148288e+00
3.968175162676875978e+00
4.269362702673228149e+00
2.139405027981892804e+00
5.072534423897034905e+00
3.099781319250948020e+00
2.790232457792111820e+00
2.541001922864774443e+00
1.099334054090509882e+00
3.873995000475688677e+00
1.380365143390947846e+00
2.178340049240123477e+00
1.534188161297594721e+00
2.497434326753028788e+00
2.975606196953529015e+00
4.199252488225840629e+00
4.155208538870362567e+00
3.467263997200085601e+00
4.441827811450708374e+00
4.349207941233308006e+00
3.429522027220234470e+00
4.844359736089092650e+00
2.442330301965772943e+00
5.242010693761473661e+00
4.382312375190418052e+00
3.050490015371880137e+00
3.857798716372879522e+00
2.330263769972778842e+00
3.185491250052667755e+00
4.134534862984012626e+00
2.148680362063908333e+00
3.325466850931038998e+00
3.825408517252299578e+00
3.539054729057769411e+00
1.460495620285219287e+00
1.311137196236558555e+00
4.139790276942346914e+00
3.298871556880362377e+00
4.344101034934610972e+00
2.702056359374325645e+00
3.137515646130686342e+00
3.581109117452167645e+00
1.873780044226907027e+00
2.918493287026683980e+00
4.470624858849071792e+00
3.819100807734125969e+00
3.586141369785798005e+00
2.785554012280814895e+00
