# Ensemble A, m = 300.0, lambda = [  9.01440354e-09  -8.42228809e-09   0.00000000e+00   4.21509673e-10]
1.049389664641212638e+00
0.000000000000000000e+00
0.000000000000000000e+00
1.701031553687525566e+00
0.000000000000000000e+00
0.000000000000000000e+00
0.000000000000000000e+00
0.000000000000000000e+00
1.643723679500864066e+00
8.212836119999471496e-01
0.000000000000000000e+00
1.697297640714039435e+00
1.029251967272578172e+00
1.350054391228698858e+00
0.000000000000000000e+00
6.817162165811010421e-01
0.000000000000000000e+00
2.690231626965899903e-01
0.000000000000000000e+00
0.000000000000000000e+00
0.000000000000000000e+00
1.254617016835536170e+00
0.000000000000000000e+00
0.000000000000000000e+00
0.000000000000000000e+00
0.000000000000000000e+00
6.833286924594588196e-01
1.163047725187124293e+00
1.713470904913015680e+00
0.000000000000000000e+00
0.000000000000000000e+00
1.440241888868485587e+00
1.345667389739246600e+00
5.501269550539185094e-01
0.000000000000000000e+00
0.000000000000000000e+00
1.175255605577585002e-02
1.380027221657246894e+00
0.000000000000000000e+00
1.549346302541313891e+00
0.000000000000000000e+00
1.223371249186136822e+00
0.000000000000000000e+00
0.000000000000000000e+00
0.000000000000000000e+00
1.700291794720473426e+00
1.036450560150868005e+00
0.000000000000000000e+00
0.000000000000000000e+00
0.000000000000000000e+00
0.000000000000000000e+00
0.000000000000000000e+00
0.000000000000000000e+00
9.558109030891076552e-01
2.431763887746102859e-01
0.000000000000000000e+00
1.612815857292352550e+00
0.000000000000000000e+00
1.324672943068012421e+00
0.000000000000000000e+00
7.890134432309150458e-01
1.864853405755933391e+00
2.030005081424628877e+00
0.000000000000000000e+00
1.672494434965595467e+00
0.000000000000000000e+00
0.000000000000000000e+00
1.070114546605438477e+00
0.000000000000000000e+00
0.000000000000000000e+00
0.000000000000000000e+00
2.418885308844839765e-01
0.000000000000000000e+00
0.000000000000000000e+00
0.000000000000000000e+00
3.663706434190616701e-01
0.000000000000000000e+00
1.402058676280360849e+00
1.652349956666721464e+00
1.112677338909523250e+00
7.545538746640593208e-01
6.359980529527063942e-01
0.000000000000000000e+00
0.000000000000000000e+00
0.000000000000000000e+00
0.000000000000000000e+00
0.000000000000000000e+00
0.000000000000000000e+00
1.127955942430459046e+00
0.000000000000000000e+00
8.583534840568128876e-01
0.000000000000000000e+00
0.000000000000000000e+00
0.000000000000000000e+00
5.157530117536938130e-01
0.000000000000000000e+00
1.149414005735363897e+00
0.000000000000000000e+00
1.154631835633088910e+00
1.801503643223834938e+00
