# Ensemble A, m = 300.0, c_n/c_p = 0.974193548387, f = -0.985652173913
# lambda = [  6.98481113e-09  -6.70692733e-09   0.00000000e+00   1.14853585e-09]
#  
1.542698405731688371e+00
2.124046915728025731e+00
6.889312741300712695e-01
0.000000000000000000e+00
1.218672301818092052e+00
1.925839002184851712e+00
6.744279897422563730e-01
1.852221703903325078e+00
2.452670896804379552e+00
1.095007297026052706e+00
0.000000000000000000e+00
9.007394058913141821e-01
2.699421557009564765e+00
0.000000000000000000e+00
0.000000000000000000e+00
2.236456207897338011e+00
0.000000000000000000e+00
1.728017140957127662e+00
1.697774550421202511e+00
1.067851074271313871e+00
6.294910221926317551e-01
1.199219560574964261e+00
1.824658062615925225e+00
2.705593578953798151e+00
0.000000000000000000e+00
9.758196417462429439e-02
1.872770047196065324e+00
7.514910695732839319e-01
1.845417152372173630e+00
1.239308133824016611e+00
2.537924801952205378e+00
2.391879847968155559e+00
2.130904848046787148e+00
2.357144393121306969e+00
1.800880506032654260e+00
1.212589299105055973e+00
6.638369482913950570e-01
8.570624298803376506e-01
5.636430502909006712e-01
1.227598228558904658e+00
1.058238999499159450e+00
2.158881620916199839e+00
0.000000000000000000e+00
1.500799931440623292e+00
7.362774353966445862e-01
2.183122107781114152e-01
0.000000000000000000e+00
0.000000000000000000e+00
2.069199337454712850e+00
1.273764204577652936e+00
0.000000000000000000e+00
1.039647549042658659e+00
0.000000000000000000e+00
8.426241199165300788e-01
0.000000000000000000e+00
0.000000000000000000e+00
0.000000000000000000e+00
0.000000000000000000e+00
1.407352199813022509e+00
3.157856894078046928e+00
0.000000000000000000e+00
1.799593083361346713e+00
7.726019546926933268e-01
1.023712744730785440e+00
1.809982828153839485e+00
1.967388416617628977e+00
0.000000000000000000e+00
0.000000000000000000e+00
9.061092437137115985e-01
0.000000000000000000e+00
2.617206186726137140e+00
3.435532595857969884e+00
1.084708687321191967e+00
1.458533878530851036e+00
3.627597265815244665e+00
1.201228425347339090e+00
1.008835053818922356e+00
1.455140259244138257e+00
2.424104817750201146e+00
0.000000000000000000e+00
0.000000000000000000e+00
8.061218419649056610e-01
0.000000000000000000e+00
9.135513217517222673e-01
1.988076019663741922e+00
0.000000000000000000e+00
1.867531671096889223e+00
0.000000000000000000e+00
1.284411658047394988e+00
2.756493950076953858e+00
3.417594344029294628e+00
2.981213690088956092e+00
1.092072424076085069e+00
2.465526713535211023e+00
1.370883846975318177e+00
7.246217662538704252e-01
2.507397709670389663e+00
9.631484508467557104e-01
1.061769373828187923e+00
0.000000000000000000e+00
