# Ensemble A, m = 300.0, lambda = [  6.55986657e-09  -6.00799134e-09   0.00000000e+00   1.61509265e-09]
1.234066448197897792e+00
1.601701293645489743e+00
2.317604084787328652e-03
7.353549442792486346e-01
1.231332026347480291e-01
1.982700406300649476e+00
9.758146240448077879e-01
1.158503672875673018e+00
0.000000000000000000e+00
6.604781659335878796e-01
5.603689198862592535e-01
1.909180866999878656e+00
2.042583967209482321e+00
0.000000000000000000e+00
1.252875320636835099e-01
4.292827111622510849e-01
1.147347295902491737e+00
1.680877512108832628e+00
5.187686247770657566e-01
0.000000000000000000e+00
2.171587589041613420e+00
3.313209444238047752e-01
1.138093925009734608e+00
1.392615031920715785e+00
1.108743172195220339e+00
4.145943530896603613e-01
1.828955677757812204e+00
2.093162878423874051e+00
1.852303913942306757e+00
2.099665878577087419e+00
1.594841205924594219e+00
3.837132049569332015e-02
7.440177749081956504e-01
2.957771469442734835e-01
2.086724495425926307e+00
1.726411839737934439e+00
4.596699480664043214e-01
2.072729525525622396e+00
2.708084223829516635e+00
0.000000000000000000e+00
3.037918246888479668e-01
1.131409604352207054e+00
0.000000000000000000e+00
6.871044351835835506e-01
1.304173140679810050e+00
2.048588223447193712e+00
3.280400319722307056e+00
1.401279229163141515e+00
1.895439590075189695e+00
1.469438340540382359e+00
0.000000000000000000e+00
1.263687078342120795e+00
0.000000000000000000e+00
9.668126457342166580e-01
1.402470701346690163e+00
0.000000000000000000e+00
1.552141890122995305e+00
1.692928736775748177e+00
0.000000000000000000e+00
4.098206416140751790e-02
9.976355481028394978e-01
0.000000000000000000e+00
5.485814627706432356e-01
2.562726323581168142e+00
2.153322550062038154e-01
0.000000000000000000e+00
6.829080231696326164e-01
1.933782867541929296e+00
6.336812400533021750e-01
8.584647986930288299e-01
6.594217046199092325e-01
1.547650799755580509e-01
0.000000000000000000e+00
3.038912599394687497e+00
5.347472969334732262e-01
1.999192557098459666e+00
1.459146173367556809e+00
2.811807528537463519e+00
4.168445878084222067e-01
1.468257130519026621e+00
3.169507367908074302e-01
2.986946068927263664e-01
6.476233388279136749e-01
0.000000000000000000e+00
0.000000000000000000e+00
7.932500503865498320e-01
0.000000000000000000e+00
2.400732028646626048e+00
3.785088967157629880e-01
1.855664306562778698e-01
2.608951976559475749e+00
1.339383299878198486e+00
0.000000000000000000e+00
0.000000000000000000e+00
6.623662813948828776e-02
0.000000000000000000e+00
0.000000000000000000e+00
2.687228402845290298e-01
1.823484086837146911e+00
6.074633169983116865e-01
