# Ensemble A, m = 300.0, lambda = [  1.08430964e-08  -8.85504962e-09   0.00000000e+00   1.73932847e-09]
2.695189572629952401e+00
2.289834057369142695e+00
2.081479969076173442e-01
1.274713929499280418e+00
4.046921169035092025e-01
1.861865487242346573e+00
2.004666816152288256e+00
2.782469163068333362e+00
2.892463687889041957e+00
2.330747487614966751e+00
2.583655785053148080e+00
2.213727374696053296e+00
2.773738546531566929e+00
2.779856260372102206e+00
1.838906496915751143e+00
3.242352474803265494e+00
1.087399320264507585e+00
1.753145323958741564e+00
2.160381671420182226e+00
1.032534507720982653e+00
2.386236366666504960e+00
4.061679938004770563e+00
8.344348409998161298e-01
1.253821015716211296e+00
0.000000000000000000e+00
1.578168892502782805e+00
3.361366082337811534e+00
6.497742244190950478e-01
1.778106521457611944e+00
1.316966965344119611e+00
2.777270079202756037e+00
3.626818512128649363e+00
2.044248108351243154e+00
1.482233966063244868e+00
4.026281120314013862e+00
1.246223180120689111e+00
2.548953558439327693e+00
2.583918965934778877e-01
4.366156955318708510e-01
1.436181175893858075e+00
1.726255544592666169e+00
3.071008421657740239e+00
2.492423488495833617e+00
3.604943531079143337e+00
3.635689286508415385e+00
3.885453047775326851e+00
2.978161416649828031e+00
3.479534407885704006e+00
3.811498056188874273e+00
1.915060677531214450e+00
2.425083979368276133e+00
9.218550653867330080e-01
3.095401642543252230e+00
1.087628058187939395e+00
3.645893337744995577e+00
2.311243046621934916e+00
2.405745273953705965e+00
2.543853420478923155e+00
3.144605567114165723e+00
1.700687781017935940e+00
2.435613158015493163e+00
1.439799800029022636e+00
1.537908431932151654e+00
1.760324246653622859e+00
2.309554304962390336e+00
3.754802627883722543e+00
3.723266940150069981e+00
3.090490272007635486e+00
1.562560370680059929e+00
9.878580148915293568e-01
4.901525519215041982e+00
3.468594968419125291e+00
2.050935706673710612e+00
1.915459903432852329e+00
1.158001339167826327e+00
1.641389592633996752e+00
1.132527529167899782e+00
4.089896402457270597e+00
1.432553656172586010e+00
2.151613195919405808e+00
2.297759128951505581e+00
9.022188659994122562e-01
2.637188533413264757e+00
9.427924526445903286e-01
3.864236780771002522e+00
2.162686699486082276e+00
1.541905047148158570e+00
1.223401745353956516e+00
2.631792515695236645e+00
1.409539130428399067e+00
2.628988025410772700e+00
3.209753609707868716e+00
4.197795095973622104e+00
1.665256618609576078e+00
3.187927483297336106e+00
2.567953547260047653e+00
1.776553811508512881e+00
5.254173309262256453e+00
3.046775152102620510e+00
2.032016683402205093e+00
