# Ensemble A, m = 300.0, c_n/c_p = 0.935483870968, f = -0.985652173913
# lambda = [  7.89321734e-09  -7.27803349e-09   0.00000000e+00   1.24633561e-09]
#  
0.000000000000000000e+00
2.092706946174357707e+00
2.306916883849022160e+00
2.064092962034789647e+00
0.000000000000000000e+00
0.000000000000000000e+00
1.394464763554347009e+00
0.000000000000000000e+00
4.885817243375262464e+00
1.848199902852057708e+00
1.639779879645477445e+00
3.560989404577418749e-01
2.317428608246792088e+00
3.210768791274892120e+00
2.120794063703884014e+00
2.514714059686702807e+00
2.329393764872901507e+00
2.298687754190059884e+00
0.000000000000000000e+00
1.472679778680102469e+00
9.343574661334262954e-01
1.613149139155739986e+00
1.607535048288708524e+00
1.715352665338123916e+00
2.473692486634869514e+00
0.000000000000000000e+00
4.998628585059276541e-01
2.374882830765121966e+00
2.415757283950561440e+00
3.629852230027450943e+00
3.555017445047572888e+00
2.431482263681793654e+00
3.101279697980394268e+00
0.000000000000000000e+00
2.499118207053300011e+00
1.783926394776320201e+00
2.553784990993466231e+00
7.551780281724820298e-01
1.251520865445036046e+00
1.777921426036899177e+00
2.382890570882529424e+00
1.390232657264546257e+00
9.509361016825994550e-01
0.000000000000000000e+00
2.227529415072285524e+00
1.029997356953986420e+00
1.930822320623055033e+00
2.563152627382945248e+00
0.000000000000000000e+00
2.094945559080136022e+00
1.820681944719392487e+00
1.256489905025129028e+00
2.937595113186347806e+00
1.939032218227626725e+00
3.368616694384779287e+00
2.289276941242145202e+00
3.248388607542406437e+00
2.253602072911519372e+00
1.002002641097601066e+00
2.873608349669687367e+00
2.435275647591177428e+00
2.933535595175426280e+00
2.976095154050555802e+00
2.525409872511239051e+00
2.245496371056909357e+00
2.434012195468257200e+00
1.552709806266581394e+00
2.372494700312326010e+00
0.000000000000000000e+00
1.311744126703341173e+00
0.000000000000000000e+00
3.328785813797082493e+00
9.732499140084125422e-01
0.000000000000000000e+00
0.000000000000000000e+00
1.551650966767882611e+00
2.692372392237528889e+00
0.000000000000000000e+00
1.629503864166675697e+00
2.342045822126847199e+00
1.313588184435642070e+00
1.574787938115058905e+00
4.295269680514662625e+00
1.223807820568775462e+00
0.000000000000000000e+00
1.186827528888502403e+00
1.268471435555335702e+00
2.903526783355947050e+00
1.341521325311280544e+00
1.047032596350502720e+00
4.194139911702383650e+00
1.653652089046281137e+00
1.763327941333128202e+00
3.004021306657917112e+00
1.676992062521135862e+00
7.416016129468259166e-01
2.176662161905458248e+00
1.352503150074127580e+00
1.296456493616537031e+00
2.146569669198570285e+00
