# Ensemble A, m = 300.0, lambda = [  8.20868954e-09  -6.40875468e-09   0.00000000e+00   2.04074641e-09]
0.000000000000000000e+00
2.004433798797860433e+00
0.000000000000000000e+00
1.990398559741574758e+00
2.362170655105149564e+00
1.388094353082792942e+00
7.749644967741962098e-01
9.253445624927706392e-01
1.817231748805346658e+00
0.000000000000000000e+00
2.627549146009805714e+00
0.000000000000000000e+00
6.341203012539455841e-01
3.226776494480094293e+00
8.144626823652896253e-01
0.000000000000000000e+00
1.327048038444670341e+00
9.715750666613797160e-01
1.893597891586877857e+00
8.041799587847130448e-01
1.638409121125518286e+00
1.582012290360529594e+00
0.000000000000000000e+00
2.197485724312295385e+00
1.908262646244841820e-02
1.004703739352422187e-01
4.381653779685151621e-03
1.822539805930628143e+00
2.230274572479122863e+00
1.977091687313265123e+00
1.214007198373472374e+00
0.000000000000000000e+00
1.052148371552453915e-01
9.785205921889666980e-01
2.431660078105878142e+00
0.000000000000000000e+00
5.210019497046529668e-01
1.313388916641547777e+00
1.345349874339231588e+00
2.318254549723732350e+00
0.000000000000000000e+00
4.508880960434863971e-01
2.630613605100205754e-02
7.212874427241659780e-02
1.622359742631397594e+00
1.344939292884447468e+00
1.277620527854574028e+00
1.902413715683012541e+00
3.279880046568955376e-01
9.806442117434948091e-01
1.241291374238585377e+00
1.533593883074726882e+00
6.556612759642018728e-01
3.535229707565601842e+00
9.945521573417540617e-01
1.424628732117023233e+00
1.119646990227182393e+00
0.000000000000000000e+00
0.000000000000000000e+00
0.000000000000000000e+00
0.000000000000000000e+00
1.723834404781602464e-02
2.997122511762767783e+00
1.088155809433974497e+00
7.921405285021597686e-01
4.630088803989144131e-01
2.080183891004645069e+00
0.000000000000000000e+00
2.191017265080822618e+00
2.597580108442769209e+00
1.241524296959817919e+00
1.269361838860650016e+00
1.819419605749942326e+00
1.167147206114445279e-01
0.000000000000000000e+00
0.000000000000000000e+00
0.000000000000000000e+00
1.756387451008046385e+00
2.079264539012773305e+00
4.074067072798999711e-01
2.307978648386025178e+00
1.136209279287906604e+00
1.641914097773250925e+00
8.577336507291881684e-01
5.526556001583137201e-01
5.131065136982609909e-01
6.593517790758235408e-01
2.280172295104164970e+00
1.966464973534036043e+00
5.760402068027531408e-01
2.700294513954070830e+00
2.766553955265494302e+00
1.413645231865957363e+00
0.000000000000000000e+00
8.681494239733511531e-01
5.739368354034818376e-01
7.331311264958338958e-01
8.703982648405947931e-01
6.730282547875181542e-01
2.835033042754033783e+00
