# Ensemble A, m = 300.0, c_n/c_p = 0.690322580645, f = -0.988260869565
# lambda = [  1.99891901e-08  -1.36370012e-08   0.00000000e+00   2.10815202e-09]
#  
2.885831313463350867e+00
1.353093552436490432e+00
2.489481000449338399e+00
1.923624708066638433e+00
4.452287377609967400e+00
1.480550129049639452e+00
1.639804011119925242e+00
1.465734916758984152e+00
9.533657979662392146e-01
9.849950162874596682e-01
1.990756919166924099e+00
2.940521886630607540e+00
2.853822975755265556e+00
1.879468862594749767e-01
2.670686502831992382e+00
1.650782402297470419e+00
0.000000000000000000e+00
1.826708264340042076e+00
3.087177507493621853e+00
2.213896713155388607e+00
1.552522242620370863e+00
2.751947501138447993e+00
2.369621236386082241e+00
2.095639471476992366e+00
5.093337059235185649e-01
2.824756227985364188e+00
2.243661121989049434e+00
1.534775736479007779e+00
6.050838426471393250e-01
3.209589230462277065e+00
2.821531945973178246e+00
2.831862081834974454e+00
1.863513950012047449e+00
2.784206823333545522e+00
2.189266903254162955e+00
1.283957950505972168e+00
1.290126761273358458e+00
3.861286113702515177e+00
3.872252125685770707e+00
3.142486104238339628e+00
1.763915232188800308e+00
1.808621195558257178e+00
2.208937574561657513e+00
3.578009269795186409e+00
4.763992329271674819e+00
2.596333354804977844e+00
1.057912766246857261e+00
1.433839933612574447e+00
2.164169835670727959e+00
1.924658224435960907e+00
2.206480571931147328e+00
7.745939367618576155e-01
2.904699199903005180e+00
2.174615408668266525e+00
2.436200382989447633e+00
2.373405681056656835e+00
2.142511896139026817e+00
2.720609149682628569e+00
1.089374080882717477e+00
1.543495842597060630e+00
3.390834966623906155e+00
2.433689921384023513e+00
1.959759502992859614e+00
1.440816519416442620e+00
4.216609132179886643e+00
3.264762753864148159e+00
5.075896826510882143e+00
1.895379985614602081e+00
7.188674931186943562e-01
1.942718869432789042e+00
1.747773136001396388e+00
2.581244824472230803e+00
4.337017521960919275e+00
2.083006917081834608e+00
3.231059840255941396e+00
3.485998828242321324e+00
5.831882974544798648e-01
2.209625145918291622e+00
2.079597584047387038e+00
3.999704585133899926e+00
3.002057823657812374e+00
3.897583272257420184e+00
3.379011763937913138e+00
0.000000000000000000e+00
1.945523010367561145e+00
3.824801481163630168e+00
1.767471151455741296e+00
2.121920548213699576e+00
3.036312431056071404e+00
2.211291447311170444e+00
1.837987576107849685e+00
1.654163632339494372e+00
3.150355696172757014e+00
2.744186888592511586e+00
2.468403111034684461e+00
2.368202323478524107e+00
1.893478026955178528e+00
2.132429516879361664e+00
2.786609611351588800e+00
1.708058124447751069e+00
