# Ensemble A, m = 300.0, lambda = [  9.37684976e-09  -8.62927286e-09   0.00000000e+00   6.11328574e-10]
0.000000000000000000e+00
2.526613258011191743e+00
2.522082088041794901e+00
0.000000000000000000e+00
1.926841160377598561e+00
4.608828354944623507e-01
1.846286738311958109e+00
0.000000000000000000e+00
1.437484694875920122e+00
0.000000000000000000e+00
1.755401013127460441e+00
0.000000000000000000e+00
0.000000000000000000e+00
0.000000000000000000e+00
0.000000000000000000e+00
0.000000000000000000e+00
0.000000000000000000e+00
0.000000000000000000e+00
0.000000000000000000e+00
0.000000000000000000e+00
1.185373776927663769e+00
0.000000000000000000e+00
0.000000000000000000e+00
1.141779464857307413e+00
0.000000000000000000e+00
1.469523119058928184e+00
1.150695024485659079e+00
2.373837415095680914e+00
0.000000000000000000e+00
1.778826770520543832e+00
3.056094824230106255e+00
4.316882252065259440e-01
1.364685409704341663e-02
1.104108329072847727e+00
1.722927356609232241e+00
1.538324650139949457e+00
2.574214448937700794e+00
0.000000000000000000e+00
0.000000000000000000e+00
1.300303360062772029e+00
3.661199871757316426e+00
0.000000000000000000e+00
0.000000000000000000e+00
1.351956307803140245e+00
0.000000000000000000e+00
1.406217830541296454e+00
2.371074705350572742e+00
0.000000000000000000e+00
0.000000000000000000e+00
1.661678891188302920e+00
0.000000000000000000e+00
0.000000000000000000e+00
1.307722845017901259e+00
1.236276846435766963e+00
4.603864095170092097e-01
0.000000000000000000e+00
0.000000000000000000e+00
0.000000000000000000e+00
0.000000000000000000e+00
0.000000000000000000e+00
1.537850924150574894e+00
0.000000000000000000e+00
0.000000000000000000e+00
0.000000000000000000e+00
1.018737841158428692e+00
6.128671423513825101e-01
1.158609266819044636e+00
6.766504090568674634e-01
0.000000000000000000e+00
1.041954828573391501e+00
9.561404142126440631e-01
8.862234153668325787e-01
2.032209654093388274e+00
0.000000000000000000e+00
7.988705522070688181e-01
0.000000000000000000e+00
3.097181634093807978e-01
1.490129706000604459e+00
0.000000000000000000e+00
1.378406714203785688e+00
0.000000000000000000e+00
0.000000000000000000e+00
3.570548570603884753e-01
0.000000000000000000e+00
0.000000000000000000e+00
0.000000000000000000e+00
0.000000000000000000e+00
0.000000000000000000e+00
0.000000000000000000e+00
6.499416760688134787e-01
1.844105359494776941e+00
8.613002959737972031e-01
1.746083709241623483e+00
9.906409118562071736e-01
0.000000000000000000e+00
7.812182679923744821e-01
1.600361393511647856e+00
1.859269719913059449e+00
2.739489178013151394e-01
0.000000000000000000e+00
