# Ensemble A, m = 300.0, c_n/c_p = 0.832258064516, f = -0.986956521739
# lambda = [  1.19064298e-08  -9.77997152e-09   0.00000000e+00   1.59525627e-09]
#  
3.263146854543519382e+00
3.490072058437616143e+00
5.368322079990066165e+00
3.465687348823182301e+00
4.810579887259144982e+00
3.962992533803277873e+00
5.625827121461296265e+00
3.810709435733204309e+00
4.095122931044508974e+00
3.108351807244468912e+00
4.279988060756331869e+00
1.452640492912459003e+00
3.523131591655067840e+00
3.755751756092040594e+00
4.793611807128304925e+00
5.892090736838378362e+00
5.272285689952038723e+00
5.518151072719151173e+00
4.006876633221089001e+00
5.563662345753639826e+00
5.495848595695265182e+00
4.036850956761513842e+00
3.095887237125280134e+00
2.848833960505112728e+00
3.390220155767711852e+00
3.022350025291701936e+00
5.022190459112988670e+00
4.726788182256454363e+00
2.729519382654118420e+00
3.351926186338813007e+00
5.379246185611153308e+00
4.563107516623404969e+00
4.442360193416295289e+00
3.824927610353268559e+00
3.685738316542993775e+00
3.918191871350505284e+00
3.944695398848751644e+00
3.440929802792326520e+00
6.345916041585252465e+00
2.023646697118287374e+00
3.453416237160423563e+00
2.513952059046947962e+00
4.441192441664981061e+00
2.587194809925928762e+00
3.415057743899800435e+00
3.400892873029415675e+00
1.468946992643892502e+00
2.810909428265300658e+00
2.720477367310991212e+00
5.816424992748392420e+00
4.720168026692255658e+00
2.991582144136536225e+00
3.906367907033056142e+00
3.417594344029294628e+00
4.609898312993665925e+00
3.030249837307489535e+00
4.769222657372106156e+00
3.819793771910656943e+00
1.505353876263612278e+00
5.029667615425990057e+00
3.005988690544257658e+00
3.176780517337151277e+00
2.662400071739144281e+00
3.085388353970037745e+00
3.488488323806297586e+00
5.055294989269302208e-01
5.997478874913296565e+00
3.612624638614602368e+00
4.800874331675720974e+00
1.832812556486182354e+00
4.814112942404685569e+00
6.282581536682886991e+00
3.307184880690318796e+00
5.428239381614774928e+00
3.092541846612903989e+00
4.739906345322743242e+00
4.643265132189843492e+00
5.136425695233814537e+00
2.014533313327931729e+00
5.075113215326949145e+00
3.325652561051502420e+00
4.779627619702133678e+00
3.828157195237372079e+00
3.568560911941583758e+00
2.949962025026947376e+00
5.070953159235893182e+00
3.849207022826365954e+00
4.293284504684735658e+00
3.686092289300084257e+00
4.224437822834145706e+00
3.594350491986277429e+00
2.842210234618837816e+00
4.644000743633454498e+00
3.264130202903944511e+00
5.443762287484656071e+00
4.117677402472036619e+00
5.098629016721988094e+00
3.863046116846974964e+00
4.169788338242834236e+00
3.157734602631363074e+00
