# Ensemble A, m = 300.0, lambda = [  6.23506684e-09  -5.65983164e-09   0.00000000e+00   1.71257508e-09]
8.615796542743381706e-03
0.000000000000000000e+00
0.000000000000000000e+00
1.021607778812710698e+00
0.000000000000000000e+00
2.277740885100951740e-01
1.826321701932197339e+00
1.417271069071300404e+00
1.292445820026231207e+00
4.882885429640486108e-01
1.006449258392147383e+00
1.059380940189307729e+00
1.000375711329967165e+00
1.817001192234493079e+00
1.087329730539178918e+00
0.000000000000000000e+00
4.590392621056885725e-01
2.392283574997540185e+00
9.743196777913976092e-01
1.554594814462541885e+00
1.099308152523016835e+00
0.000000000000000000e+00
5.569555413167204261e-01
1.022655905736606252e+00
5.270993673838871851e-01
1.105900500889144267e+00
9.619769442999176468e-01
0.000000000000000000e+00
0.000000000000000000e+00
1.469135857782212895e+00
1.597069390883639750e+00
4.923701373104366064e-01
6.631944895761552328e-01
6.193781334296240004e-01
1.675735159767110405e+00
3.401233557330405888e-01
1.571257947832296553e+00
2.641076985726706461e+00
1.674119063945535002e+00
6.485727407267523059e-01
2.585181882678532439e+00
4.197741980330785827e-01
0.000000000000000000e+00
9.262615021754619926e-01
3.090895841779107700e-01
2.060887111395810933e+00
1.770671152247937696e+00
0.000000000000000000e+00
6.179862445487174227e-01
0.000000000000000000e+00
0.000000000000000000e+00
2.286516505602757210e+00
8.045877784672175737e-02
0.000000000000000000e+00
1.657330402442120043e+00
1.108469168589527598e+00
8.542379206504965294e-01
1.387788537006029166e-01
0.000000000000000000e+00
2.543870518962590421e-01
2.219555598138343466e+00
1.774850839040567063e+00
0.000000000000000000e+00
0.000000000000000000e+00
1.060105051943004195e+00
1.064866810994925528e+00
0.000000000000000000e+00
0.000000000000000000e+00
4.067965373563250386e-01
0.000000000000000000e+00
0.000000000000000000e+00
4.978637668097833924e-01
0.000000000000000000e+00
6.208269481936798950e-01
8.641450694089873874e-01
1.470255016727275876e+00
4.406217946118474171e-01
8.164926012502132791e-01
0.000000000000000000e+00
0.000000000000000000e+00
1.443155973778385892e+00
0.000000000000000000e+00
2.885165373920755005e+00
0.000000000000000000e+00
1.108773128135002173e+00
0.000000000000000000e+00
2.789901391029898092e-01
7.928382101825813821e-01
1.021723088931919821e-01
1.651926085026494739e+00
5.705846115085385639e-01
4.446979357383815668e-01
1.148074460410427378e+00
2.110295036468799790e+00
5.622343712651527436e-01
5.657113681475670619e-01
6.477231888010561711e-01
8.408679817867498185e-01
1.584295352883748897e+00
5.700790224846008503e-01
