# Ensemble A, m = 300.0, lambda = [  3.30971607e-08  -2.49517893e-08   0.00000000e+00   1.24876048e-09]
1.923148886202955099e+00
8.694224033279926989e-01
3.081407696021829068e+00
2.781190777621861621e+00
1.697362108360751520e+00
4.047578101370114645e+00
3.926251850253386522e+00
2.753061358719818053e+00
3.641623533958390002e+00
2.682700959954460007e+00
2.528292178761654352e+00
3.475676466247171525e+00
2.868894384791578656e+00
2.492198908045839545e+00
0.000000000000000000e+00
2.982952353326258077e+00
3.201394023735049110e+00
1.150365037516032585e+00
2.706598512769287979e+00
3.302696975366517407e+00
1.549619117905218335e+00
2.003093562796422589e+00
3.714801676724175383e+00
8.726886286220045807e-01
2.874887810399127996e+00
2.646587225709172486e+00
2.322999100945479345e+00
7.436882673073899053e-01
1.985244306708448203e+00
2.014805381996342959e+00
2.775807105793310026e+00
1.072035580657052067e+00
1.899392902979811781e+00
2.571757244880425120e+00
3.207397450472531553e+00
2.743269922271682759e+00
2.049400895360261377e+00
2.868059056151931241e+00
2.449752852080021803e+00
2.973983600481874490e+00
1.429278036603888413e+00
2.347295612524797903e+00
1.713226930961454064e+00
3.260480707028166503e+00
2.216331950080459023e+00
3.887113233955420633e+00
2.740013040725529425e+00
2.868803839072020079e+00
2.354663013207285882e+00
2.555714474725380825e+00
1.620384243429664473e+00
1.594113985872368966e+00
2.598614351794009458e+00
1.663943128149531381e+00
2.545258749122205622e+00
1.607065445044159713e+00
2.424915128406674558e+00
2.462371970672870169e+00
4.491613928034331238e+00
8.015675472331389440e-01
1.202505214245214393e+00
2.378490160899492167e+00
2.611673838535901293e+00
4.349272904845657983e-01
2.416245840474533502e+00
1.130608947828786848e+00
9.428520865475302770e-01
1.927441043088941264e+00
2.590306183361651637e+00
2.710122048661983474e+00
3.179606901316523349e+00
2.390643724316166896e+00
2.242653954051706311e+00
8.722624760735506744e-01
1.696127214780336123e+00
3.459216247584568471e+00
1.930929754044561131e+00
1.630234807135718889e+00
1.259955289071063023e+00
4.333811823502865757e+00
3.061078748804035854e+00
2.347098384919104497e+00
1.533482610926709455e+00
2.499894895843034259e+00
2.320117323754993244e+00
6.088636792901933603e-01
2.294673856363583564e+00
3.246721466036201154e+00
8.201966528050318450e-01
2.564249619279170389e+00
2.244639682140906700e+00
2.818706574858134140e+00
1.472175198976056310e+00
1.180623732156410144e+00
1.293897717095086275e+00
2.105843603242399276e+00
2.147354088177502618e+00
2.950652660314335485e+00
1.281688341870330650e+00
2.874932954142797481e+00
