# Ensemble A, m = 300.0, c_n/c_p = 0.832258064516, f = -0.977826086957
# lambda = [  1.03273041e-08  -8.40439772e-09   0.00000000e+00   1.79994899e-09]
#  
1.697421040030840267e+00
1.826540169686886594e+00
2.498718577987764977e+00
3.066237041783549166e+00
1.025617824840522330e+00
1.991654100365011226e+00
1.989117600667559049e+00
2.067301922751356269e+00
3.823825902448350078e+00
3.516251216292507920e+00
5.743440037132311105e+00
3.189976045452241671e+00
4.313326006783796629e+00
2.475044715179907318e+00
3.318489993836431395e+00
1.285130360517253045e+00
3.781899219697649750e-01
2.362016157571337871e+00
1.492019044644609549e+00
2.365163203974586459e+00
6.501183513867927477e-01
1.462302582628064673e+00
3.316618807071292974e+00
1.827138678115307835e+00
2.248575142502023283e+00
8.391850208253806009e-01
2.948276375969004715e+00
3.265469846600311143e+00
4.028448106248206706e+00
3.663250722549177829e-01
4.948299017045569848e+00
2.333286796981150601e+00
2.599529046375177899e+00
1.978989130882833791e+00
1.554465272519012453e+00
2.106217669717281193e+00
2.999940953678043254e+00
1.756587755998521683e+00
2.184361881170819863e+00
3.106922905253767908e+00
3.601398621636195063e+00
4.004979274738339257e+00
1.733901342868785500e+00
2.802253181220400791e+00
1.537569127369156519e+00
2.160160687302900673e+00
2.184423953819223829e+00
4.606937110810330971e+00
4.478213321613852722e-03
2.995648170125213117e+00
2.247889862151809748e+00
5.537501812105091403e+00
5.911644894185809351e-02
2.445570821913523929e+00
1.942132082514145264e+00
8.070894949166225185e-01
2.173574598718688744e+00
1.491022147829770939e+00
4.311958475833336912e+00
3.078614566629096938e+00
3.795709952960535372e+00
3.061599340268665426e+00
4.872154171310889126e+00
2.599976049228620578e+00
3.107214873651716225e+00
1.620776211234528086e+00
1.705669149321675571e+00
3.373011720345915343e+00
4.108951779112955394e-01
2.620934020280166976e+00
3.941968009800514761e+00
2.848831831530575176e+00
2.606172473208409723e+00
3.154348951858716443e+00
1.278796666606391907e+00
3.333773934422032070e+00
3.062591072885910481e+00
2.797819627450651936e+00
4.956841212354268222e+00
2.627058523569593795e+00
9.138998814327343734e-01
9.699210699540804503e-01
3.018849933968135169e+00
2.561674667802368521e+00
3.782580339771275391e+00
3.957098933681517661e+00
2.685154398177394430e+00
3.360019109597124576e+00
3.861309700830968250e-01
4.261576194494041125e+00
2.009274124033785913e+00
2.250378176353027282e+00
7.213412500522458082e-01
1.844694585944113951e+00
2.317618405204810106e+00
2.149607812725394584e+00
2.206138528720022141e+00
2.489532342204284099e+00
1.075199124815253926e+00
1.330783511853648182e-01
