# Ensemble A, m = 300.0, lambda = [  1.41404632e-08  -8.83972812e-09   0.00000000e+00   1.85200461e-09]
2.420689003572935150e+00
7.235945724423326064e-01
7.639646697297352018e-01
1.279617357990156523e-01
6.777184379128609049e-01
2.530999485600659682e+00
0.000000000000000000e+00
8.421007567284977124e-01
1.005599149386777746e+00
3.624695867208427291e-01
2.056058947399798664e-01
9.445607115387062436e-01
7.433255165421940314e-01
1.298772612523711567e+00
5.707408448990561878e-01
1.869888041246377863e+00
1.729322990417091255e+00
5.839455704507171552e-01
1.781650239505842004e-01
3.357625280639571219e+00
5.585881645800585549e-01
1.468957075331144502e+00
5.887409668357745929e-01
1.046601170002337877e+00
0.000000000000000000e+00
2.381135883603394399e-01
0.000000000000000000e+00
0.000000000000000000e+00
2.687458662651325270e+00
4.430511833890503626e-01
1.768081886341700937e+00
5.794600268632003059e-01
1.881403793388008339e+00
9.287807547983487622e-01
1.972281031613653202e+00
1.197452171084839367e+00
0.000000000000000000e+00
4.864833067064094352e-01
2.835678210740208982e+00
7.230224852160387072e-02
1.641022011595990149e+00
7.614957191177611495e-01
0.000000000000000000e+00
2.175127105659681259e+00
1.148550121783407763e+00
1.307124958810955029e+00
9.334938077357035624e-01
1.277754825603101274e+00
0.000000000000000000e+00
0.000000000000000000e+00
1.674195846382217079e+00
1.043860057237319339e+00
5.475050260298491844e-01
1.828806341343814645e-01
1.004792462192781066e+00
3.647847334767942429e-01
0.000000000000000000e+00
8.836583771869332971e-01
1.061173968068882756e+00
0.000000000000000000e+00
1.730459932273344104e-01
2.438005264821092588e+00
2.326069971570325023e+00
1.172810968246628338e+00
0.000000000000000000e+00
1.167127578524603582e+00
1.925408413649819073e+00
9.113129682753257077e-01
2.988316243317325149e+00
2.031615270791821359e+00
1.023100479708250354e+00
4.401577408098877875e-01
9.104807431259162032e-01
5.118677695411455453e-01
1.223090305753995022e+00
2.374450280961634352e+00
0.000000000000000000e+00
1.338420575002896129e+00
1.507742371629539946e+00
0.000000000000000000e+00
9.535182917911246836e-01
2.947706069878579971e+00
1.211084011039206265e+00
3.831886298010275915e+00
8.875194709898081014e-01
7.761930292237786411e-01
0.000000000000000000e+00
7.869045434310630860e-01
1.102683877844218507e+00
6.255261431513045034e-01
3.656927093345770374e-01
3.583451475368999439e-01
7.710452465504803454e-01
1.159095954765877678e+00
1.233576928475550893e+00
1.178606632149695299e+00
2.258790259301235170e-01
1.437678393580027691e+00
0.000000000000000000e+00
1.175004966516764338e+00
