# Ensemble A, m = 300.0, c_n/c_p = 0.870967741935, f = -0.975217391304
# lambda = [  8.81534904e-09  -7.48760664e-09   0.00000000e+00   1.69872291e-09]
#  
2.452664389376833398e+00
2.606289069326136243e+00
9.453334954837239179e-01
3.091625525644601247e+00
3.142163546329452828e+00
2.545099530849652680e+00
1.201634253904774630e+00
9.137684602820393964e-01
5.373102342682913868e-01
0.000000000000000000e+00
1.916427331777715626e+00
1.309649730353040775e+00
2.431154428735501138e+00
2.284293675971514614e-01
2.505719861496054079e+00
2.943904253673796045e+00
1.841401158594457854e+00
1.977421022467777512e+00
4.104448172114548932e+00
1.350717668115240411e+00
2.899885219184132890e+00
1.907610137072198064e+00
3.979942518000548102e+00
2.049063126278424463e+00
2.951363242679102772e+00
3.889915028086062154e+00
2.910951359000383487e+00
3.598495359699916740e+00
1.113414229693071300e-01
0.000000000000000000e+00
1.248608058795752429e+00
2.299438154674615209e+00
1.099063941786300180e+00
1.609160013749367568e+00
2.058479941753748932e+00
2.721051650801416422e+00
4.051788928590978611e-01
3.568097949531682023e+00
2.661962328642964781e+00
3.338049654261027843e+00
1.840672069963197988e+00
2.954746691940504100e+00
3.235743810140077059e-01
9.658056361534702594e-01
3.105299636755993298e+00
1.118409056413762093e+00
2.037112660249789542e+00
3.436305431828523105e+00
2.489244812503620619e+00
1.599300408845187205e+00
4.393400608752308090e-01
1.610077377098487084e+00
3.036103620469638997e+00
1.091136101533973779e+00
3.292896297735465883e+00
2.340643933493333773e+00
8.622137097193518507e-01
1.261102655775661940e+00
1.644068909805146639e+00
1.497913899317194097e+00
1.706059351853478567e+00
2.265307651261851074e+00
4.143288315213574657e-01
2.102551186722523724e+00
1.600385170980490601e+00
1.520394162924624704e+00
1.192272800115040443e+00
2.364769198122939731e+00
3.300951445011109708e+00
3.363296242005824777e+00
1.465732470446360791e+00
1.198727043062227438e+00
2.030180298649791215e+00
3.264489376284256394e+00
2.157012006828833428e+00
2.016092669384983438e+00
1.446520708154382939e+00
4.410602300217308702e+00
1.140328935844824532e+00
1.151404927443599568e+00
2.263470131955636955e+00
2.540234429331669652e+00
9.453305178259612251e-01
1.886240802399248739e+00
2.593947673092505735e+00
2.185589778570813824e+00
1.521605305194525526e+00
1.995254062867585665e+00
2.735327529461436313e+00
8.015020843705157327e-01
2.448461793422179511e+00
1.100541690263396433e+00
2.076779267327990564e-01
1.777850316530070307e+00
3.256547644322267843e+00
2.378059832672335006e+00
2.806420749327467767e+00
7.793220762747494756e-01
2.357724455554489840e+00
8.936110957059908433e-01
