# Ensemble A, m = 300.0, c_n/c_p = 0.703225806452, f = -0.980434782609
# lambda = [  1.54204545e-08  -1.06318951e-08   0.00000000e+00   2.13459056e-09]
#  
5.624193030913899882e-01
1.631140489340562105e+00
2.617617754309416789e+00
1.402877473975320699e+00
1.533345031570588990e+00
1.014818766505276582e+00
3.136716438920448269e+00
2.314867604168580950e+00
2.112921514223085495e+00
7.457771342196830577e-01
2.644744388104926180e+00
1.655046686647578813e+00
1.421039225639297188e+00
2.782018827054054899e+00
2.064784380965477339e+00
2.560709818124866644e+00
1.833697127451564546e+00
0.000000000000000000e+00
1.481669510768489628e+00
2.479896248293695926e+00
2.489190067127307060e+00
3.046479654193375630e+00
2.958543733500234030e+00
2.363528644764847364e+00
2.326032093438487269e+00
1.145296005019743157e+00
2.255844557125363803e+00
3.688299660640558031e+00
2.299337425838227755e+00
1.059310957621784288e+00
3.326274924169973168e+00
1.962542766034383046e+00
1.541629330449300506e+00
2.030965660088290825e+00
3.271429622753731614e+00
2.334129714270339218e+00
1.377045391122122320e+00
2.475854262594437749e+00
3.341543937234780159e+00
1.101694918208120155e+00
2.929578035394523550e+00
1.498792399644939044e+00
2.086394687368891443e+00
0.000000000000000000e+00
1.614067475564070264e+00
3.096087837698117351e+00
2.364110571338549516e+00
2.176963125429461687e+00
1.934794076212823066e+00
1.022885555156775927e+00
2.593026130515979411e+00
8.775320309796746931e-01
2.712732345768070208e-01
0.000000000000000000e+00
3.065051752297667242e-01
8.025091841624075739e-01
2.723995620337359647e+00
2.776136525101807528e+00
2.177730424812178711e+00
1.995128058875834887e+00
1.259378019164142826e+00
2.425052851639204921e+00
1.637226264983043578e+00
2.167431129822710301e-01
1.016628667179105966e-01
1.804987183386173921e+00
1.331781836530626650e+00
2.478823362932832453e+00
8.522055208858624331e-01
3.191518271336584167e+00
1.926026249609037233e+00
2.556180995651754273e+00
1.736920262407683602e+00
1.169857033555285364e+00
2.493962593910285186e+00
1.952437605052202985e+00
1.469908230563785612e+00
3.291934166249834703e+00
2.671743001930919181e+00
2.072464045423213719e+00
2.078621585328158439e+00
1.610517288211380071e+00
1.041064873651045275e+00
2.224144242264490146e+00
6.535425908911416393e-01
1.449585597595275388e+00
1.326653647709016504e+00
3.158093310291957057e+00
9.823866707091972739e-01
2.798864214324271682e+00
1.704118714892685738e+00
1.798358223763009356e+00
3.082825044347558663e+00
8.520257722641427778e-01
1.740300346987097901e+00
2.632805659943589838e+00
5.366701303700112113e-01
2.431168291232253864e+00
3.861540401221690288e+00
4.765888232964229365e-01
