# Ensemble A, m = 300.0, lambda = [  9.58196331e-09  -5.80534507e-09   0.00000000e+00   1.93739598e-09]
2.279402523936831404e+00
2.333983490869301625e-01
0.000000000000000000e+00
7.738057147459462826e-01
2.314155129610092343e-01
0.000000000000000000e+00
8.937563460244323243e-01
4.207408756405670025e-01
1.441375211013972086e-03
2.618774401194072787e-01
0.000000000000000000e+00
1.570274324662649823e+00
4.947586501867017317e-01
3.351167954459270959e-01
1.110457857543132754e+00
1.056967242573188595e-02
1.234123898484955628e+00
0.000000000000000000e+00
0.000000000000000000e+00
1.260407595065171193e+00
1.267048577763205897e+00
3.323216489259335216e-01
8.525219616072695628e-01
1.140994477464802648e+00
9.099391381522887734e-01
6.270339280590778719e-01
1.468689038448807604e+00
6.874207167994587087e-01
9.903437223399855771e-01
1.049766959940880567e-01
1.097647270293054422e+00
0.000000000000000000e+00
0.000000000000000000e+00
4.585158397487191229e-01
9.950465118938502940e-01
0.000000000000000000e+00
1.129195572235186518e+00
0.000000000000000000e+00
1.143558728233886601e+00
0.000000000000000000e+00
5.857534206650468755e-01
7.591687833487447135e-01
7.881043735192750921e-01
0.000000000000000000e+00
6.303120537048573224e-01
0.000000000000000000e+00
0.000000000000000000e+00
2.353392634255695448e+00
7.218420982306882339e-01
3.427330633167874341e-01
0.000000000000000000e+00
2.974357576273149562e+00
5.769583709938943539e-01
0.000000000000000000e+00
1.136068716128390887e+00
1.090616375856686027e+00
0.000000000000000000e+00
0.000000000000000000e+00
7.487485543482198525e-01
1.953710439973987079e+00
2.846655699452771415e-01
1.172103124175128741e+00
2.740568630413890094e+00
2.594077412141368555e+00
5.246737167874526708e-01
1.070749741627191609e+00
2.599125366803465287e+00
3.044340441769870065e+00
2.074915343893060982e+00
1.717183966919670901e+00
2.198162406233787003e+00
0.000000000000000000e+00
1.243090611422633440e+00
8.845801972877964658e-01
8.601763605905825560e-01
2.354377705418932099e+00
1.221049988673035269e+00
1.342729058346965321e+00
1.175182988542805562e+00
0.000000000000000000e+00
1.270439209684977921e+00
1.409763606866709651e+00
4.638693652808473789e-01
0.000000000000000000e+00
5.024264259668985710e-01
0.000000000000000000e+00
2.087856445319175025e-01
3.151868939092115629e-01
0.000000000000000000e+00
1.067592115055424395e+00
1.578468549903673690e+00
7.093586989453612990e-01
5.100954863565494435e-01
1.074736308385446204e+00
2.347768083181474896e+00
3.993404449515024490e-01
0.000000000000000000e+00
1.236282447318678201e+00
2.087036737782740126e+00
7.401039555650891222e-01
