# Ensemble A, m = 300.0, c_n/c_p = 0.922580645161, f = -0.972608695652
# lambda = [  7.37390422e-09  -6.61667769e-09   0.00000000e+00   1.58135239e-09]
#  
2.413085406649842390e+00
5.866027734618721734e-01
7.283292557787816035e-01
1.672956142313232475e-01
1.154058096438376424e+00
1.987392492580219772e+00
0.000000000000000000e+00
3.338581796125164924e+00
3.944256509722216197e+00
1.108300205939768412e-01
1.542830447034714503e+00
0.000000000000000000e+00
8.967780720044862819e-02
0.000000000000000000e+00
1.988459299481267095e+00
1.161262134738428653e+00
1.103015521099412144e+00
1.305236339322335626e+00
2.019777492644060146e+00
2.558511647004119371e+00
1.862844440133755164e+00
2.275055760059407461e+00
1.920196923614881035e+00
9.005737207534554312e-01
1.053594728954108106e+00
2.072319798214801723e-01
1.543722136485756513e+00
2.848149306806311287e-01
1.320183968701802435e+00
2.445741137287863687e+00
9.545725026043260994e-03
1.580287565006867956e+00
2.853469353719643387e+00
0.000000000000000000e+00
1.760738804881506914e+00
9.847168436336262154e-01
2.813356902540943061e+00
5.970784446356236508e-01
2.874627838039156114e+00
2.053151246375811145e-01
1.164030338887055649e+00
2.755355180449543528e+00
3.483677558165767518e+00
2.000879473726925539e+00
3.245711936525702335e+00
7.621253447735495401e-01
0.000000000000000000e+00
1.916555502037182501e+00
1.217927535379997872e+00
2.383671473698929066e+00
0.000000000000000000e+00
2.918978404362766010e+00
2.661900199999579719e+00
1.915220152504790496e+00
1.086857364827388039e+00
4.420139499791254228e-02
1.617343111019816870e+00
1.108316626685700523e+00
4.362152768977420325e-01
2.933055308319788779e+00
2.177784246759501663e+00
2.559985056995246477e-01
2.237121300100756827e+00
2.878407581599419895e+00
1.810022505456984510e+00
1.799434831108651212e+00
1.979362444294093581e+00
2.149796643434980226e+00
9.439108474616173527e-01
3.995704902233877309e+00
1.381212138007987811e+00
1.402563653117943510e+00
3.888249794358010214e-01
2.981773590855938405e+00
3.680480456862635918e-01
1.328203966816350778e+00
1.076563849741982049e+00
1.487746094611823722e-01
0.000000000000000000e+00
2.570821993647533610e+00
4.127274227440470789e+00
6.276202480390580263e-02
2.743762367248406164e+00
1.893528524874467323e+00
0.000000000000000000e+00
2.218637209443908631e+00
0.000000000000000000e+00
1.019784096915007154e+00
1.038544224300541163e+00
1.540533303707028789e+00
2.580377287191887969e+00
2.866633988450116854e-01
2.444620142398340468e-01
6.863132875273973976e-01
7.024418158542757862e-01
1.608792073312079296e+00
0.000000000000000000e+00
2.078023009538512156e-01
2.661730048135388937e+00
2.219067792129078232e+00
