# Ensemble A, m = 300.0, c_n/c_p = 0.832258064516, f = -0.988260869565
# lambda = [  1.21966764e-08  -1.00316210e-08   0.00000000e+00   1.55079418e-09]
#  
3.585697303059433683e+00
2.769603139646897194e+00
3.970746678795276985e+00
5.147659735053761842e+00
5.943333380100212615e+00
3.738781492571051412e+00
4.755016875194965742e+00
3.696229695437720508e+00
3.830175808300479545e+00
2.944126455771032269e+00
3.859429763311236883e+00
4.901802883949483380e+00
3.175715256135726694e+00
2.774692541828194692e+00
2.729883601185555175e+00
4.953269123049155453e+00
3.583830035557073579e+00
3.748833452540292654e+00
4.201741393093681332e+00
5.111103656348762847e+00
6.010493577713650559e+00
5.743727236250342649e+00
5.708273522368411790e+00
9.196841733946072850e-01
4.290212524269177763e+00
3.883220632886066337e+00
3.802793961905156728e+00
5.625136621915917345e+00
4.743240633055877176e+00
5.001583339489686253e+00
4.718306537189026706e+00
2.995748008043900068e+00
4.301723522442780556e+00
3.149491653230525934e+00
3.375603619280881595e+00
2.823455079219783670e+00
5.990389561147893893e+00
3.476773053939161695e+00
4.967036999771943684e+00
2.417590795603771880e+00
5.281690336623149129e+00
5.141570225194233679e+00
2.242979231460794143e+00
1.563250778219824388e+00
3.514622553703756758e+00
6.009844880358257591e+00
4.123927673003987771e+00
5.749515471629639052e+00
9.815947341734462261e-01
2.402530873938672595e+00
3.348496232656760441e+00
5.763919555056674859e+00
3.237222485169842123e+00
4.436471165223910162e+00
2.345021984334180409e+00
4.460925712417349587e+00
3.622512992004211618e+00
2.460125606772090912e+00
3.735052343872772962e+00
3.866692352100672636e+00
5.053330195246842571e+00
5.792442330171583720e+00
4.636236478462876676e+00
4.314603214903561579e+00
2.747487239570403084e+00
3.574737715954924511e+00
4.336370711838955394e+00
4.038366460946741121e+00
3.550330717812600234e+00
5.875971797463425794e+00
4.297158339218721146e+00
3.641279803113005809e+00
5.662187735789752097e+00
3.586077963486288933e+00
5.392683569634530549e+00
4.710872652784694026e+00
2.101075273499498408e+00
4.793340514927520779e+00
4.045781953032120626e+00
5.757657544552411188e+00
2.115830165411984876e+00
4.070945959082801657e+00
4.635162234191894548e+00
5.364477774090591566e+00
2.145531884704220182e+00
4.445405116870375650e+00
4.894453677336088049e+00
5.955811873580533877e+00
5.739698980101191061e+00
4.959272914485654660e+00
4.469222359018782953e+00
4.167300952123465407e+00
5.228261245025453086e+00
4.279708124218919885e+00
4.294606037912691576e+00
5.816727168777287460e+00
4.730118792371004410e+00
4.077910369074103869e+00
3.179830124446388240e+00
3.705114147804044133e+00
