# Ensemble A, m = 300.0, c_n/c_p = 0.78064516129, f = -0.979130434783
# lambda = [  1.25487747e-08  -9.59169903e-09   0.00000000e+00   1.99089750e-09]
#  
2.910330381018945367e+00
9.975226710971022426e-01
2.707303402908148193e+00
2.119649290147556986e+00
3.104407279879808357e+00
3.769345757479006132e+00
2.883816311845441849e+00
3.038229740836198012e+00
1.190974267082445248e+00
1.741347718053433136e+00
4.621933714766848666e+00
4.062855252771737646e+00
1.046573804826057774e+00
1.448372122873940349e+00
3.517684280970780009e+00
4.500234515082925491e+00
2.808903849062820868e+00
1.112599677742856619e+00
4.757597787823834246e+00
3.051564522408406699e+00
4.715100166282871541e+00
2.722761628563793668e+00
4.776434496663429563e+00
4.335821976813694079e+00
1.421755302502567542e+00
3.595504794095670587e+00
5.084562623851232033e+00
3.240932721279463635e+00
7.868111446481104165e-01
1.957515840824717746e+00
4.948303455516841254e+00
2.276306569728057116e+00
4.107463516670882164e+00
7.654015424063586037e-01
3.883815439666105984e+00
1.656324454440700977e+00
2.960434762902342420e+00
1.392788166787714665e+00
8.644596478910311632e-02
4.329153502380790997e+00
5.584694919842982941e-01
8.903520879671159571e-01
2.525556017840455691e+00
4.438096231227130595e+00
3.996826988002175174e+00
1.623298075398385665e+00
3.028583712111295512e+00
5.520180723212758656e-01
7.043226986052582017e-01
9.067684559524064047e-01
3.058714069424058657e+00
1.864185739851246471e+00
2.977844227569542923e+00
2.233214241557093693e+00
2.411956469000720471e+00
3.854793011366701716e+00
2.734925079030075867e+00
2.039796389072587424e+00
4.518978697023932511e+00
1.960479948164400854e+00
2.755096124916589950e+00
3.007905219223713900e+00
3.623617711194285551e+00
2.031840111840659269e+00
1.969458862237202457e+00
5.207517557434179878e+00
3.096632574552384831e-01
2.552503194656613683e+00
2.357134117681542573e+00
2.320049176626179932e+00
3.728896828855958745e+00
3.518184761630454904e+00
2.732887362552594901e+00
2.903432676038911087e+00
2.305973424938557059e+00
3.072007406534945861e+00
3.205287758017082655e+00
3.052616201950914654e+00
4.548900786164571386e+00
3.264721441129768031e+00
3.119417855429652331e+00
2.816162790834016327e+00
2.790381954848702328e+00
1.993431596624554436e-01
4.159482581494226672e+00
2.336602067190413301e+00
3.463656466944960322e+00
3.182395216364730217e+00
2.256610284029779478e+00
3.251189120986007985e+00
1.598131922992241050e+00
4.044577485346012580e+00
2.171266862646549445e+00
3.891841498519931442e+00
3.123296658144392168e+00
2.075011317328688598e+00
2.110489182050130363e+00
2.973267391683044547e+00
1.201874680804870810e+00
3.208296169992639779e+00
