# Ensemble A, m = 300.0, c_n/c_p = 0.78064516129, f = -0.975217391304
# lambda = [  1.17170923e-08  -8.92020758e-09   0.00000000e+00   2.02373892e-09]
#  
1.302864867025638418e+00
1.084847658501634671e+00
3.120087404256540520e+00
1.387873986662105263e+00
1.933053705356213570e+00
4.689386974899909077e+00
5.134551322560953146e+00
1.412834376254909596e+00
4.380118431469908202e+00
2.538581466906359996e+00
1.897050650327568810e+00
1.364735147259772852e+00
9.975226710971022426e-01
1.589726715974510540e+00
3.922547528583497645e+00
1.256295432629199738e+00
1.653756596485464581e+00
1.163086243896485072e+00
3.431413619025339035e+00
4.447010112629783407e+00
2.120683383342671480e+00
4.174646932120679388e+00
1.961498469854023874e+00
2.771105441377095691e+00
1.839410342869746140e+00
5.312738968850267973e+00
3.625228156466541396e+00
2.155000940325639824e+00
2.124882571867962699e+00
1.289539177108935508e+00
2.855367319079969324e+00
3.201509977194757273e+00
1.682507890836456577e+00
6.238118058533462795e-01
1.198378451730342409e+00
3.109081644162772662e+00
1.225231026852077632e+00
3.886336920615570900e+00
1.285542552778377257e+00
4.901906845208515051e+00
3.165461712892223112e+00
4.808265121734680569e-01
4.143159634111611922e+00
4.781328311982182000e-01
1.786768229301268329e+00
1.255139479556550919e+00
1.084350879891088582e+00
1.631811598467615365e+00
2.259868546523678301e+00
2.729698820045316054e+00
2.145142707090497591e+00
3.358458847353939625e+00
2.922954426143957729e+00
2.963835900111754462e+00
1.967194921698705468e+00
1.289818122074817275e+00
1.664592887104359820e+00
2.622313113390816852e+00
2.154923807960180682e+00
8.778144344951147593e-01
1.202095574014416357e+00
0.000000000000000000e+00
2.739679988640838726e+00
1.394854364637420074e+00
1.742637077772043686e+00
2.992451494652584643e+00
1.498634299509307155e+00
2.496280344890599245e+00
3.693462210368669396e+00
2.470374783698305876e+00
6.989014204548160691e-01
2.325502174576934866e+00
2.267690230935373918e+00
2.736289290351951564e+00
1.961213945920578183e+00
2.480476941509709654e+00
2.518477271377493665e+00
3.581304523128193473e+00
7.257242344266527923e-01
1.345177390317427113e+00
2.724610720864266700e+00
0.000000000000000000e+00
1.372461801246693369e+00
3.725927735991640066e+00
3.308753331368822437e+00
3.336362743720331370e+00
2.594343877267917708e+00
3.470579253792785979e-01
2.379734191860466197e+00
1.541208063006297202e+00
3.100611841036535754e+00
3.005038347906637153e+00
1.811104295149088106e+00
3.811776906286530320e+00
2.184286432148501600e+00
0.000000000000000000e+00
1.497136045826020778e+00
1.716455827247788779e+00
2.148443887642486949e+00
1.712060478665479168e+00
