# Ensemble A, m = 300.0, c_n/c_p = 0.729032258065, f = -0.989565217391
# lambda = [  2.00308283e-08  -1.44507396e-08   0.00000000e+00   2.10410034e-09]
#  
3.539020243035596813e+00
4.672682261153905614e+00
3.883751116783409785e+00
4.732577627834404055e+00
3.606452071623938771e+00
4.552233295497771337e+00
6.191281037011236776e+00
4.537404356709337172e+00
4.031734995817829459e-01
3.331467095861063932e+00
4.208801504718657327e+00
3.968123194978442569e+00
3.791169060227771670e+00
2.835465903391509279e+00
2.306532502144824637e+00
5.402525252277182055e+00
2.844262066029751068e+00
3.554792731603328981e+00
1.982563166251097186e+00
4.243484673919133421e+00
4.234296212702290951e+00
3.893480021732530716e+00
2.299259714083334849e+00
1.922434069947283053e+00
2.530131734864891957e+00
3.119086545348000783e+00
5.489028794811092737e+00
4.654884475649203601e+00
3.607001929506049365e+00
1.615917223422775661e+00
4.011134719492229550e+00
4.749028216927965396e+00
3.579670185130788163e+00
4.237624164612126876e+00
4.677960713163949791e+00
4.774439323317415607e+00
3.635625270980336499e+00
2.968874107833139764e+00
4.416419491004686115e+00
5.201945071810678556e+00
3.191260228296576518e+00
3.263148535292250685e+00
2.920704339845616282e+00
1.506882450599851930e+00
3.622095791347014870e+00
2.135691494088260534e+00
5.436083694071943029e+00
3.279027543276661572e+00
3.528713993746712241e+00
2.500154196343178370e+00
5.098273231243372727e+00
3.608788570111750360e+00
4.123194048706115389e+00
2.756469638839599057e+00
1.680475979398493358e+00
3.908334582962196713e+00
4.248568689866227821e+00
3.568255378752723139e+00
2.883915642958095216e+00
5.174457653962724279e+00
5.557514167942472660e+00
4.119371360618844236e+00
2.985531048769840101e+00
3.148376989130695414e+00
3.696006182637465276e+00
5.189678227412745315e+00
3.973398359972407867e+00
2.906815530933238190e+00
3.706304487219675536e+00
3.956763778383157071e+00
3.495716644132552009e+00
3.061890268113781399e+00
3.109627428344528433e+00
4.750563445825999764e+00
1.953582064887248171e+00
3.814429470273500655e+00
1.889044876300197018e+00
1.743760871619733699e+00
4.266268678202479236e+00
3.337544073653003984e+00
4.970925685001728489e+00
5.630105630195775923e+00
4.162159172043952360e+00
4.911136602429038156e+00
2.507569173358960235e+00
3.102415835931072063e+00
3.534758413199164728e+00
5.528773666869836845e+00
2.399555651260585343e+00
3.896215561398951976e+00
4.949569851853342861e+00
1.875658040981642127e+00
3.324193356646654163e+00
4.805695734252297235e+00
3.406965450587932764e+00
3.108457035293604953e+00
2.522501258157995974e+00
4.408707132986958044e+00
2.615633543998147292e+00
4.060697499344281702e+00
