# Ensemble A, m = 300.0, c_n/c_p = 0.935483870968, f = -0.961428571429
# lambda = [  6.59730678e-09  -5.93362380e-09   0.00000000e+00   1.69754812e-09]
#  
1.773363513803646097e+00
1.163265843559399215e+00
1.779933191701166484e+00
2.684543715940711728e+00
1.865316593221686414e+00
7.678126105357612197e-01
2.147069471103525196e+00
1.219397902611629725e+00
7.175318051076872150e-01
5.753700448177888616e-01
1.257848818727760332e+00
2.006266278250476986e+00
9.497231319790758741e-01
2.898850317734236182e+00
9.742879493478200370e-01
1.158418982721918677e+00
1.963600346002082997e+00
2.056031324424278939e+00
2.079223297592772912e+00
5.913019243660804225e-01
2.343459839587398008e+00
0.000000000000000000e+00
2.304323093276106960e+00
0.000000000000000000e+00
4.897087806009203237e-01
1.532901084752112952e+00
1.553840492349576774e+00
1.980941017907854151e+00
4.555866904472980622e-02
0.000000000000000000e+00
2.319133597781881218e+00
1.342476250262035209e-01
1.985014305541886959e+00
0.000000000000000000e+00
1.313803716931494003e+00
1.302975378327897005e+00
1.248920459939739880e+00
2.299421383771467764e-01
0.000000000000000000e+00
2.830575712608795147e+00
0.000000000000000000e+00
3.818996115601415720e-01
5.267603713419594103e-01
4.074778438256560498e-01
3.605716713617831415e-01
0.000000000000000000e+00
9.769599810051241562e-01
1.588165409128681427e+00
4.319595941218696278e-01
2.859668428255755401e+00
1.275533954048304386e+00
1.820472586669662940e+00
2.372338436711777465e+00
3.733546197745012396e-01
2.640171228709844886e+00
7.933116676570632908e-01
0.000000000000000000e+00
1.205063397506132894e+00
0.000000000000000000e+00
4.839996079284246688e-01
1.224514916238277573e+00
8.750815839956277431e-01
0.000000000000000000e+00
0.000000000000000000e+00
8.386076358353653504e-01
1.205063397506132894e+00
1.695403514941710821e+00
8.628915586572479812e-01
3.104151010381890341e+00
1.834208706860817273e+00
1.491276046890278151e+00
4.424325567446791840e-01
1.960972736044839682e+00
6.274051443570209663e-02
8.129771483999017612e-01
1.878974921480266902e+00
0.000000000000000000e+00
0.000000000000000000e+00
8.954844813650960841e-03
5.862975272921899794e-01
5.849408058433969160e-01
2.101903318270825494e-01
7.764991524531364986e-01
2.193180584068593397e+00
2.183079974314103833e+00
9.970788519890722013e-01
9.026310977789602230e-01
0.000000000000000000e+00
1.922181031384888161e+00
0.000000000000000000e+00
7.489231224454088176e-01
2.087885936202883708e-01
5.821485993030314221e-01
4.121148303249095868e-01
1.638743787542693342e+00
2.326329609222009265e-01
5.410467688013943510e-01
2.709443834920055583e-01
1.498952765742327609e+00
1.534226721834299756e+00
