# Ensemble A, m = 300.0, c_n/c_p = 0.690322580645, f = -0.97652173913
# lambda = [  1.41716994e-08  -9.55335521e-09   0.00000000e+00   2.10745238e-09]
#  
2.076848419301714266e+00
0.000000000000000000e+00
2.407554779616117635e+00
1.231964393105438260e+00
5.034324226760870102e-01
2.593318560383837568e+00
1.528642237239846491e+00
2.303815358232570887e+00
3.399108454250853173e-01
1.644206685858946138e+00
5.067181473673331160e-01
7.128495022531026182e-01
2.295115838014890830e+00
2.397044377952048944e+00
2.425476841951473617e+00
3.398288270200952255e+00
2.898482164040224518e+00
6.103062832309065211e-01
9.957786030442561387e-01
1.976397655623203242e+00
1.159674891193960722e+00
3.297437981295263221e+00
2.129267479530637885e+00
2.526100336457078654e+00
2.678389534501663949e+00
1.018928768169669707e+00
2.755460260743589185e+00
1.284621957852471796e+00
0.000000000000000000e+00
2.013388609640105908e+00
3.260743527497502292e+00
1.048027243715502932e+00
1.685836640699325262e+00
1.406382242275778349e+00
1.134964001550404111e+00
1.540312700129275569e+00
1.168518327623693898e+00
1.463039081996084345e+00
7.492059660538363808e-01
1.932193403565590772e+00
3.440844715981693280e+00
3.771355977464430076e-02
3.047391985458456798e+00
3.381991694034272022e+00
1.439055793412403528e+00
1.325608084668812081e+00
1.342477469348744457e+00
6.013151281738415843e-01
1.704016839876117295e+00
1.319569829072043232e+00
1.565076003211125277e+00
2.424078949564730134e+00
3.095675752143945303e+00
1.917443397286997531e+00
1.406382242275778349e+00
3.381446194217827106e+00
2.176615778728420825e+00
5.389403579594140847e-01
1.435231810291242027e+00
8.324688226141633285e-01
3.065464852472179480e+00
1.794697736436205560e+00
1.431084224497961799e+00
2.121829672924882004e+00
3.039770821983406091e+00
2.115993126517999201e+00
2.441563518987071912e+00
1.546539779770431888e+00
9.060250742286413139e-01
2.726811576601827714e+00
9.627269990223978613e-02
0.000000000000000000e+00
2.339342789996858407e+00
1.250854220328167177e+00
2.034025665101752978e+00
2.295025607839049631e+00
2.027807105205431171e+00
2.206488006970754312e-01
0.000000000000000000e+00
1.754640754061719932e+00
2.471018410509235042e-01
1.376250929902954390e+00
1.029310155623718970e+00
2.732696960362275718e+00
2.232328869645470615e+00
7.787486819249007652e-01
0.000000000000000000e+00
1.767424849077229299e+00
1.469823486263542867e+00
1.173391926121135409e+00
3.177945828608782275e+00
0.000000000000000000e+00
2.494853661847158843e+00
7.801500321766134671e-02
8.328083316200216579e-01
2.107816847006941940e-01
3.307019244664619162e+00
1.115622617609353551e+00
2.954669196640163920e-01
1.658753111457769380e+00
