# Ensemble A, m = 300.0, c_n/c_p = 0.703225806452, f = -0.971304347826
# lambda = [  1.27334110e-08  -8.69750905e-09   0.00000000e+00   2.12972950e-09]
#  
2.280785093757346615e+00
2.221719687615607786e+00
7.259971244867083687e-03
1.915246667815103665e+00
1.388181053655276109e+00
6.655719663121605345e-01
1.965571837248101694e+00
2.709436131944586101e+00
3.518328606606801134e+00
1.998002723001540470e+00
1.118511934802281171e+00
2.083133303309465667e-01
1.305126259545755119e+00
0.000000000000000000e+00
1.016857354871869124e+00
7.611769158540679925e-01
1.988484362842870778e+00
1.634788864056929025e+00
0.000000000000000000e+00
1.163941595650035632e+00
1.876014914417620805e+00
0.000000000000000000e+00
2.072495698905669315e+00
1.244074564799150018e+00
2.659421284282300846e+00
8.378794005513383603e-01
4.695288978771162691e-01
2.064069614238002615e+00
6.028263664956605705e-01
8.760657436236628515e-01
3.223782586332690769e+00
3.516902876298195313e+00
1.735897180151284136e+00
1.958352305737053101e+00
1.613329369871900454e+00
2.838479746313706364e+00
2.101801608978544511e+00
4.902216965600348919e-01
1.801080331812579427e+00
2.511426452258347375e+00
3.417189896237269764e+00
1.946728441914390428e+00
1.024441376578700158e+00
3.273185672402966429e+00
5.105307478832096235e-01
2.314636564099450844e+00
5.504119594937906257e-01
2.675280038478861311e+00
9.001774696282998089e-01
1.828240788536477091e+00
3.282174205613377360e-01
0.000000000000000000e+00
4.512615877215503168e+00
2.127104713392133917e+00
3.155979331286552281e+00
1.443923491402802295e+00
1.577374364529553707e+00
2.842938713425708031e+00
2.367639567145641166e+00
5.036487938738307135e-02
3.035379062094858860e+00
2.945808267958801352e+00
6.807956997503318286e-01
1.420257069746881040e+00
1.793804281693629932e+00
7.923362607005524083e-01
1.412384752749912487e+00
1.609193762089619506e+00
1.864886425738727649e+00
1.848358336107414956e+00
3.235085753009735665e+00
1.244957979690552996e+00
1.561649248128772260e+00
1.106477622237114877e+00
2.538695389375265954e+00
1.620914145524352090e+00
3.557592177601589523e+00
2.528330993064586085e+00
3.067441252729591561e+00
9.951733953921254594e-01
2.125319631256086250e+00
1.821711153610445777e+00
2.528984481719636523e+00
1.131322602776335007e+00
2.595658800128093358e+00
1.298543440128163695e+00
9.218544694203133494e-01
1.111364201566039933e-01
2.397915392244378108e+00
5.511342298808934448e-01
2.067990377002530078e+00
2.366336991587128402e+00
2.337376408843231612e+00
2.008329525730225384e+00
1.292531411643972339e+00
2.602086716980813286e+00
2.623295200358653823e+00
1.978264335273003383e+00
1.658883196497815460e+00
2.712033620451548721e+00
