# Ensemble A, m = 300.0, lambda = [  9.65004912e-09  -6.08282175e-09   0.00000000e+00   2.02999723e-09]
2.492420546250766922e+00
3.182669893308457953e-01
1.108914827576402418e-01
3.956585663360246974e-01
0.000000000000000000e+00
2.238816599552352571e+00
0.000000000000000000e+00
0.000000000000000000e+00
1.230913554200224969e+00
1.698627305061202630e+00
1.026383612623487318e+00
9.299370580283433663e-01
3.431471091707699594e-01
2.197069392769493978e-01
0.000000000000000000e+00
3.015457710783954415e+00
1.073710271193890620e+00
1.354607694667679718e+00
0.000000000000000000e+00
8.953752911666947867e-01
1.803431460022289157e+00
3.083458325392653410e-01
1.089834849589567112e+00
2.212451506060354178e-01
2.104584472498036263e+00
1.856624715101664158e+00
1.515914874420112302e+00
1.882375263228656559e+00
0.000000000000000000e+00
7.460532800647837748e-01
3.761379753947792781e-01
0.000000000000000000e+00
1.208818061789071141e+00
1.228544145705046803e-01
5.439790462964814166e-01
0.000000000000000000e+00
0.000000000000000000e+00
7.311403756839243151e-01
2.973851521822697963e-01
6.187457526701822808e-01
1.053384409105017072e+00
8.942402200158572345e-03
2.283070652462608763e+00
3.325792995660242224e-01
5.309774799115785093e-01
1.575074202715184557e-01
0.000000000000000000e+00
1.293894309744823445e+00
0.000000000000000000e+00
9.752756595213557533e-01
9.019822633025560699e-02
6.390379713590164934e-02
1.390936844224214750e-02
1.598818271387026702e+00
1.344605168984856158e+00
1.013263098878624202e+00
6.107335516396823483e-01
1.487725745909499908e+00
4.769959046642300304e-01
2.364062275166283644e+00
8.025547273741518994e-01
2.171681148853236432e-01
2.142935250820107718e-01
1.529919158364505760e+00
6.939047348509441715e-01
1.644636009671399890e+00
1.322474646262552955e+00
6.906808385471834288e-01
9.950758124551121186e-01
2.187572627086236121e-01
0.000000000000000000e+00
8.536259623701247801e-03
9.083749322864836939e-01
1.150905327826690749e+00
2.652219508025399630e-01
0.000000000000000000e+00
2.220763320348316583e+00
0.000000000000000000e+00
2.212780615272005313e-01
1.388731799230579878e+00
3.877174009510030439e-01
6.587114567430517598e-01
2.137793009883800721e+00
0.000000000000000000e+00
0.000000000000000000e+00
0.000000000000000000e+00
3.117052964868227694e-01
0.000000000000000000e+00
6.468435549020072894e-01
2.441225750531644145e+00
1.395451430300401752e+00
0.000000000000000000e+00
3.127285338725452335e-01
0.000000000000000000e+00
0.000000000000000000e+00
4.365044824115186795e-01
8.432272612875076900e-01
0.000000000000000000e+00
1.035567360421469907e-01
2.847071640004656401e-01
