# Ensemble A, m = 300.0, c_n/c_p = 0.78064516129, f = -0.94
# lambda = [  7.98461457e-09  -5.85916169e-09   0.00000000e+00   2.12659172e-09]
#  
2.167208393432857427e+00
1.197002738464100657e+00
2.088090834508255611e+00
0.000000000000000000e+00
0.000000000000000000e+00
0.000000000000000000e+00
2.591070128634532788e-01
2.456399506424539858e+00
3.734291020573797137e+00
2.515151003948732367e+00
6.937214680288442681e-01
0.000000000000000000e+00
1.559343461271956111e+00
0.000000000000000000e+00
0.000000000000000000e+00
0.000000000000000000e+00
0.000000000000000000e+00
1.955404979503136076e+00
3.093528699757873923e+00
0.000000000000000000e+00
1.695916376071581855e+00
4.054322222522120656e-02
1.394250664522640459e+00
4.392635694116091005e-01
1.216531421945311053e-01
3.826195868475446904e+00
0.000000000000000000e+00
0.000000000000000000e+00
1.686018247485752131e+00
3.588520994526964270e+00
1.194644271939546254e+00
3.650389714583018197e+00
1.862607653816209297e+00
1.924229354400746050e+00
2.017091833279485602e+00
1.268163035322014132e+00
1.845900647562565222e+00
8.815722818449334142e-01
2.494453764488116787e-01
1.582445458531511528e+00
2.865907669676056369e+00
1.260514130251112253e+00
2.067025153542363824e+00
0.000000000000000000e+00
7.706468092882697851e-01
7.841637170781755317e-02
1.966928160963202554e+00
2.743611146632085607e+00
1.186976995692396564e+00
3.790913779810976547e-01
6.330510213968851829e-01
7.812643751110839307e-01
1.455233873707070247e+00
2.477446838090109626e-01
0.000000000000000000e+00
8.452004133543665754e-01
1.787312853958275216e+00
1.968270786501549741e-02
6.601215864099560515e-02
7.847516109357875747e-02
2.942821069940042111e+00
1.206764049582110143e+00
0.000000000000000000e+00
0.000000000000000000e+00
7.955872228742237873e-01
2.842035857547721367e+00
3.487839513517113077e-01
3.827370516791937849e+00
0.000000000000000000e+00
7.130870503881315825e-01
5.163874900351055341e-01
2.541652816122379477e+00
0.000000000000000000e+00
7.035907111559792648e-01
1.245192251443825032e-01
6.627927826244373044e-01
1.664375017700348236e+00
1.149549989818329454e+00
9.637667924993493784e-01
1.145288574058916709e+00
9.533363018343746775e-01
4.265820987959944022e-01
7.575560169110820974e-01
0.000000000000000000e+00
0.000000000000000000e+00
1.697711786191855143e+00
1.937948809607418443e+00
2.362042093471344639e+00
2.133663543635381910e+00
0.000000000000000000e+00
8.780603467310272858e-01
1.745892688504772750e+00
1.337661032789927776e-02
1.473020865799869350e+00
4.581869496971106848e-02
1.346682950774708676e+00
0.000000000000000000e+00
1.895044731460903409e-01
1.025263417629265872e+00
0.000000000000000000e+00
