# Ensemble A, m = 300.0, c_n/c_p = 0.883870967742, f = -0.97
# lambda = [  8.06726787e-09  -6.91651115e-09   0.00000000e+00   1.73344109e-09]
#  
2.445942685971015162e+00
2.720478061272668224e+00
1.621813775167376015e+00
2.387156415498143947e+00
3.630361172559279481e+00
2.384480932189827040e+00
3.654260412297870797e+00
2.072345352459313172e+00
0.000000000000000000e+00
2.262779653611517006e+00
2.323578706420232898e+00
2.371940523723135019e+00
9.349640180939706724e-01
1.156693862985700427e+00
8.719917397053190689e-01
2.889284582668754542e+00
3.231255172744438298e+00
3.384616178625839966e-01
1.350130154259403303e+00
1.344928263004325553e+00
0.000000000000000000e+00
1.970167431937080105e+00
3.041242011487363950e+00
3.069353767845576897e+00
2.067996518389359828e+00
1.652478830708721813e-01
1.016030931171149287e+00
4.618760701071296992e+00
0.000000000000000000e+00
1.341695527106367747e+00
1.422840400064887545e-01
2.708754764730279430e+00
1.187076661566723423e+00
2.475281481308597265e+00
7.220312974695805019e-01
5.817411082408034950e-01
1.937355393275332904e+00
2.410081237034756629e+00
2.012763585290456181e+00
2.204026358941879593e+00
1.941928760654114239e+00
3.098401174107189959e+00
0.000000000000000000e+00
2.183648928231099351e+00
1.099063941786300180e+00
0.000000000000000000e+00
7.367081086841481552e-01
3.181783318932972504e-01
5.360489029506384367e-02
9.422157834062204751e-01
0.000000000000000000e+00
3.723513072843104954e+00
3.920426054609920996e+00
2.592364680405574884e+00
2.151317002286161628e-01
2.050242690673471202e+00
1.268793212324541120e+00
9.983950592648981326e-01
1.611341364862133752e+00
1.502707069144649576e+00
2.346081837638060108e+00
1.214426735494558152e+00
0.000000000000000000e+00
1.598345391543466443e+00
3.111969174660750959e+00
2.616766609924140230e+00
4.312017392401782390e-01
2.634698072510261557e+00
1.865625431950479474e-01
8.728240950511449991e-01
4.596555826198560624e-01
4.576295568903147704e+00
1.735522948651952724e-01
2.792365918226220600e+00
2.160966382553579201e+00
1.550362524075954873e+00
4.395899383088804235e+00
1.599697978555370881e+00
3.834271415009400386e+00
1.492488303022299512e+00
1.270304320097384032e+00
9.708136983905551673e-03
2.860143051810056125e+00
1.107898984043139468e+00
2.663337630812037560e+00
1.918285990101575411e+00
3.934336844938589595e-01
2.790103925002527685e+00
2.391932965075487527e-01
3.519389108515058151e+00
1.579263183599647569e+00
1.643727847220567639e+00
0.000000000000000000e+00
2.433220303307118026e+00
5.765127160119812855e-01
1.760753968593012919e+00
1.158747077977329454e+00
1.175107402621977215e+00
2.940039757428889455e+00
1.713094858304534895e+00
