# Ensemble A, m = 300.0, c_n/c_p = 0.754838709677, f = -0.997391304348
# lambda = [  2.85562272e-08  -2.14991143e-08   0.00000000e+00   1.55595946e-09]
#  
2.592873627239800971e+00
3.109742054919284460e+00
3.156259651304149649e+00
4.488233723506299455e+00
5.491455567529690995e+00
3.463253282168105240e+00
4.649897961606173524e+00
4.418984624660510896e+00
5.374893090684072838e+00
4.062706932233026258e+00
3.974239630052259109e+00
4.932396345612172439e+00
5.454996727932166500e+00
2.606815176087403430e+00
5.664800024620495478e+00
3.209776348307188609e+00
2.847410587846322283e+00
4.480147178786950235e+00
3.858851212567905087e+00
3.827339177199474474e+00
4.922905073964570555e+00
4.552255902796401799e+00
3.379739398527148886e+00
1.630554834213913562e+00
4.710670020718506379e+00
3.623763992098199438e+00
4.686620390809962622e+00
4.051829990390523939e+00
3.939406400166166389e+00
3.499006820734092305e+00
4.315801219927930532e+00
5.825358689606133566e+00
3.599955709073670018e+00
4.307018875389029944e+00
2.930016041145889538e+00
3.894552863443188961e+00
1.684237629800519498e+00
3.279867457710450296e+00
4.105948565479651258e+00
5.663578726250667827e+00
4.539666173762430645e+00
5.045378658862051502e+00
3.242722532901230803e+00
3.488008683422580525e+00
4.674059639750674400e+00
5.752280052514503694e+00
3.052896593704266692e+00
2.623873216745780113e+00
4.488185243455641960e+00
3.974294462529365912e+00
1.934773856810388271e+00
5.326299319814629563e+00
4.058540182649316819e+00
4.101894817250755665e+00
2.658262944857869847e+00
4.757663533652967125e+00
3.098735317917612253e+00
3.286402309825444235e+00
3.833216793206543294e+00
4.096167697689174325e+00
2.618915096935765963e+00
4.021498427217485627e+00
5.048110591399118441e+00
4.620275913393318667e+00
3.784594001657455298e+00
2.576423926197793701e+00
2.212197624580952926e+00
2.508594507232892568e+00
2.878719875012753615e+00
4.435624198349612080e+00
3.107287950853507841e+00
3.586221543912068377e+00
2.825602583611682039e+00
4.634316331276686185e+00
4.854958766608602261e+00
4.816854677023850506e+00
2.797697895438376214e+00
4.627929158206789850e+00
3.747746440715946648e+00
3.661586392823968694e+00
5.030160953431814796e+00
4.370239225665897287e+00
5.543055376488707608e+00
3.760610386109584535e+00
3.815036029990661159e+00
4.090034481184193105e+00
4.848210170597254454e+00
4.203802388659079625e+00
3.006107748155677495e+00
4.928316984076650087e+00
3.005624516682640746e+00
4.246827683914350615e+00
2.281533439048003320e+00
4.350015052498370949e+00
4.224668674781069555e+00
2.625500448165409839e+00
3.068504152102448312e+00
4.346307675960656702e+00
3.556810023097458640e+00
3.732464410515939690e+00
