# Ensemble A, m = 300.0, lambda = [  8.02729149e-09  -7.00970282e-09   0.00000000e+00   1.63856193e-09]
1.881809716762179674e+00
7.864632865697696040e-01
2.282348382427306976e+00
7.670573339906004984e-01
1.461136354641155100e+00
3.306300088335583531e+00
1.014982642514758622e-03
7.242443896898980160e-01
3.090761092561792545e+00
0.000000000000000000e+00
1.287747208532111109e+00
1.050668850610005645e-01
3.639925897674554101e+00
0.000000000000000000e+00
2.173146849886322673e+00
2.176407213447979938e+00
6.368552765130259807e-01
2.150378191481010948e+00
2.007697054826622196e+00
2.484576868992667276e+00
3.214156366677032861e-01
1.766604355753990996e+00
1.471228957445329000e+00
0.000000000000000000e+00
8.374591050948071436e-01
1.455800329373600155e+00
2.838335502508679831e+00
9.615664567090407289e-01
2.521216581226380260e+00
1.994633680292804190e+00
2.712354174433638132e+00
2.790635671974085241e+00
1.263865635905162543e+00
2.615388975992174458e+00
1.156955270484082199e+00
0.000000000000000000e+00
1.606866093255592931e+00
1.137306737847548987e+00
6.986248546230141576e-01
5.210774276252799098e+00
3.599652177173994883e+00
1.455284625280016453e+00
2.435744424588503154e+00
1.288790190466374552e+00
0.000000000000000000e+00
3.304606585351968828e+00
1.704193106858624240e+00
2.229822681608268020e+00
3.371059569142756951e-01
7.534920219368443917e-01
2.020387661400822044e+00
1.088088344106498795e+00
4.041821528951906606e-01
1.027166725831951233e+00
1.357645942308108422e+00
2.992879883984319811e+00
8.134226963969952706e-01
1.521153807712488426e+00
3.904265532687913320e-01
3.402883023806763774e+00
8.084318944962877174e-01
1.522070883672492547e+00
2.024838536057768756e+00
1.693915982729857550e+00
8.613309150991929064e-01
1.240965359984288252e+00
2.255522600778625542e+00
3.634949612980251099e-01
1.540728283504531504e+00
3.188402917160016586e-02
0.000000000000000000e+00
7.463425564835809434e-01
8.173436783996157473e-01
2.485590606816629577e+00
0.000000000000000000e+00
0.000000000000000000e+00
5.654143373415375651e-01
8.911372216243348410e-01
5.929959531404923601e-01
0.000000000000000000e+00
1.541047458597204267e+00
1.032585145033366514e+00
1.101240306469632113e+00
2.264161412132094764e+00
3.678670964249284303e-01
1.267527370427771416e+00
1.537471488770699279e+00
1.657914997508755484e+00
1.126141727730882058e+00
6.692521906248058983e-01
0.000000000000000000e+00
1.032264169655948693e+00
6.913022673436589605e-01
1.703545906110116581e+00
9.752286133086834896e-01
1.204352332535395531e+00
1.097519443287474195e+00
2.504034795833508298e+00
2.281515499182579454e+00
3.187345761346830897e-01
