# Ensemble A, m = 300.0, c_n/c_p = 0.793548387097, f = -0.990869565217
# lambda = [  1.56781440e-08  -1.23277708e-08   0.00000000e+00   1.67739442e-09]
#  
5.629904867562443904e+00
5.558326096919638637e+00
5.470135686052368662e+00
4.125767155945189835e+00
3.478598273043098654e+00
5.311065153432124042e+00
4.104699986992313754e+00
5.698685413007442691e+00
6.350161934867249336e+00
4.617513234171864767e+00
5.639769933858431727e+00
3.987125302040513741e+00
5.224924183602436933e+00
4.772194680663396582e+00
4.070548346620446623e+00
5.061749087800101243e+00
6.047307682837867127e+00
4.837373598389753226e+00
5.508828219361053158e+00
5.203521376227589812e+00
5.568479150575738501e+00
5.328399623004898444e+00
4.389596477759777571e+00
6.390382612037201149e+00
4.307562160942482343e+00
2.627732573151063011e+00
4.908757308652646145e+00
5.369155739457631249e+00
4.884063578490031254e+00
6.205526249044762466e+00
5.208038549137608442e+00
2.280499003629892218e+00
4.319712306662071732e+00
5.873951841861289047e+00
6.137279396314185398e+00
5.171386511700905686e+00
4.310600565446613963e+00
4.802603683780277244e+00
4.729214482934390062e+00
3.687482990075212630e+00
5.359285258719790335e+00
5.575965703177635291e+00
4.300609352710203837e+00
5.361514538086728621e+00
5.058633453108932976e+00
1.376614349465652865e+00
6.043464301315792042e+00
4.877149821016479869e+00
5.331002061943964421e+00
5.579133588955242473e+00
5.466310914777471552e+00
6.015284396902867314e+00
4.989222315935847973e+00
5.455852541268561673e+00
4.899124787222151056e+00
5.142877425189509744e+00
5.993238633311569252e+00
6.051390068379822296e+00
5.180746331534192173e+00
3.783608709735117870e+00
4.588010188073129214e+00
4.649399646980775458e+00
6.041590120891722648e+00
4.783080473392923970e+00
4.695163311727903910e+00
4.985092888147935497e+00
4.872117576251482340e+00
5.613868864431858619e+00
6.150007031981229666e+00
3.439851504032539253e+00
5.369949645966146434e+00
5.259650934945883094e+00
5.842076440686932770e+00
4.309383530033365162e+00
4.646838128480561991e+00
4.460959114286594307e+00
4.548479355733484830e+00
5.190616862217585670e+00
2.349273416021668837e+00
4.837476631741541411e+00
1.672410462185536684e+00
6.031829350512871279e+00
3.743111555317681027e+00
5.549628394649604779e+00
4.698420875829768306e+00
3.998037249018639550e+00
5.305257186292183569e+00
4.044585320392070749e+00
4.336518498421532364e+00
5.167577088648837247e+00
5.792099467761519627e+00
5.783721339882472279e+00
4.815516944342289385e+00
4.101471851572306093e+00
5.619568787310118552e+00
4.242694974198191638e+00
3.391294883722971498e+00
3.879197918031418890e+00
5.753235633054254450e+00
5.737135529921310706e+00
