# Ensemble A, m = 300.0, lambda = [  2.16424921e-08  -1.65327695e-08   0.00000000e+00   1.65950659e-09]
4.935309455157558034e+00
3.849911512513786160e+00
4.146919794783973323e+00
4.689173659177584774e+00
4.653167802400732356e+00
4.391030078032136963e+00
5.440355919539490159e+00
3.686042313874720922e+00
4.984856830147704088e+00
4.420375715958467566e+00
5.261268563649712071e+00
4.955347981853527983e+00
2.676363964777014992e+00
5.351856460149538641e+00
3.407336121667254858e+00
3.692993837193937701e+00
4.965201299151645209e+00
2.256586038568414665e+00
5.364771613857345578e+00
4.330704135982904823e+00
5.050656084938325741e+00
5.210818683376220228e+00
4.172347293028812132e+00
4.727600916722964008e+00
5.152300858898373193e+00
4.578098223041116910e+00
3.836234679585410756e+00
5.059640479908661170e+00
4.172702874338945378e+00
4.746356938956656002e+00
3.447951427322165419e+00
4.948195933194843299e+00
4.646725858342803939e+00
3.934759097544290096e+00
3.570003651100201569e+00
3.415607118511741813e+00
4.258718917669862769e+00
4.073106160960477062e+00
3.470603328264982412e+00
4.851834009003371584e+00
4.730128682804716433e+00
4.928755933997729599e+00
5.100973984533265337e+00
5.025758419157901002e+00
4.166264412131844175e+00
3.596233303638556311e+00
4.937935541838455400e+00
4.707171047514560058e+00
3.497013533344659031e+00
5.031062347599347007e+00
3.871582034914791137e+00
5.215506190432434686e+00
4.033141548116578434e+00
4.593804215373311628e+00
2.974726396582555221e+00
4.174972818974292288e+00
3.773729129127386450e+00
5.090397997669239061e+00
4.711792313429640444e+00
4.962380018515093028e+00
5.252512847105041516e+00
5.182412731453243104e+00
4.499781436082178843e+00
5.457294552533944909e+00
4.519990254592137546e+00
5.047395556046805787e+00
5.307553824562378786e+00
4.628336979918478811e+00
4.914813754855503980e+00
4.743643040482822038e+00
5.351945423992359174e+00
4.377734768803210663e+00
4.317977818417277902e+00
3.820702385008398760e+00
4.658110226521318786e+00
3.906852931316331823e+00
5.074779540385540244e+00
4.563448517496983214e+00
5.284474195656889250e+00
4.579382758049956870e+00
4.889999838002597521e+00
5.128292027234079953e+00
3.556924117732059631e+00
4.550120352382119648e+00
4.097866622680967907e+00
4.212724225279300683e+00
4.924764148592563728e+00
4.766598297129509554e+00
4.746735685660579129e+00
4.760158314596734996e+00
5.200539930081397699e+00
5.154053335835903304e+00
4.679405234343929187e+00
5.086123771586420261e+00
4.276222811840306726e+00
4.513781357714483633e+00
4.385302341621647670e+00
4.587359441466906773e+00
4.178081803944257544e+00
3.473554290290906899e+00
