# Ensemble A, m = 300.0, lambda = [  7.62585602e-09  -5.78089085e-09   0.00000000e+00   2.09818320e-09]
0.000000000000000000e+00
7.270402135427290746e-01
2.321541262089222568e-01
5.141032255780457749e-01
0.000000000000000000e+00
9.021334973461078155e-01
0.000000000000000000e+00
0.000000000000000000e+00
2.079474523235588013e+00
1.330951741191951365e+00
1.372857085701184143e+00
9.952092304480625318e-01
1.601462057409813733e+00
5.281899726718987109e-01
4.297457655231020190e+00
2.703331857622485179e-01
2.433242245854910085e-02
5.665664293098786608e-01
1.088309527835879642e+00
1.316807619164441778e+00
2.404739257701007826e+00
0.000000000000000000e+00
0.000000000000000000e+00
7.945111814008172235e-01
0.000000000000000000e+00
1.048060829268574690e+00
1.590214270428804033e+00
8.039592642905029063e-01
0.000000000000000000e+00
3.919884206743901034e-01
6.610021534461965054e-01
2.011315878950893143e+00
1.121485122954585467e+00
1.352630571140748472e+00
1.489665733647772550e-01
1.970384842507033829e+00
1.094925423403473541e+00
1.135589758900038326e+00
2.423876709325623047e+00
1.184434921945048291e+00
1.670051814227980491e-01
7.300211543891376165e-01
2.686725976508698821e+00
1.468473515114746775e+00
1.275224194481147655e-01
5.654159643764602450e-01
1.929460691754939505e-01
0.000000000000000000e+00
6.277581471510648159e-01
8.641262399706817199e-01
4.496059897319418797e-01
0.000000000000000000e+00
2.450038235927519459e+00
1.141638423618043241e+00
4.310906992449007324e-01
0.000000000000000000e+00
5.807135391311031292e-01
1.165265525596149848e-01
3.771410861715967400e+00
1.848727893190687865e+00
0.000000000000000000e+00
1.637229253490066205e-03
0.000000000000000000e+00
0.000000000000000000e+00
1.746529010604014109e+00
2.408586668370900630e-01
3.476348021196350446e-01
7.783449297259110722e-01
6.890602088755175547e-01
7.326933547389508083e-01
2.161988517315008573e-01
1.707566845875999606e+00
1.969811822789253153e+00
3.513929914828058942e-01
9.754632672572487451e-01
2.645791290869329071e+00
0.000000000000000000e+00
1.216592165965915684e-01
6.538554064212575012e-01
6.119050406451735924e-01
9.884185305094039808e-01
1.671640368333808802e+00
0.000000000000000000e+00
1.180911792596028409e+00
1.395769122146076242e-02
8.005241735856306884e-02
7.471847721899169681e-01
0.000000000000000000e+00
0.000000000000000000e+00
1.394649900796725905e+00
3.127627101978411872e+00
7.218055506167918578e-01
2.492881064260659585e+00
4.808499616219071293e-01
2.362797130150033009e+00
0.000000000000000000e+00
1.383607558353707523e+00
5.501310895357662545e-02
8.610824995512464941e-01
2.754518414810326110e+00
