# Ensemble A, m = 300.0, c_n/c_p = 0.961290322581, f = -0.94
# lambda = [  5.55956728e-09  -5.02369673e-09   0.00000000e+00   1.82335843e-09]
#  
3.367928135488733044e-01
3.592523823592806975e-01
0.000000000000000000e+00
4.654719440342856562e-01
1.629536693396934060e-03
1.880631203175382460e+00
2.630545574209630644e+00
7.550323380533487949e-01
7.541657677140480853e-01
1.073103284896362197e+00
3.641685099801154069e-01
2.261723259900141780e+00
5.604535228093830979e-01
2.221515564191279157e+00
0.000000000000000000e+00
1.799092387736012544e+00
1.828578400519929037e+00
1.482415034418680666e-01
1.619406031643978450e+00
9.040371684992797308e-01
0.000000000000000000e+00
2.632756417008825789e+00
0.000000000000000000e+00
0.000000000000000000e+00
1.029653749355776027e+00
0.000000000000000000e+00
0.000000000000000000e+00
1.172706940159024658e+00
3.386163211954246188e-01
5.680722242944439282e-01
1.151710597631563804e+00
6.584020504686781405e-03
1.294834761227154907e+00
1.349337148262468311e+00
1.791386313745565451e+00
7.213863950743957254e-01
0.000000000000000000e+00
3.068557718593413863e+00
2.052085281649975723e+00
1.490661521472011142e+00
1.294834761227154907e+00
0.000000000000000000e+00
0.000000000000000000e+00
1.609527063334404984e+00
3.955136213255010524e-01
0.000000000000000000e+00
1.105183425418923004e+00
1.478363946026099773e+00
6.884833070918375264e-02
8.076185120941234974e-01
2.693797362433002718e+00
1.295425493540237838e+00
2.110904464586621732e+00
1.928448925200812347e+00
5.780986912250986043e-01
2.085245595445435640e+00
7.453143610746107983e-01
0.000000000000000000e+00
0.000000000000000000e+00
2.604228832414018147e+00
4.316665662992858477e-01
1.299018063882591001e+00
2.247602989720421524e-03
2.884932643502652883e-01
2.606853970448284930e+00
1.489231762074377574e+00
0.000000000000000000e+00
0.000000000000000000e+00
1.521008689948379011e+00
3.000033072746092766e-01
1.438028083076982711e+00
1.244996204792084393e+00
6.480571336131220050e-01
0.000000000000000000e+00
0.000000000000000000e+00
0.000000000000000000e+00
2.721129783384376832e+00
0.000000000000000000e+00
5.539367333556653554e-03
2.126788806283214761e+00
2.690387451030515908e-01
1.032347741973936861e+00
6.929416067832190329e-01
2.921149971657109323e-01
9.997247512196374419e-01
8.815236300104561940e-01
1.586859981110506412e+00
9.596028894032182510e-01
0.000000000000000000e+00
0.000000000000000000e+00
5.404045477131002029e-01
9.089173224160619624e-02
3.895574647489713493e-01
2.459953737038670596e+00
4.461046595661551928e-01
1.099867583514583469e+00
1.161979079946895421e+00
6.210475604991616549e-01
1.251272390254601685e+00
1.813266521524520725e+00
