# Ensemble A, m = 300.0, c_n/c_p = 0.6, f = -0.996086956522
# lambda = [  1.84015224e-08  -1.09977099e-08   0.00000000e+00   9.75780354e-10]
#  
1.986066842386186249e+00
2.304731396129804100e-02
1.056994641296504334e+00
0.000000000000000000e+00
3.500233929569911973e-01
3.458539472043615226e-01
1.714636948579492781e+00
4.596712162919637801e-01
0.000000000000000000e+00
1.912423812646827592e+00
0.000000000000000000e+00
0.000000000000000000e+00
4.308196136816940802e-01
0.000000000000000000e+00
0.000000000000000000e+00
0.000000000000000000e+00
7.041519141000517346e-01
1.958609494344341617e-01
3.313712761280721009e-01
2.216074583711359347e-01
0.000000000000000000e+00
0.000000000000000000e+00
6.187875798582523901e-01
1.108452288679857567e+00
1.110337025948588741e+00
1.942824013812760375e+00
7.624427046475147352e-01
1.039684892988686382e+00
1.470778998271476401e-01
0.000000000000000000e+00
9.545913698639710843e-01
0.000000000000000000e+00
0.000000000000000000e+00
1.690044387207253029e+00
1.223855250641239012e+00
0.000000000000000000e+00
0.000000000000000000e+00
1.707529683968546652e-01
0.000000000000000000e+00
1.598787335703540924e+00
0.000000000000000000e+00
1.860410216421696017e+00
0.000000000000000000e+00
2.365772693749374156e+00
0.000000000000000000e+00
8.199989927114932353e-01
1.557648525966327746e+00
0.000000000000000000e+00
6.027669770448584874e-01
0.000000000000000000e+00
0.000000000000000000e+00
7.221332254287358143e-01
0.000000000000000000e+00
7.819587127585806430e-01
1.030023619259108625e-01
4.075118904956648858e-01
4.897194923748971473e-01
1.669712854889951803e+00
6.958249257733889470e-01
1.648237749250352158e+00
1.372504886444017913e+00
9.036651288526275083e-01
0.000000000000000000e+00
0.000000000000000000e+00
0.000000000000000000e+00
9.777011524601009196e-01
0.000000000000000000e+00
1.241057118464397729e-01
0.000000000000000000e+00
0.000000000000000000e+00
0.000000000000000000e+00
9.918142460059479193e-01
0.000000000000000000e+00
7.715995561691703086e-01
0.000000000000000000e+00
1.015044702855118608e+00
2.193702803518344346e+00
1.341301796519549061e+00
2.863169979657744224e-01
1.388413484636114692e+00
1.421438337646455663e-01
0.000000000000000000e+00
2.114858586357087067e-01
1.569124053794448970e-02
0.000000000000000000e+00
0.000000000000000000e+00
7.695580935387673627e-01
2.775489920681969425e-01
0.000000000000000000e+00
0.000000000000000000e+00
0.000000000000000000e+00
1.941481763298901764e-01
9.884458297740629229e-01
1.309908777439791727e+00
1.381937788185373661e-01
0.000000000000000000e+00
2.329138724824841578e-01
6.108462939295387223e-02
0.000000000000000000e+00
0.000000000000000000e+00
