# Ensemble A, m = 300.0, c_n/c_p = 0.832258064516, f = -0.989565217391
# lambda = [  1.25092397e-08  -1.03022800e-08   0.00000000e+00   1.50006376e-09]
#  
4.359163870042650046e+00
3.873219876711971654e+00
1.637785466919721600e+00
3.139935567873658684e+00
3.725537939742185500e+00
2.253953034241697573e+00
5.386854080025810454e+00
3.402822736650861657e+00
5.251894825287075186e+00
5.802696834149930538e+00
5.263630207626046165e+00
5.680660561844725009e+00
5.839385148680878324e+00
6.035947521725701037e+00
5.038151487263484718e+00
5.007775653144648231e+00
4.813908096705452166e+00
6.133250283692816218e+00
2.844404451918640664e+00
5.804716784792404383e+00
3.190476798950967030e+00
4.323883475243605723e+00
4.818631710893476416e+00
4.869542771540740667e+00
4.207237222537959731e+00
3.461323955126594853e+00
5.552754116909049742e+00
1.455085363152294642e+00
4.053997649010367965e+00
4.578432827236729175e+00
4.198631057225220786e+00
1.550463009174240625e+00
5.607531861775231441e+00
5.045117636342657086e+00
3.308308833687810147e+00
2.126292642317115789e+00
5.249172686538439159e+00
3.974399247375619115e+00
4.820841003248371948e+00
5.539244358123423417e+00
4.841289854424521977e+00
4.243379973691840057e+00
4.689383463898010085e+00
4.898645700118400725e+00
5.420795273509948053e+00
1.721985190324021531e+00
5.530880175662979070e+00
4.799448184875843459e+00
6.044773134798634651e+00
3.434774362305594408e+00
4.767851573488844252e+00
5.536738839263318113e+00
2.103054641446649775e+00
2.096692570345393136e+00
4.739176176305629262e+00
4.410614444185596561e+00
5.560100150571040345e+00
4.695775525035148945e+00
3.912532853989122206e+00
2.697424167274030449e+00
5.852185248534496509e+00
5.451522647240907737e+00
5.881290409538562081e+00
3.599783959237932152e+00
4.612725620073421240e+00
5.575886328575124118e+00
3.824825420020870226e+00
4.613378067826551465e+00
3.784197884288657221e+00
2.937595113186347806e+00
3.256942126323274511e+00
4.262187062709116958e+00
4.559894939502552980e+00
6.168875736147971800e+00
5.769227892812634373e+00
2.547935519049379316e+00
5.773369814346525963e+00
4.607540554483554374e+00
3.803741873135920049e+00
4.402461485003858144e+00
5.023207908573780855e+00
3.921261516531528990e+00
2.647554254458439615e+00
5.266517913492468672e+00
3.624744542771998645e+00
4.206652944316900289e+00
6.103776437991829340e+00
3.514622553703756758e+00
5.452810393032962999e+00
4.551939842795217572e+00
2.316321550315638689e+00
4.587607700079532336e+00
3.490072058437616143e+00
3.282225803588113777e+00
3.422498077353700818e+00
2.899218061788440437e+00
3.524273133721750995e+00
4.900765443800197296e+00
5.848228790360923135e+00
2.474482681331627187e+00
