# Ensemble A, m = 300.0, c_n/c_p = 0.81935483871, f = -0.975217391304
# lambda = [  1.04020729e-08  -8.31176683e-09   0.00000000e+00   1.88570119e-09]
#  
2.606255366649134597e+00
2.400643736073935663e+00
1.957541953460830264e+00
3.297830795601421006e+00
1.784682493788361635e+00
2.870113269181469029e+00
2.423546967603974256e+00
1.659904879083085039e+00
5.196186999433779263e+00
1.820326876791792392e+00
1.475074909740611728e+00
4.995745469374319292e+00
3.199439243048618930e+00
1.486871795031700305e+00
3.202046845896173277e+00
2.596652117183446684e+00
3.227729704144095546e+00
3.066768359692463974e+00
8.037092695595138281e-01
1.129713617791840430e-01
3.622565181817622548e+00
3.489890784150991632e+00
3.346794475073383790e+00
3.021984848582281558e+00
3.534274119651559687e+00
1.381974743072234446e+00
4.045055744585237534e+00
1.285130360517253045e+00
2.638795214146381962e+00
1.921272769904435629e+00
2.835700442167107482e+00
3.105210566875087785e+00
2.975907884843132400e+00
4.873492665423404091e+00
2.291149612890267306e+00
8.788291095120566443e-02
2.316586774304304264e+00
1.765317229470425797e+00
3.470320070651378153e+00
2.139578805133086181e+00
3.706462082922505008e+00
4.352561594906528164e+00
1.940595475298560135e+00
2.256544011537171990e+00
3.178300176594864634e+00
2.614513305035663038e+00
1.627777936794103653e+00
1.975640078324534255e+00
2.110421663105563894e+00
4.376644914674853067e-03
2.393335185364470430e+00
4.278341685945237671e+00
1.955606832487130964e+00
2.990577463339360698e+00
3.688801209509071199e+00
2.052588929305324328e+00
2.201160959812864082e+00
3.632371209669422729e+00
1.859594117298759564e+00
1.934728101945418555e+00
3.507825178017369705e+00
4.652302197468827671e+00
3.379932231835517609e+00
2.524033805691903609e+00
3.784479250869896116e+00
1.703034766364340369e+00
1.730239957111875171e+00
3.346794475073383790e+00
1.857924629403653771e+00
1.968897830254084713e+00
3.108546026596700429e+00
1.364202482273153105e+00
1.007190528032841703e+00
1.235432400763095906e+00
2.723579496857608362e+00
0.000000000000000000e+00
3.629358573180647696e+00
3.257917841589144103e+00
7.762792243642828716e-01
8.305159946349375266e-01
2.630725425513887661e+00
9.310096665075371369e-01
1.491031713208663456e+00
1.736583510434707822e+00
2.353277875939524810e-01
1.317942874600241510e+00
4.496082419042828349e+00
3.322921713839349422e+00
3.177784478875697260e+00
2.136386909798802414e+00
4.854900998943158186e+00
4.802815358397938716e+00
3.508299162399627136e+00
3.606108840352275635e+00
2.294275429617234074e+00
3.509747753503485779e+00
2.374457908597856548e+00
2.844739197679591602e-01
1.878974921480266902e+00
2.175680036584751953e+00
