# Ensemble A, m = 300.0, c_n/c_p = 0.677419354839, f = -0.998695652174
# lambda = [  5.03628772e-08  -3.40722876e-08   0.00000000e+00   1.74195999e-09]
#  
4.699720983979953637e-01
3.103010893199610987e+00
2.855672745572492843e+00
1.842138129531582791e-01
1.340300322854172110e+00
2.793390495358556880e+00
2.354830645083307861e+00
1.191589696750554372e+00
8.802318626871409313e-01
1.302363558814806366e+00
1.499917173256419378e+00
1.616937167571807610e+00
3.678811387629126739e-01
9.345094573216534695e-01
1.464031422782442027e+00
2.686558287054607863e+00
1.601418074650202472e+00
2.014299122105667195e+00
7.880711921183389812e-01
0.000000000000000000e+00
1.409187411959910818e+00
1.402821947053899176e+00
2.723889457698812411e+00
2.604293589599648406e+00
3.267714786053411036e+00
3.342341282542564684e-01
2.080380239690089006e+00
1.470595032971539595e+00
2.784727661581898328e+00
1.740255181663003858e+00
1.550927239901256804e+00
9.233401140039133592e-01
1.739343504866964096e+00
1.885888100121568822e+00
1.556912593744640194e+00
2.557338939225348717e+00
1.878175796898003069e+00
2.055935013361480213e+00
1.430647647245971044e+00
0.000000000000000000e+00
1.719315327981438379e+00
3.860777165410870460e+00
1.811714462290852534e+00
1.662367541696868178e+00
0.000000000000000000e+00
0.000000000000000000e+00
4.819457847083314928e-01
3.773837657780796828e+00
1.045173468142179596e+00
2.487316417769401156e+00
2.891984377400715456e+00
8.187525788693802986e-02
6.725787410661669963e-01
2.871830193875845705e+00
2.219406661590170304e-01
0.000000000000000000e+00
7.982819238338417778e-01
6.267152656096260932e-01
1.550110197557260872e+00
3.307463884417342292e+00
3.098031009799210866e-01
7.665315984504652569e-01
0.000000000000000000e+00
1.661647729736532852e+00
2.380848619735621785e+00
1.323516639461060684e+00
2.505932444513746304e+00
1.324558814657906147e+00
1.468536190086777049e+00
1.079411236368329030e+00
1.225794746627280940e+00
3.166190942336491787e+00
2.873735997316425372e+00
8.511794526396161409e-01
2.530215347160877926e+00
1.406350354498066224e+00
8.780317554491917642e-01
8.031852202184718292e-01
2.748115121153113183e+00
1.787652846970896992e+00
2.851959048175418676e+00
2.494949262629156284e+00
2.313327424355655193e+00
2.381427182758520278e+00
3.939206542560162450e-01
1.760950004896363996e+00
1.789261457635546781e+00
1.336650070539453505e+00
9.850329801140057517e-01
1.102781508910825492e+00
1.451408942195731688e+00
1.186317971918632086e+00
1.163423723897818896e+00
1.693910785172468403e+00
1.160722877544656750e+00
1.937990554634994922e+00
2.429094138843973738e+00
1.083382308632775848e+00
1.189615122793925117e+00
1.399474068033658813e+00
