# Ensemble A, m = 300.0, c_n/c_p = 0.6, f = -1.0
# lambda = [  2.11490729e-08  -1.26894437e-08   0.00000000e+00   0.00000000e+00]
#  
6.739374003053406614e-01
0.000000000000000000e+00
1.195128847413998940e+00
9.363167163972717644e-01
0.000000000000000000e+00
0.000000000000000000e+00
9.597969127192677030e-01
0.000000000000000000e+00
0.000000000000000000e+00
1.880295321950727350e-01
4.928216812392910429e-01
0.000000000000000000e+00
1.472081933440320123e+00
1.004425833002049018e+00
1.012342364784830862e+00
0.000000000000000000e+00
1.250557582367011644e+00
5.703848225505900871e-01
1.122586996650233981e+00
0.000000000000000000e+00
0.000000000000000000e+00
4.565200687564446858e-01
0.000000000000000000e+00
9.621999892857112657e-01
7.436449047459040562e-01
0.000000000000000000e+00
0.000000000000000000e+00
0.000000000000000000e+00
2.637566913869780816e+00
3.760765772284393460e-01
0.000000000000000000e+00
0.000000000000000000e+00
1.540167406140162232e+00
0.000000000000000000e+00
0.000000000000000000e+00
0.000000000000000000e+00
0.000000000000000000e+00
4.102654777667388841e-01
0.000000000000000000e+00
4.076262312806832599e-01
0.000000000000000000e+00
5.495037502990569589e-01
0.000000000000000000e+00
0.000000000000000000e+00
0.000000000000000000e+00
0.000000000000000000e+00
0.000000000000000000e+00
0.000000000000000000e+00
0.000000000000000000e+00
0.000000000000000000e+00
0.000000000000000000e+00
2.180169060532270442e-01
0.000000000000000000e+00
6.899562004134698334e-01
3.856886546646900310e-02
0.000000000000000000e+00
0.000000000000000000e+00
0.000000000000000000e+00
2.397361967468014665e-02
0.000000000000000000e+00
0.000000000000000000e+00
1.249768504280975412e+00
0.000000000000000000e+00
0.000000000000000000e+00
4.904405830261420185e-01
6.352602625427337113e-01
0.000000000000000000e+00
0.000000000000000000e+00
0.000000000000000000e+00
0.000000000000000000e+00
0.000000000000000000e+00
0.000000000000000000e+00
0.000000000000000000e+00
0.000000000000000000e+00
4.107024051600156045e-01
1.653738464741217662e+00
6.833771286729443117e-01
1.171764705988537880e+00
8.805877760931668519e-01
0.000000000000000000e+00
4.091041652152413999e-01
1.016052488400727150e+00
6.536698545272734417e-01
1.787695352720110487e+00
9.586264289209183165e-01
0.000000000000000000e+00
0.000000000000000000e+00
0.000000000000000000e+00
0.000000000000000000e+00
0.000000000000000000e+00
0.000000000000000000e+00
0.000000000000000000e+00
0.000000000000000000e+00
9.554332100302803665e-01
0.000000000000000000e+00
4.182820046766436151e-01
1.163642452711943498e-01
0.000000000000000000e+00
0.000000000000000000e+00
0.000000000000000000e+00
