# Ensemble A, m = 300.0, lambda = [  1.92912732e-08  -1.33965447e-08   0.00000000e+00   2.13827849e-09]
2.618782850100482396e+00
4.055133168082790895e+00
3.771520279848353141e+00
1.924032438345836704e+00
2.600689743286983102e+00
1.916140649876682645e+00
2.887294403279347499e+00
1.150237959701890800e+00
1.007798747744180545e+00
3.594214583371862393e+00
3.763147607203306766e+00
1.466372244441479289e+00
3.021680477599619774e+00
2.262750723588427881e+00
3.201261403741992306e-01
2.036474260718700524e+00
1.975741279544919404e+00
1.595093063082356988e+00
5.488730129778882638e-01
2.000763974355050046e+00
1.970329898582906081e+00
7.429644055275339554e-01
3.908054659315953749e+00
2.541967667951196219e+00
3.380723666774674729e+00
2.724062104797711381e+00
1.806579434817596974e+00
2.292882292070814287e+00
2.197045309528039780e+00
2.736321416690701280e+00
2.866834440019739638e+00
2.505326038657212706e+00
3.519367837149979916e+00
1.309599521285492729e+00
2.327881231536009565e+00
2.146195041077707533e+00
2.935957719729826998e+00
7.517578754042469891e-01
1.835556789695856228e+00
1.974435348226800002e+00
2.548965731790383771e+00
2.215728942089036924e+00
2.346081361405440102e+00
2.101405891062430698e+00
2.283659530564373874e+00
3.245527779689862058e+00
2.861421448164498393e+00
3.618167383248171554e+00
8.191324506037195308e-01
3.756887418785597177e+00
1.229638773538154428e+00
4.931141772480775565e+00
2.383008448131620050e+00
3.002637473209636809e+00
2.837098321833086523e+00
4.339657886101772277e+00
1.459740781434303747e+00
8.697727594366010395e-01
1.892822012489543626e+00
2.058856948817702204e+00
4.124939054625228252e+00
2.339633854152054049e+00
3.848465946187753062e+00
0.000000000000000000e+00
2.744432609899984499e+00
1.599453238299082702e+00
2.983912778823170076e+00
4.612291567872345510e+00
2.158915623671423756e+00
2.069378031294974996e+00
2.247736281462563213e+00
1.511569977545552002e+00
0.000000000000000000e+00
1.292006884212663964e+00
2.619056783030733193e+00
2.858119724917284277e+00
1.720727442364205162e+00
2.551323253599227847e+00
2.200038458222478788e+00
1.377478890978295567e+00
9.519281840557012320e-01
2.915971954475680583e+00
2.174210499978296518e+00
3.287191755378632951e+00
2.248342610703287114e+00
1.253262466343502801e+00
2.556431791415032517e+00
3.878269267990249514e+00
3.834026154110020013e+00
2.186820965779661563e+00
2.421801353100973664e+00
6.455505837792726576e-01
1.579327128485149778e+00
3.138990606454607590e+00
2.921669271302360649e+00
3.001429527521676466e+00
2.818094183281488974e+00
1.792802191057105921e+00
0.000000000000000000e+00
3.441893070213039252e+00
