# Ensemble A, m = 300.0, lambda = [  9.29194025e-09  -7.78372346e-09   0.00000000e+00   1.72734505e-09]
2.167009249275726912e+00
1.284725169328380989e+00
1.240848893298200473e+00
3.815138137677931418e+00
7.210652259886233262e-01
5.551948056060383996e-01
2.858988450935072478e+00
2.735651225979202295e+00
2.450363023687422981e+00
1.970764032548671274e+00
2.385516817455996641e+00
6.236301984513916707e-01
3.076067082910140638e+00
6.690660577799380226e-02
5.237382474382976660e-01
2.232122637784220931e+00
9.615233363225776930e-01
2.834967932610084951e+00
2.876080237098772585e+00
1.297326118016637331e+00
8.279920117487117315e-01
6.846617519964997012e-01
1.921774286563723955e+00
2.475707726454038138e+00
1.153171018797093161e+00
1.025810182083101152e+00
1.313790891179116960e+00
1.585065416526305615e+00
9.009335511377490890e-01
1.541889832295322060e+00
0.000000000000000000e+00
1.226423561126606332e+00
8.238310327070492711e-01
1.854009277980001036e+00
1.749539381862637022e+00
1.538824437890929708e+00
1.639146056650027106e+00
1.460572500378281013e+00
2.340299368688065318e+00
1.882978896918394263e+00
3.119653942478573416e+00
1.958304542782624280e-01
2.371805731496906322e+00
4.678884204365504340e-01
1.322151246119999568e+00
2.722846020530298894e+00
1.157475154527038530e+00
4.121736146084762353e+00
1.075919671728668314e+00
6.772843090301748914e-01
2.633927185149048888e+00
1.793881995969816678e+00
6.178240177506075792e-01
2.662112114457406253e+00
1.319285311912300696e+00
3.808563790024503071e+00
1.679074115839510162e+00
0.000000000000000000e+00
3.317702678894318247e+00
0.000000000000000000e+00
1.782132603559782869e+00
2.249562764051144192e+00
3.066577400948200527e+00
1.793590294217803915e+00
1.704003743449044705e+00
8.309394262431709643e-01
2.045786131096334781e+00
1.001966565213414206e+00
1.766774224172783958e+00
1.084100780340846004e+00
2.609791968029770981e+00
2.081621435545406573e+00
1.639577738670521256e+00
1.918426177767380336e+00
0.000000000000000000e+00
3.115974893808160395e+00
0.000000000000000000e+00
1.978015759187857991e+00
2.072878337630418955e+00
2.321762998821847113e+00
0.000000000000000000e+00
1.208878332983801762e+00
2.312199228811533835e+00
3.402777371810710605e+00
1.784339693018691442e+00
2.573837317679895875e+00
6.903181744898025940e-01
4.058707592918008977e+00
1.219015793627943323e+00
3.125978346576410161e+00
6.323988650370415687e-01
1.901104618261523438e+00
2.499096488188341070e+00
3.827664992285608747e+00
2.928700902082890689e+00
2.191703972651890986e+00
2.146618886267581239e+00
3.121818123585034854e+00
3.155737378246171732e-01
9.766073975964031373e-01
