# Ensemble A, m = 300.0, lambda = [  8.52259581e-09  -6.68375740e-09   0.00000000e+00   2.02239874e-09]
1.672533317262205443e+00
2.133326229457349399e+00
4.259196632266569749e-01
2.051420601904240471e+00
3.957728416463371701e+00
1.586063063527958894e+00
2.680492194501445269e+00
2.073739074304839836e+00
1.357596728761529814e+00
0.000000000000000000e+00
2.637531663406869953e+00
1.615687086915583937e+00
2.978317561005245029e+00
2.407367220852040468e+00
2.132649465306891035e+00
2.720489507528414563e+00
9.837649210955229373e-01
1.268442890053266492e+00
1.712588846076777971e+00
0.000000000000000000e+00
2.526194176739313679e+00
0.000000000000000000e+00
1.353372863221865841e-01
9.999704542020950715e-01
1.984273453427878531e+00
1.588995186229553713e+00
5.020211291249540020e-01
6.646072090476128347e-01
8.405527352641016803e-01
1.853226213453046611e+00
7.849443007369734104e-01
1.649679402507024717e+00
5.367182522628116681e-01
2.968701834122309258e+00
3.966249224303275422e-01
2.117872603061238035e+00
2.226966338139359181e+00
1.352703969336619849e+00
8.991342495865460860e-01
1.107667048338090598e+00
1.280896479819644052e+00
1.738267024529161819e+00
3.723231581716791860e-02
5.642495117313574005e-01
3.194547238548914869e-01
4.454866246033782895e-01
0.000000000000000000e+00
4.836737604180696426e-01
1.628102162831096322e+00
2.991749218439149205e-01
2.145795328252089629e+00
0.000000000000000000e+00
1.854378817587346351e+00
1.607124315594102182e+00
1.736785364652349894e+00
2.544365422152347733e+00
3.874586419507592083e+00
1.200497906280316052e+00
2.924831740609642239e+00
7.715306277452695927e-01
1.662843543204138408e+00
2.538586170494948391e+00
8.287708899403215534e-01
2.524850836131855125e+00
2.143964560738583103e+00
1.853864227704125511e+00
1.680504598307949404e+00
1.956197803147233572e+00
5.929309505880920872e-01
6.425807607097537844e-01
0.000000000000000000e+00
1.454945646124436776e+00
0.000000000000000000e+00
6.046395391951989717e-01
5.212425925726472675e-01
1.134113594740444597e+00
1.680370635823739134e+00
2.433491764173461469e+00
8.747844525355688017e-01
2.839865528652061766e+00
4.966024821499534503e-01
1.797368045587507179e+00
0.000000000000000000e+00
2.001146315162645628e+00
1.427937245994415960e+00
0.000000000000000000e+00
8.068957252243698086e-01
2.375561752922490832e+00
0.000000000000000000e+00
2.194788574316241192e+00
4.958808846565094242e-01
1.599688819322997224e+00
3.682384043084153014e+00
0.000000000000000000e+00
1.803133564666971056e+00
2.447688764384569282e+00
0.000000000000000000e+00
1.777068500154292741e+00
1.768828723231437472e+00
1.269071382271133253e+00
