# Ensemble A, m = 300.0, c_n/c_p = 0.81935483871, f = -0.984347826087
# lambda = [  1.19902693e-08  -9.67051376e-09   0.00000000e+00   1.73139912e-09]
#  
3.374822965778357720e+00
3.972173971718240715e+00
1.301948495557755381e+00
4.103684851142981316e+00
4.646615270054783586e+00
3.917309046722516452e+00
5.586485239510779799e+00
4.875323801351289177e+00
4.548479355733484830e+00
4.769938083563784126e+00
2.562728972530983196e+00
2.991242034534199234e+00
1.924935385955767186e+00
4.551205251243374938e+00
3.830390006706948736e+00
2.432353435885170168e+00
2.992051597021448739e+00
2.052652586174606331e+00
5.668250943051528878e+00
4.302110789006301950e+00
3.376922759646253880e+00
4.671613755520449551e+00
4.321566511630468455e+00
1.196462709045489570e+00
2.722058548382674026e+00
4.497259789807706021e+00
2.889284582668754542e+00
3.827649704994040114e+00
4.551841852422840340e+00
2.049063126278424463e+00
4.455829922071399274e+00
1.500414467405288832e+00
1.544030522182110898e+00
3.562715112732356193e+00
3.388734391401311719e+00
3.919373903933056180e+00
3.721457911756431258e+00
3.774743390593724879e+00
3.106510222438239044e+00
4.477144042297939386e+00
4.032989751325970040e+00
3.647643546245538548e+00
3.106967312865587250e+00
2.570000287143793472e+00
5.617590930597597954e+00
9.620028704633227790e-01
5.194418663296227479e+00
1.162069596552194550e+00
2.395788407400389897e+00
2.297057242320162729e+00
4.056469086156321069e+00
1.925261868892974348e+00
4.331394423478184486e+00
8.226329594608484674e-01
1.188780565289905944e+00
3.979164395265668119e+00
1.644142820074021794e+00
3.696160913175115859e+00
3.977083084361550558e+00
4.206886640353338258e+00
5.055519605239843450e+00
4.969193648851824463e+00
3.501713598834501173e+00
3.144833513565781669e+00
1.854117483689553314e+00
3.635316529408649799e+00
2.817236112696305916e+00
2.045545790479800896e+00
4.803034820598541366e+00
1.937531603738197328e+00
3.888636253545409538e+00
2.872970741140049356e+00
4.164040301196991756e+00
1.860596628916846518e+00
3.346872293320419800e+00
2.185018507998340187e+00
0.000000000000000000e+00
3.644504053046438319e+00
2.414267663090336580e+00
4.469649118402193366e+00
3.563399606500589734e+00
3.290091866321338543e+00
3.699294560055048642e+00
3.659785102672934443e+00
3.314179278301172538e+00
3.778730496003588790e+00
2.518650909072539967e+00
3.251881914369965099e+00
4.164731849260180141e+00
3.381599738594000648e+00
3.523173512340548985e+00
3.022838527959246235e+00
3.668416456208928977e+00
2.267555665686314281e+00
3.842589898920909519e+00
2.124203340131651352e+00
1.429290887710563229e+00
2.754075065213135165e+00
3.942409168944378539e+00
3.939650467865693173e+00
