# Ensemble A, m = 300.0, c_n/c_p = 0.664516129032, f = -0.957142857143
# lambda = [  1.05421997e-08  -6.70522769e-09   0.00000000e+00   2.02889531e-09]
#  
2.381337631745403804e+00
1.008580047069749019e+00
1.249923813663933680e+00
1.160889220817352685e+00
7.464967950656064000e-01
1.571410027586513936e+00
0.000000000000000000e+00
5.257061657904643637e-01
0.000000000000000000e+00
8.596342221098786096e-01
1.927399451062001612e+00
1.069634420269204078e+00
1.558318789570257712e+00
2.378668364309274974e+00
8.586834725724573625e-01
5.219367547725823897e-01
1.094036110368706183e+00
1.415891450709809041e+00
1.424190299353198963e+00
7.949134375205111347e-01
2.636270050768334094e+00
5.302088604698214080e-01
1.001578781191817979e+00
0.000000000000000000e+00
0.000000000000000000e+00
4.072615109424183366e+00
7.722558501820883103e-01
2.644387874980303810e+00
1.781728301740029830e+00
1.664251172669224399e+00
1.496004367517061118e+00
1.440262403298507854e+00
1.340539063138887599e+00
1.315729672933273697e+00
2.604041807453477908e+00
2.749706771831444407e-01
0.000000000000000000e+00
1.683514936501442558e-02
6.778702420909615833e-01
3.105077647208259739e-01
1.358228050268469878e-01
2.461020745005257027e+00
2.612227438800880375e+00
2.765713678208832071e-01
2.339007659121162597e+00
1.668193995354924297e+00
9.850896933626911434e-01
6.207330929128864749e-01
1.408332269183481644e+00
2.430005578801439636e+00
2.360996783665533783e-01
2.675272861642046252e-01
2.336363311285767352e+00
2.329411421558645667e+00
2.014125739392369940e+00
3.364592182266351768e-03
2.697024356868713557e+00
0.000000000000000000e+00
2.189125596329185353e+00
1.816445492777502224e+00
1.594898673516428111e+00
5.769078583424288587e-01
0.000000000000000000e+00
7.069812165158634309e-01
0.000000000000000000e+00
1.417932384699370774e+00
0.000000000000000000e+00
2.087437330518835399e+00
0.000000000000000000e+00
9.061928486358619139e-01
8.184813666396988097e-02
1.709895837776598260e-01
2.015284931053639816e+00
6.640953405419034450e-01
0.000000000000000000e+00
5.265878089941573165e-02
0.000000000000000000e+00
0.000000000000000000e+00
1.882222289921709479e-01
6.705371030847278035e-01
2.386708106096335769e+00
4.289167749009747399e-01
0.000000000000000000e+00
1.955280929845088611e+00
5.202065378116886851e-01
1.461053374700560958e+00
1.998310644827322180e-01
4.864242147264842830e-01
0.000000000000000000e+00
2.432411757951565168e+00
3.749575846543181878e+00
9.653536856428972524e-01
0.000000000000000000e+00
2.009777459276586242e+00
9.514947561898203787e-01
1.994042118169076172e+00
8.743083725204141565e-01
1.814112478748082236e+00
1.574121547501064478e-01
8.097242527475168039e-01
