# Ensemble A, m = 300.0, lambda = [  1.75968777e-08  -1.17416586e-08   0.00000000e+00   2.05692806e-09]
2.206533303441227556e+00
7.749276653503085477e-01
9.376285141010667346e-01
6.661024459328360736e-01
4.980149694386162285e-01
2.363647600183905517e+00
2.827902726558643831e+00
2.667303125511539252e-01
0.000000000000000000e+00
1.342147810643639083e+00
1.838113827302635617e+00
1.999124360196675720e+00
2.167022338341551446e+00
1.510632418826516776e+00
8.263137979507531039e-01
8.918714093827624367e-01
1.349284412787205678e+00
1.370442618844061489e+00
1.839312271679032884e+00
4.240792922406531495e+00
5.507681736103707815e-01
1.983788854454546335e+00
2.433326513171673700e+00
1.701736824630087019e+00
3.019585046160853589e-02
7.326262701954023848e-01
0.000000000000000000e+00
3.385907470433560107e+00
1.132988034281191769e+00
0.000000000000000000e+00
0.000000000000000000e+00
1.317731459840902897e+00
1.920252821781800900e+00
3.384521214668970490e+00
8.160661421081364386e-01
2.349431826309754001e+00
1.955403074913713013e+00
1.168863235595327232e+00
2.445597201340574234e+00
1.929364511485337275e+00
2.699738422884280897e+00
1.481004371624758509e+00
2.388900795660676479e+00
2.308603871665420026e-01
7.345624181366822159e-01
1.700195543742168081e+00
2.265046002782845846e+00
2.846740858243800076e+00
2.551722541147848133e+00
1.286653746461764225e+00
1.601689033704925436e+00
4.092944144336684853e-01
1.529327606593224198e+00
1.731329105969443116e+00
2.800008823225137000e+00
2.415664264534624461e+00
2.723689158775358443e+00
6.603036078505492013e-02
1.521162521498495845e+00
1.264967840810397703e+00
1.992040656224281170e+00
4.836074895462381118e-01
4.526111633824371761e-01
3.844100955139496456e+00
2.674914707521689916e+00
1.059368315300578844e+00
8.671234027386088838e-01
2.222085739532576820e+00
0.000000000000000000e+00
1.002785258636102794e+00
1.042742988227965961e+00
2.513372735833214300e+00
1.437200541348161220e+00
1.034333981275627479e-01
2.495241888315256062e+00
1.327132970696150549e+00
1.067713248638705981e+00
1.351300589070235425e+00
1.099446468433208590e+00
1.571633735086208628e+00
9.178533695519731639e-01
3.605679851032075334e+00
6.232866684787787825e-01
1.973597397860353153e+00
1.665363083378310849e+00
5.247974367713538202e-01
9.703319313752825082e-01
3.541703871048790031e+00
0.000000000000000000e+00
3.431487025961593940e+00
9.698912690333283404e-01
2.000474199079249171e+00
2.295441518456256880e+00
1.398704296226597865e+00
1.832504538666851701e+00
4.165601270417276680e+00
2.094305815845026508e+00
2.358013917218301503e-01
2.681235671501559281e+00
2.278671964758013591e+00
