# Ensemble A, m = 300.0, lambda = [  5.98938423e-09  -5.29080674e-09   0.00000000e+00   1.84408869e-09]
1.485191631717879268e+00
0.000000000000000000e+00
0.000000000000000000e+00
9.013825773476582537e-01
7.531575759171398321e-01
1.132434378974678024e+00
0.000000000000000000e+00
1.764153499327466568e-01
9.245925910337650100e-01
2.397282239632108958e+00
8.744946984901844633e-01
2.349978740234933916e+00
7.460271287572730614e-01
1.429773305104205861e+00
0.000000000000000000e+00
1.115374410871112554e+00
2.933062048205578698e+00
8.915329708571527734e-01
1.108944844413496167e+00
1.116686837662004494e+00
1.399522086658416375e+00
2.086921223523959590e+00
1.504499057836524573e-02
4.196004010958455203e-03
9.953899537763805094e-01
1.024946663496754118e+00
1.492149192712976191e+00
0.000000000000000000e+00
2.112282672455775945e+00
1.111014307329900364e+00
2.066167078596642170e+00
1.067227298480859954e+00
1.803987011426949172e+00
0.000000000000000000e+00
5.330846121862573561e-01
2.425109347748759248e-01
1.336154282625221956e+00
0.000000000000000000e+00
2.423361805885420495e+00
8.551816393406634909e-01
2.253438530365976078e+00
0.000000000000000000e+00
3.379546183075534116e-01
0.000000000000000000e+00
1.450523487174987469e+00
7.331335304814613485e-01
5.364121671219437282e-01
2.135095980634210910e+00
2.285120866065091724e-02
0.000000000000000000e+00
6.539280050304835390e-02
0.000000000000000000e+00
0.000000000000000000e+00
7.430833463689716645e-01
8.142995442659223260e-01
2.179641742939280591e-01
2.325579615595786187e+00
6.254696315416723440e-01
6.655019556249591739e-01
0.000000000000000000e+00
1.930284311054053958e+00
1.750379748897632481e+00
1.361609996669011835e+00
0.000000000000000000e+00
6.092113026671991394e-01
1.693652482549407701e+00
1.625738157430971054e+00
0.000000000000000000e+00
8.146265246604565968e-01
4.838296472060309439e-01
0.000000000000000000e+00
0.000000000000000000e+00
1.805299229970771080e+00
0.000000000000000000e+00
4.354230589078241231e-01
1.076941865971651868e+00
1.737059471576690162e-01
4.854761177902131020e-02
9.577068558203886139e-01
7.447367943642294597e-01
1.186157541519036851e+00
9.324159909951464931e-01
4.230474822918448008e-01
1.149567470136958480e+00
1.234510276412225771e+00
1.383009869406302481e-02
0.000000000000000000e+00
1.502281466439395752e-01
1.487287340887875897e-01
8.323336680305564172e-01
5.961415227917484794e-01
1.799516059886696606e+00
1.754444286116572993e+00
6.773550267192575136e-01
1.501061780729873452e-01
0.000000000000000000e+00
3.668955405194216368e-01
1.319353014196645857e+00
7.151450816973687896e-01
9.450375458737199086e-01
