# Ensemble A, m = 50.0, lambda = [  1.81218444e-08  -1.34116263e-08   0.00000000e+00   9.50127606e-10]
3.483131419266124684e+00
3.429648458375606501e-01
3.508074561916510792e+00
3.787559836752075082e+00
3.178657215172313144e+00
3.712822582884889755e+00
2.929517042171175589e+00
3.465762877058703673e+00
4.076499917431005038e+00
3.115353150425922646e+00
3.799635549994787809e+00
3.091060329581047483e+00
4.484376580884909202e+00
4.171572989089217032e+00
4.077905725705591067e+00
3.538813198964072537e+00
2.367909254941526598e+00
2.120235839142535106e+00
3.969679723477827604e+00
2.640037778598014029e+00
1.154422571176721313e+00
3.962911744736076880e+00
3.413116574036306972e+00
4.449330839738758314e+00
3.692750626642971490e+00
2.172580316558670788e+00
1.719247041658726660e+00
1.175694985592389052e+00
3.160950296917320657e+00
3.329363551781489683e+00
3.111988309803891184e+00
3.106680796565462366e+00
1.908666126482174485e+00
4.643907333228409762e+00
2.995906577222940292e+00
1.827779543469981505e+00
2.259139541379364680e+00
3.844097460878642902e+00
3.654780312612117665e+00
2.988293169508922986e+00
1.996130399227529884e+00
4.064257377263261084e+00
3.506049044961505601e+00
3.083443866869273631e+00
3.542801356572833793e+00
2.952175544305491783e+00
3.201730728784052182e+00
2.980471738233110734e+00
2.794835111952565843e+00
4.369066839887028486e+00
3.082958749600077208e+00
3.374127829952869639e+00
3.258631788751726432e+00
1.928907434155687550e+00
4.497481281011443954e+00
2.480772071052945282e+00
4.027374361347096254e+00
4.195195200420182680e+00
3.785036483480382685e+00
2.943007824120754901e+00
3.764316348964889869e+00
4.251456821780337236e+00
3.803975564888772531e+00
3.869397316408723420e+00
3.477019740319724050e+00
2.702064580571660990e+00
3.028630573600531672e+00
2.833120411820760243e+00
3.273282112340782479e+00
2.180574742969450863e+00
2.917082943123121996e+00
3.565828512939943629e+00
4.563680249133409639e+00
3.385680348149159080e+00
2.467246496120985899e+00
1.736897613862041112e+00
4.154708101177114976e+00
4.265547054963014340e+00
3.858665436531969473e+00
8.710383300765006664e-01
3.227145538368628497e+00
3.918269468072085537e+00
3.079355136974354590e+00
2.389084971335518670e+00
3.842464058155299345e+00
3.231930646062641799e+00
2.580407545899619404e+00
1.606678272876404634e+00
1.951041251417899636e+00
3.092152961403067390e+00
3.110206912895956854e+00
3.039200879657636634e+00
2.698207078136839243e+00
3.206718054076799440e+00
3.384652132525550972e+00
4.344181021152325073e+00
3.611972572814224680e+00
3.225901226680478739e+00
3.399105858643289402e+00
3.142512817820987348e+00
