# Ensemble A, m = 50.0, lambda = [  3.88271860e-09  -3.59486511e-09   0.00000000e+00   7.97763755e-10]
1.232973830521402636e+00
6.347730104331696932e-01
1.107081363199782092e-01
1.007695517353765835e+00
1.350709737577264091e+00
6.604477492051622489e-01
0.000000000000000000e+00
0.000000000000000000e+00
0.000000000000000000e+00
0.000000000000000000e+00
7.739399083959432879e-01
1.048834240877902335e+00
1.527331913485612924e+00
2.259116361160575792e+00
0.000000000000000000e+00
2.794640312762915357e+00
6.631090124902799809e-02
2.108643553117128810e+00
1.734085463866542831e+00
2.690832300932444632e+00
2.382701830661065667e+00
1.565543385676684274e+00
0.000000000000000000e+00
1.238782675260643007e+00
6.115393732224019274e-01
6.718357303915457601e-01
3.207499650050716244e+00
6.483812197462778260e-01
5.915397721914791157e-02
3.093762814665761973e-01
0.000000000000000000e+00
2.712659060666557931e+00
2.039377128492934510e+00
2.238249618671543928e+00
0.000000000000000000e+00
1.303215977469385667e+00
5.420673362482343327e-01
2.042467286888943523e+00
2.079774970008295476e+00
4.909802920546091909e-01
0.000000000000000000e+00
1.055246729620260782e+00
1.480084734560233262e+00
1.170874203464900010e+00
5.108406655353687764e-01
7.166737812668509157e-03
6.862801675297721671e-01
8.541468273169646741e-01
1.842627537614570210e+00
0.000000000000000000e+00
2.053878519226877697e-01
1.262918246924530585e+00
0.000000000000000000e+00
0.000000000000000000e+00
1.486808072691078397e+00
0.000000000000000000e+00
2.097181230098577931e+00
0.000000000000000000e+00
1.446210751829279273e+00
8.543545299850693331e-01
1.069808617782679994e+00
1.291164489829393691e+00
1.758674897098994050e+00
2.171786366566348936e-01
1.076797281666549200e+00
1.030435661926729418e+00
1.878023735375153658e+00
2.378391758409754697e+00
9.108315137975773190e-01
1.707289031166985493e+00
1.509986679245341579e+00
7.954325878243317938e-01
2.234927194372194337e-01
0.000000000000000000e+00
1.247830679502775153e+00
1.478188545484142802e+00
6.672163993220185940e-01
3.163024029437014328e-01
0.000000000000000000e+00
0.000000000000000000e+00
2.392773330979543200e-01
2.732278232283074093e+00
1.367977891067359675e+00
2.297826052877031344e+00
0.000000000000000000e+00
0.000000000000000000e+00
0.000000000000000000e+00
4.494344720396797332e-01
0.000000000000000000e+00
1.133075984842923489e+00
1.029832652830242168e+00
1.117313429029486826e+00
2.190127519973001924e+00
2.464839938887998461e+00
0.000000000000000000e+00
5.504076162511122305e-01
2.812047576378680525e+00
1.408979044868306607e+00
0.000000000000000000e+00
4.167607863252592026e-01
