# Ensemble A, m = 50.0, lambda = [  3.41726361e-09  -3.15827597e-09   0.00000000e+00   9.03549942e-10]
1.563726045874944237e+00
0.000000000000000000e+00
7.531451803939337442e-01
0.000000000000000000e+00
0.000000000000000000e+00
3.187222385146434966e+00
1.292837013301485483e+00
0.000000000000000000e+00
9.337381218509746006e-01
0.000000000000000000e+00
4.402156394218309510e-01
0.000000000000000000e+00
0.000000000000000000e+00
5.943677446152526578e-01
0.000000000000000000e+00
6.123471818374446318e-01
0.000000000000000000e+00
4.472362125206957861e-01
0.000000000000000000e+00
1.563600895681582559e+00
1.932691902170990517e+00
0.000000000000000000e+00
1.324017120918148160e+00
1.928778178441816538e+00
0.000000000000000000e+00
0.000000000000000000e+00
9.106681736593327248e-01
6.604477492052480692e-01
2.481011756204078544e+00
4.242058992935096584e-01
2.877615643900901965e+00
1.302423468017009700e+00
9.083598318184361586e-01
4.163272662964980775e-01
0.000000000000000000e+00
2.379055011707862655e-01
0.000000000000000000e+00
0.000000000000000000e+00
2.318221520191127372e+00
1.923592062839411254e-01
9.875654790270305128e-01
2.341720384592033410e-01
0.000000000000000000e+00
8.490821934783961966e-01
4.304245112856333599e-03
0.000000000000000000e+00
1.615632167336124692e+00
0.000000000000000000e+00
1.207822901176602848e+00
8.893587381880321274e-01
0.000000000000000000e+00
6.721733631724947644e-01
4.842570235149106228e-01
5.229008255894742607e-01
2.134951282463716904e+00
1.475136996052039073e+00
5.842292445091944453e-01
1.536835991035780946e+00
0.000000000000000000e+00
0.000000000000000000e+00
1.326163804008592129e+00
2.020086702280576851e+00
0.000000000000000000e+00
0.000000000000000000e+00
3.254499023430874605e-01
1.128444033546147640e+00
0.000000000000000000e+00
0.000000000000000000e+00
7.517958923494756363e-01
0.000000000000000000e+00
1.082772134282035781e+00
1.938206154332364317e+00
1.735841251028925891e-01
1.344952643065219000e+00
2.906333555273991620e-01
1.158820346998532980e+00
0.000000000000000000e+00
3.343210329578909512e-01
2.832310469648976481e-01
1.084252516873123406e+00
1.405327271623340868e-01
8.002763534481044383e-02
7.821694806033941960e-01
1.953470166174119116e-01
9.353848721876331651e-02
3.772145546033547903e-01
6.255968692513601548e-01
1.178819808509911304e+00
7.453740717765940105e-02
1.032015620285840596e+00
2.356172071768007026e+00
0.000000000000000000e+00
1.024348053842997430e+00
9.373276608637872709e-01
0.000000000000000000e+00
0.000000000000000000e+00
7.468219614091818892e-01
0.000000000000000000e+00
0.000000000000000000e+00
1.748579835373456626e-01
