# Ensemble A, m = 50.0, c_n/c_p = 0.909677419355, f = -0.980434782609
# lambda = [  4.51924683e-09  -4.03062307e-09   0.00000000e+00   8.09237665e-10]
#  
9.020339456858008642e-01
1.259999584465813616e+00
4.198556653939293781e-01
2.284547976290622007e+00
2.119015312015854580e+00
1.160759062659931562e+00
0.000000000000000000e+00
0.000000000000000000e+00
1.712824678893356989e+00
5.622103102932431984e-01
2.837871824753236183e+00
0.000000000000000000e+00
2.999339828499276717e+00
1.761265535741028287e+00
2.485249864515745699e+00
1.484498531462472792e+00
3.767088287769497335e+00
2.875426139586086283e+00
2.495516674034207405e+00
3.096306917993193686e+00
0.000000000000000000e+00
0.000000000000000000e+00
7.421449408207629883e-01
1.265818084291377543e+00
1.151214947078979201e+00
2.059487925700424604e+00
0.000000000000000000e+00
3.136183963459832302e+00
1.702085262557670564e+00
1.418468520373202146e+00
8.086996926777861860e-01
0.000000000000000000e+00
2.806685368832926741e+00
7.213335228244197594e-01
2.260658049770984057e+00
3.062664021569165840e+00
2.694883562899139218e+00
0.000000000000000000e+00
2.176798223833375234e-01
0.000000000000000000e+00
6.590437157782474964e-01
1.628401081193206812e+00
1.167589419997135725e+00
0.000000000000000000e+00
2.748749455059185554e+00
2.427358169235493524e+00
0.000000000000000000e+00
2.758972152462687344e+00
6.793046924739247483e-02
1.021294515304918438e+00
7.352490231989651237e-01
8.956058931063251016e-01
1.218111467439846329e+00
1.304273368389310850e+00
1.828215907017774811e+00
1.341784808283105423e+00
3.348640048449220252e+00
1.947638174880222506e+00
1.775589757450439121e+00
1.434303882475144398e+00
0.000000000000000000e+00
1.428602184195018943e+00
1.218111467439846329e+00
1.539412458187920496e+00
1.416867531829177906e+00
1.384285341780622680e+00
2.067185344856878437e+00
1.357064296508137868e+00
0.000000000000000000e+00
1.771043159664469346e+00
8.861216586412494767e-01
2.854606435406459308e+00
2.173227312890028351e+00
0.000000000000000000e+00
3.544814288156561854e+00
2.682614265939150755e+00
1.178100998381991449e+00
8.348924037220091243e-01
1.982051872370903967e+00
2.424172918670806531e+00
9.515535644955466221e-01
2.693617424362386714e+00
1.822308425368782236e+00
0.000000000000000000e+00
0.000000000000000000e+00
0.000000000000000000e+00
1.962282303477951739e+00
3.370164486138910842e+00
1.493876337835122081e+00
1.418726650380400578e+00
1.913782227485614218e+00
3.118609900705044513e+00
0.000000000000000000e+00
1.007685360068656610e+00
5.454507247234018363e-01
3.201502050411737965e+00
2.557627888234601077e+00
9.172638497165810367e-01
4.522468262626375690e+00
1.274722871559459625e+00
