# Ensemble A, m = 50.0, lambda = [  1.24344478e-08  -9.68262431e-09   0.00000000e+00   6.85951761e-10]
2.195964125967854841e+00
3.254929391840744479e+00
7.234372560995570023e-01
3.408382235595630583e+00
4.231008191452977130e+00
2.842079949534488392e+00
2.563118290219100981e+00
3.144251833504466465e+00
3.214880239125861738e+00
2.964212919841648475e+00
3.090065178541003377e+00
3.398124781300639441e+00
1.973994103458457383e+00
2.941801779965362407e+00
4.601297115180774888e+00
1.006164172737488149e+00
3.249045519406200011e+00
2.726260134919737954e+00
1.500920318577480206e+00
2.268256434228658414e+00
2.715694969022241612e+00
3.481942675460323322e+00
1.488642983799215891e+00
1.790389973512353183e+00
1.987500709469026461e+00
2.521649069216956640e+00
3.373170598942640819e+00
2.267123898768341750e+00
3.390445809706315039e+00
4.357253494390816329e+00
2.107019734773733610e+00
2.256884055101525455e+00
1.001452866231909322e+00
3.305262898911053515e+00
2.840065757698658988e+00
3.428536337887711394e+00
3.785316386222877583e+00
4.273121021255482432e+00
2.004853265693759212e+00
1.662296744994034237e+00
2.627527804685763524e+00
2.078041757196847694e+00
3.917671625761337761e+00
4.271353986550212589e+00
3.029329110926581858e+00
4.216261354031328956e+00
3.181935333602463167e+00
3.422791084531488170e+00
2.580479120287504813e+00
2.626838485079627361e+00
4.144814889867488361e+00
2.318934092805263525e+00
2.248958997365328560e+00
1.634594403737615886e+00
2.901940342366528647e+00
2.833352786104084586e+00
2.507982400891962005e+00
2.994634391140615026e+00
3.226585364768558950e+00
1.675668270001254845e+00
3.303895285917026747e+00
3.084335010554918988e+00
3.497273851702188185e+00
2.870011404009993328e+00
3.953700069149713059e+00
2.235615823749564690e+00
3.975836450451470938e+00
2.492143687079765080e+00
1.717357091435296468e+00
2.464415699675227778e+00
2.159497419508716654e+00
3.034313484912865011e+00
2.296276288473412475e+00
2.422905823113538304e+00
2.251426334434277976e+00
3.223036086604360140e+00
4.014540158495944588e+00
2.354964509860206334e+00
3.349082349542374715e+00
1.532702570218502647e+00
2.094651826702916608e+00
3.170674478423089582e+00
2.857152153496056002e+00
2.962786216610592493e+00
3.345058981307862833e+00
3.404576693767819240e+00
2.357488689064623610e+00
2.485248495112560185e+00
3.364636982952529554e+00
4.032680867870454655e+00
2.662755182110359442e+00
3.300332156984755017e+00
3.862102410487553872e+00
3.932111003774157343e+00
3.479866321885283220e+00
3.681185733333381283e+00
3.636400205839366961e+00
3.286818983514581127e+00
2.827753719909880559e+00
2.959265114171185207e+00
