# Ensemble A, m = 50.0, c_n/c_p = 0.948387096774, f = -0.983043478261
# lambda = [  4.08716577e-09  -3.81048815e-09   0.00000000e+00   7.10791774e-10]
#  
2.431632156026982461e+00
2.637752293975959894e+00
1.752490875151426097e+00
5.819176431697942187e-01
8.455897553096476393e-01
1.468233988460371897e+00
1.706970514168076214e+00
2.928434544948344431e+00
3.145653886002199862e+00
3.730485477069331424e+00
5.513245424308728104e-01
1.645600906919511885e+00
1.944990121642163228e+00
0.000000000000000000e+00
2.386358916210539416e+00
3.398141659679758658e-03
1.334474831005367790e+00
1.936132015124577777e+00
0.000000000000000000e+00
0.000000000000000000e+00
1.638729854859802826e+00
9.965804770835943183e-01
0.000000000000000000e+00
1.678830235738083321e+00
9.879524093153483344e-01
0.000000000000000000e+00
3.832822807936076548e-01
9.559339258952148644e-01
4.447687760193945183e-01
1.109321889135727712e+00
9.940069554611605795e-01
0.000000000000000000e+00
1.916846457091040179e+00
1.339969211205428445e+00
3.040471555062688402e+00
2.163361409059298968e+00
7.580672695751585755e-01
0.000000000000000000e+00
2.035081837423653450e+00
0.000000000000000000e+00
2.087169205017760820e+00
0.000000000000000000e+00
0.000000000000000000e+00
1.696687929269397266e+00
1.799150053268390614e+00
4.929345481145532282e-01
1.420288404318992725e+00
7.829928537890007423e-01
0.000000000000000000e+00
2.035560265202353669e+00
1.117958751866164890e+00
2.622347608993061741e+00
2.019084015589415859e+00
2.274334071880820041e+00
2.339533578193950358e+00
2.036187617470376576e+00
6.808695963783236715e-01
1.689906521190913224e+00
1.443322441399563338e+00
2.441931832376567080e+00
1.734752502825797960e+00
3.715346693699304037e-01
7.447796729521201087e-01
1.240543136865692064e+00
0.000000000000000000e+00
1.682265160352640176e+00
0.000000000000000000e+00
0.000000000000000000e+00
5.622103102932431984e-01
9.353981269952420519e-01
0.000000000000000000e+00
2.427005730956154128e+00
2.021724192403218101e+00
6.946428675624581883e-01
0.000000000000000000e+00
2.518140695409773588e+00
1.711556459953681220e+00
8.177753954427956495e-01
0.000000000000000000e+00
2.280593546518484782e+00
0.000000000000000000e+00
1.391842468804732613e+00
1.316337408010565202e+00
1.918631211914493262e+00
1.799993329026344124e+00
2.311582968867229582e+00
1.657415640692397218e+00
4.509439183551507968e-01
0.000000000000000000e+00
3.113149971380285042e+00
3.582915806038228457e+00
6.651914692550462416e-01
2.870891391383304292e+00
1.318792112476420364e+00
3.235269154861000196e+00
0.000000000000000000e+00
7.406269161209225738e-01
2.932230173926120287e+00
1.708500392941467716e+00
1.598884505009515067e+00
