# Ensemble A, m = 50.0, c_n/c_p = 0.729032258065, f = -0.97652173913
# lambda = [  7.50803576e-09  -5.34508965e-09   0.00000000e+00   1.17911683e-09]
#  
2.553454973862573585e+00
2.487375529126454321e+00
2.968234789397143025e+00
3.191086504279617486e+00
2.271680080725031026e+00
4.681383056691025502e+00
1.736443446476014119e+00
1.288651500175776565e+00
2.385014647836213530e+00
2.637223503488693943e+00
1.838458507770505346e+00
6.053295054394248753e-01
2.101910259487393073e+00
1.201498009698979796e+00
3.021417013487333048e+00
9.467448502113792186e-01
7.228089783899707133e-01
4.994784775887112227e-01
6.174609015463353723e-01
1.254457313456525336e+00
1.488295665825869030e+00
1.076630889099858601e+00
8.080027237539969542e-01
3.624547963742446033e+00
1.406959637675430530e+00
2.205285521300540008e+00
2.634929831114399157e+00
2.961709213114386507e+00
2.347106793115574686e+00
1.070458186776439113e+00
3.279228109814386727e+00
1.105302963002533057e+00
2.917854326693068323e+00
3.922795452254893345e+00
2.694020591045139579e+00
1.652156884169480255e+00
2.814788041476839808e+00
1.829869852549917297e+00
4.434381624604196048e+00
1.239818015965337361e+00
2.019452048809439404e+00
7.077965640079334486e-01
2.143860992991329262e+00
1.081852925859008829e+00
1.886655889916054818e+00
1.970082711935223774e+00
1.360197600343898694e+00
3.455640154629288752e+00
1.290069789281628188e+00
1.483564945759415998e+00
3.649713601438138166e+00
4.053957769739025885e+00
3.543723389474785268e+00
3.202124418880746504e+00
4.712891362443413001e+00
1.999647910499522396e+00
6.236305961343063808e-01
2.108346531545862046e+00
1.975418508533906881e+00
3.136000460693176173e+00
0.000000000000000000e+00
2.869373425764403240e+00
1.761734664549992502e+00
1.869451791710798005e+00
1.405683183560077598e+00
4.049949337048087017e+00
6.512831743953384489e-01
2.202920611302990217e+00
2.784633573694569098e+00
2.216704602814951741e+00
1.656579363833176721e+00
1.753318823220432643e+00
1.204348156718161089e+00
3.284005999978092838e+00
2.219132260480090935e+00
1.212265839130435285e+00
2.272862923911189714e+00
2.887776777224954294e+00
1.924074723621115091e+00
1.910155223415612946e+00
2.337726431271983873e+00
2.129786765546412663e+00
1.240514457796070502e+00
3.597812092190676658e+00
5.130524338897402004e-01
1.125011064710993658e+00
6.907761899263802075e-02
2.853093899631145458e+00
2.029677135589453840e+00
2.807532870974117856e+00
6.255478622466333904e-01
2.135085171533549708e+00
1.132605313192552865e+00
2.564883486793711143e+00
1.420059021323793802e+00
1.905254004745794205e+00
5.161494512896360742e-01
1.416577945180119480e+00
1.466371901715809889e+00
4.114730803259236680e+00
