# Ensemble A, m = 50.0, lambda = [  5.24808043e-09  -3.71017520e-09   0.00000000e+00   1.18143494e-09]
1.424657686246380228e+00
1.116896103301951770e+00
1.268226165906841008e+00
2.120078324831768946e-01
2.632229353118661574e+00
2.500959806270020014e+00
1.879481852308783285e+00
1.380374195215120281e+00
1.085050760224736122e+00
9.832686245194980357e-01
1.491229573764802474e+00
1.481437951624712923e+00
2.076146176923798770e+00
1.732670545756522351e+00
2.859079493483377643e+00
0.000000000000000000e+00
1.849220070970881702e-01
1.133951796211662755e+00
0.000000000000000000e+00
1.351676941894043082e+00
0.000000000000000000e+00
1.288659886994595549e+00
6.397527970715281009e-01
2.481596250428160566e+00
4.734516800463195452e-01
8.203074168717895409e-01
8.092476712355349822e-01
0.000000000000000000e+00
0.000000000000000000e+00
1.677385133310637988e+00
5.156210605141620107e-01
0.000000000000000000e+00
2.355033807816594438e-01
2.480017350748174643e+00
2.177635838676559299e+00
1.690669835986534641e+00
0.000000000000000000e+00
5.236394297134523423e-01
2.426623729498103899e+00
9.619033521847908386e-01
1.275220229591403021e+00
0.000000000000000000e+00
9.004225592363521713e-01
0.000000000000000000e+00
1.742057234886266626e+00
0.000000000000000000e+00
1.328416603097926529e+00
1.385593799865809217e+00
2.494261399845060456e+00
6.035465361821259478e-01
6.994553224697378502e-01
9.335238154968042990e-01
8.760746296285567558e-01
0.000000000000000000e+00
4.108564269385572842e-01
1.930107873664785645e+00
1.155246267037415286e+00
0.000000000000000000e+00
2.736126216786248566e+00
1.903549801930627172e+00
1.543760222818337802e+00
7.314531270826976073e-01
1.871785528047551495e+00
1.377836476962589041e+00
4.510074294259414640e-01
1.170390006442470376e+00
1.599891047664259158e+00
4.762229126888083974e-01
2.136874210473951319e+00
0.000000000000000000e+00
2.266949354905943625e+00
2.858796171546608145e-01
1.009754924205948035e+00
0.000000000000000000e+00
3.721591923150880943e-01
4.267009850685026251e-01
4.706402625167089848e-01
4.351532978743102853e-01
6.647606447629684778e-01
1.920768448463730627e+00
9.546796079778293587e-01
1.027442021526851157e+00
1.106078621443047805e+00
9.725057900836506786e-01
0.000000000000000000e+00
2.627176258840762557e+00
3.383411851803121095e+00
1.549643949151155997e+00
4.176023296512590410e-01
1.781460075323227921e+00
5.265491700369367978e-01
0.000000000000000000e+00
1.796384958394828146e+00
1.255630511332057164e+00
5.766439775762054465e-01
3.940174130035501987e-01
2.918897837615599844e+00
7.018841356044382973e-01
3.132833414876975975e-01
1.254502039113488010e+00
