# Ensemble A, m = 50.0, lambda = [  5.98143149e-09  -4.88475532e-09   0.00000000e+00   9.59474464e-10]
9.875179875670087037e-01
1.231632150627358424e+00
1.417485165220222942e+00
2.917756644709216918e+00
7.469706844800365342e-02
2.044888859530727743e+00
2.525383107245376291e+00
2.451027283794606326e+00
2.589376542608477383e+00
1.967998795252555277e+00
2.417998541977149252e+00
8.329951984312442548e-01
2.377444923708274427e+00
2.062444129353900202e+00
0.000000000000000000e+00
1.077986372002558202e+00
4.445363965649741012e+00
1.213237071496354957e+00
1.534881930612822520e+00
1.991842172692024127e+00
7.188304126228176605e-01
7.302094545070113574e-01
5.721007748229895995e-01
1.138472086832450714e+00
1.397624612529531518e+00
3.196010416962820955e+00
1.022000107928187296e+00
2.242408297407004092e+00
3.330974404139912082e+00
3.658249458017754918e+00
2.217789680387077134e+00
3.769635480317215404e+00
3.311224927990502387e+00
2.235645027804773033e+00
2.076178225608560357e+00
3.648962659382742224e+00
2.766371690764403368e+00
1.844590213963659853e+00
2.446858174837054811e+00
2.115444038082230804e+00
2.529753431954993470e+00
1.929596911545661264e+00
1.131631169205167042e+00
3.145762565173978231e+00
1.974207058035011064e+00
3.775397963786344402e+00
3.453165409262385133e+00
3.511208076702568182e+00
1.859259185126063141e+00
1.380320068267487654e+00
1.470636544976746674e+00
2.434724182020191918e+00
1.690554255224330671e+00
3.597502318475918059e+00
2.745583859987555275e+00
1.425049280723848621e+00
2.975530383623559594e+00
3.083046083861885833e+00
2.060630765966197764e+00
1.546423380902572697e+00
3.835145719799869291e+00
3.877627351219250063e+00
9.458106240596728664e-01
1.754052668029409956e+00
2.937703269833518593e+00
2.757823776929176240e+00
3.114973612054408036e+00
1.087582431235247782e+00
2.132816132903836426e+00
1.958232509857186887e+00
2.004306777226395386e+00
1.402016285254698680e+00
1.302358314025816310e-01
3.204002346542092816e+00
2.470153437043029143e+00
2.966798446603452710e+00
1.336412914510304528e+00
2.142932693724923343e+00
2.636078322021992548e+00
1.818534748135272938e+00
3.284792814941173589e+00
3.726267786032770868e+00
1.764287436966729850e+00
8.856930932165127945e-01
8.445887785442800499e-01
3.106876967202775397e+00
2.003967703337799833e+00
1.629628089833658144e+00
1.656821994288739663e+00
6.353040357720660669e-01
1.211292922252780846e+00
2.515975306216742258e+00
3.255173745184553269e+00
1.293052927605724323e+00
1.622707021200883171e+00
1.108891708043160840e+00
4.741529775700799587e-01
3.483271622246969734e+00
2.784621759457786005e+00
2.427412602992893742e+00
