# Ensemble A, m = 50.0, c_n/c_p = 0.832258064516, f = -0.94
# lambda = [  4.00234340e-09  -3.13112362e-09   0.00000000e+00   1.13644612e-09]
#  
6.800152972161012110e-01
0.000000000000000000e+00
2.672943039026419054e+00
3.697900943115304817e-01
7.212676600057739140e-01
1.311240793604084409e+00
2.272322186833677371e+00
1.094296513470053744e+00
1.247866837949520441e-01
1.540392596875760356e+00
1.431030223568246385e+00
2.503690381680364618e-01
0.000000000000000000e+00
0.000000000000000000e+00
4.807466366542397229e-01
1.080350898389164982e+00
1.402870623007300255e+00
1.358082834033492059e+00
1.006808383555266362e+00
1.140772939350290338e+00
2.090036074202378025e+00
0.000000000000000000e+00
0.000000000000000000e+00
0.000000000000000000e+00
2.533461367828878430e+00
2.998858197680255522e+00
3.679908224688587026e+00
3.157174091487255030e+00
2.974260669300088367e+00
6.755030222407115703e-03
1.911242309078626800e+00
0.000000000000000000e+00
1.291586670675409776e-02
2.112710111313138128e+00
1.370296101012350998e-01
1.205681271448594494e+00
2.023295534208344293e+00
8.169151763609117101e-01
2.823674169277562429e-01
2.711846495333680274e+00
6.806160246135121161e-01
2.289245246436829806e+00
0.000000000000000000e+00
0.000000000000000000e+00
1.609920622083437447e+00
1.315853675717168159e+00
0.000000000000000000e+00
1.653352019863508104e+00
1.682458894887814527e+00
2.989640079913636228e+00
2.550585483119833796e+00
1.619242711376149613e+00
0.000000000000000000e+00
1.424027794314401740e+00
0.000000000000000000e+00
1.924115938944763071e+00
0.000000000000000000e+00
1.086638361513883426e-02
7.408812479026021247e-01
0.000000000000000000e+00
2.978597556991892104e-01
1.389956247678158618e+00
1.458081850334438823e+00
1.895053615029688387e+00
1.356164291074682726e+00
1.296752941203882958e+00
1.359101854533409925e+00
3.281057658844126479e-01
0.000000000000000000e+00
1.574467011369487413e+00
0.000000000000000000e+00
9.169930104178447561e-01
1.745985159665732089e+00
0.000000000000000000e+00
0.000000000000000000e+00
8.127520783976532881e-01
8.538370594859228113e-01
0.000000000000000000e+00
0.000000000000000000e+00
0.000000000000000000e+00
4.651697653342918293e-01
0.000000000000000000e+00
1.004905603487946442e+00
1.735932417855552412e+00
1.858656097695035925e+00
6.617604843342747012e-01
1.682855963172025016e+00
0.000000000000000000e+00
0.000000000000000000e+00
6.895955168363259169e-01
1.536840957789026740e+00
2.582763119474848601e+00
1.600273009811178815e+00
2.014438257794321174e+00
1.515275984746488724e+00
0.000000000000000000e+00
5.232528743846407426e-01
3.366929090543421127e-02
0.000000000000000000e+00
0.000000000000000000e+00
