# Ensemble A, m = 50.0, c_n/c_p = 0.922580645161, f = -0.998695652174
# lambda = [  5.25100147e-09  -4.83815345e-09   0.00000000e+00   2.47352624e-10]
#  
0.000000000000000000e+00
0.000000000000000000e+00
1.491620815978614845e+00
0.000000000000000000e+00
0.000000000000000000e+00
0.000000000000000000e+00
1.165975917431169462e+00
0.000000000000000000e+00
0.000000000000000000e+00
1.161746337604669277e+00
1.233999151963827812e+00
1.809058649145918185e-01
1.883946582292228208e-02
2.059158108644437046e+00
0.000000000000000000e+00
6.279166061343176564e-01
7.756549778065282563e-01
0.000000000000000000e+00
1.648252545362611718e-02
0.000000000000000000e+00
1.748668931823893047e+00
0.000000000000000000e+00
1.211948563965106640e+00
0.000000000000000000e+00
6.781989700517857544e-01
2.280952442110583789e+00
0.000000000000000000e+00
0.000000000000000000e+00
1.323770702224699169e+00
0.000000000000000000e+00
0.000000000000000000e+00
1.980331840988905023e+00
1.059702196406447028e+00
3.717980934265955884e-01
2.688252915035973967e+00
0.000000000000000000e+00
0.000000000000000000e+00
0.000000000000000000e+00
0.000000000000000000e+00
0.000000000000000000e+00
0.000000000000000000e+00
1.148922063925143622e+00
0.000000000000000000e+00
0.000000000000000000e+00
1.018195649432075856e+00
0.000000000000000000e+00
0.000000000000000000e+00
0.000000000000000000e+00
1.528948178030399507e+00
0.000000000000000000e+00
1.001246700971667014e+00
0.000000000000000000e+00
0.000000000000000000e+00
8.224855817751239861e-01
5.512776045977824113e-01
0.000000000000000000e+00
1.866055106741322689e+00
1.272433129766719073e+00
1.165884696496238306e-02
1.619608133294980767e+00
0.000000000000000000e+00
0.000000000000000000e+00
0.000000000000000000e+00
0.000000000000000000e+00
0.000000000000000000e+00
0.000000000000000000e+00
9.044150149049796639e-01
1.500344549024566244e-02
7.674499409729242938e-01
3.492935975964018835e-01
0.000000000000000000e+00
1.817502081606213515e+00
0.000000000000000000e+00
0.000000000000000000e+00
0.000000000000000000e+00
1.355356730531102505e+00
0.000000000000000000e+00
0.000000000000000000e+00
0.000000000000000000e+00
1.550776228033111881e+00
0.000000000000000000e+00
1.118266666409239551e+00
1.763183090582985280e+00
0.000000000000000000e+00
0.000000000000000000e+00
8.533478551556784586e-01
4.871468421847340302e-01
1.518811329285483014e+00
0.000000000000000000e+00
0.000000000000000000e+00
0.000000000000000000e+00
5.315909242733986018e-01
1.362486397017001805e+00
1.904867605831579214e+00
0.000000000000000000e+00
0.000000000000000000e+00
1.803217550337494757e+00
8.469123421341273605e-01
1.678981006882408700e+00
0.000000000000000000e+00
