# Ensemble A, m = 50.0, c_n/c_p = 0.909677419355, f = -0.961428571429
# lambda = [  3.88292068e-09  -3.39596306e-09   0.00000000e+00   9.71549751e-10]
#  
1.702676846120298126e+00
2.299221797528131273e+00
3.020059430397688871e+00
0.000000000000000000e+00
9.963049039962146303e-01
0.000000000000000000e+00
0.000000000000000000e+00
8.828693159552599701e-01
1.735186427620132532e+00
8.644430231426480926e-01
0.000000000000000000e+00
1.228456466409875603e+00
0.000000000000000000e+00
1.249187516589943314e+00
1.058291357212985506e+00
1.628992216838647034e+00
1.735656170113927033e+00
4.695936345654149746e-01
0.000000000000000000e+00
0.000000000000000000e+00
6.370584334631127499e-01
0.000000000000000000e+00
2.725441532299625713e+00
0.000000000000000000e+00
1.415172702547068839e+00
1.019421393720198049e-01
2.060848011066092944e+00
2.018837013105799105e+00
6.727134962483681813e-01
3.884020641060554890e+00
1.264659204286750160e+00
2.287775700829108860e+00
1.366669575401889158e+00
2.285404864907974787e+00
1.852683979548854110e+00
3.860566649239874915e-01
3.152044362222262031e+00
9.557434376268204579e-01
2.460371980821124127e-01
1.532330183519519995e+00
7.891672457211756919e-01
1.935815948471101278e+00
1.927406750926344170e+00
2.892739839356010201e+00
4.301568550286053672e+00
0.000000000000000000e+00
2.138791175984200876e+00
1.593387784245683836e+00
1.429498618200651383e-01
1.837893997465395834e+00
1.079124448156856042e+00
2.952097414942778553e+00
1.239103226067826302e+00
0.000000000000000000e+00
1.640301282818930506e+00
5.855799917108576169e-01
0.000000000000000000e+00
1.944044213925535391e+00
7.615109131918311736e-01
1.621032836916678432e+00
1.243542051802504655e+00
2.703805428405593680e+00
1.296998975138106802e+00
2.416201214163977706e+00
8.572497857886758332e-01
1.897919899985739400e+00
7.107039557313318268e-01
1.055564552907592102e+00
0.000000000000000000e+00
7.261879090434446571e-01
4.065807128313232988e-01
3.914395947861127212e+00
7.529029896081150808e-01
7.208412674425104805e-02
0.000000000000000000e+00
1.361389740285288363e+00
3.282960260034716304e-01
0.000000000000000000e+00
2.356897029488193240e+00
3.375676932005652331e-01
0.000000000000000000e+00
0.000000000000000000e+00
0.000000000000000000e+00
2.676378004190838045e+00
1.695979167570687451e+00
3.567726413598959034e+00
5.180353597159349510e-01
0.000000000000000000e+00
1.910643423815029607e+00
8.202417499343177543e-01
3.999804628876479473e+00
1.357748217692620329e+00
2.855725286575607758e+00
1.643964608433796659e-01
1.737539310855836572e+00
0.000000000000000000e+00
1.256982922366429278e+00
1.954635946984882855e+00
1.026268528566055771e+00
0.000000000000000000e+00
