# Ensemble A, m = 50.0, lambda = [  4.00964653e-09  -3.94306700e-09   0.00000000e+00   3.42443495e-10]
1.189426030187726413e+00
1.078002683917445248e+00
0.000000000000000000e+00
1.312184656019714346e+00
6.906194669512978092e-03
0.000000000000000000e+00
0.000000000000000000e+00
0.000000000000000000e+00
0.000000000000000000e+00
1.438694085917842758e+00
0.000000000000000000e+00
4.404416391635667880e-03
0.000000000000000000e+00
1.583597154104857463e+00
0.000000000000000000e+00
1.401410070415654019e+00
0.000000000000000000e+00
0.000000000000000000e+00
0.000000000000000000e+00
1.309063231176587960e+00
4.176956584497070746e-01
0.000000000000000000e+00
8.293944730644796648e-01
8.838892292929428907e-01
1.642362018885360264e+00
0.000000000000000000e+00
1.449250656810841420e+00
0.000000000000000000e+00
1.034139519361335191e+00
0.000000000000000000e+00
0.000000000000000000e+00
8.795887847614365374e-01
0.000000000000000000e+00
0.000000000000000000e+00
0.000000000000000000e+00
0.000000000000000000e+00
0.000000000000000000e+00
7.946579683223981005e-01
9.497897555036902695e-01
0.000000000000000000e+00
0.000000000000000000e+00
0.000000000000000000e+00
1.493565275519420865e+00
0.000000000000000000e+00
0.000000000000000000e+00
0.000000000000000000e+00
0.000000000000000000e+00
0.000000000000000000e+00
0.000000000000000000e+00
1.560683722159367015e+00
2.331178624596672133e+00
2.246104800059491868e-01
0.000000000000000000e+00
3.366336553065859757e-03
0.000000000000000000e+00
0.000000000000000000e+00
0.000000000000000000e+00
0.000000000000000000e+00
9.474549366269704453e-01
0.000000000000000000e+00
6.679096117131402277e-01
0.000000000000000000e+00
0.000000000000000000e+00
0.000000000000000000e+00
0.000000000000000000e+00
9.066274390570757680e-01
0.000000000000000000e+00
0.000000000000000000e+00
0.000000000000000000e+00
0.000000000000000000e+00
0.000000000000000000e+00
0.000000000000000000e+00
1.147509300832113111e+00
0.000000000000000000e+00
0.000000000000000000e+00
9.504759755539271548e-01
1.514129711722776328e+00
0.000000000000000000e+00
0.000000000000000000e+00
1.892564218028915677e-03
0.000000000000000000e+00
1.067727948160768658e+00
0.000000000000000000e+00
0.000000000000000000e+00
0.000000000000000000e+00
1.115391143894508996e+00
0.000000000000000000e+00
1.439002149531939834e+00
0.000000000000000000e+00
0.000000000000000000e+00
0.000000000000000000e+00
0.000000000000000000e+00
7.782801866971899019e-01
1.378957917133511124e+00
0.000000000000000000e+00
0.000000000000000000e+00
0.000000000000000000e+00
1.333040716190222241e+00
2.216806383282920123e+00
0.000000000000000000e+00
