# Ensemble A, m = 50.0, c_n/c_p = 0.922580645161, f = -0.979130434783
# lambda = [  4.28768425e-09  -3.87318004e-09   0.00000000e+00   8.03935200e-10]
#  
2.263383006089427329e+00
9.559030148617299050e-01
2.822674636292476613e+00
0.000000000000000000e+00
1.358854564370345797e+00
1.809945577510945425e+00
8.644430231426480926e-01
2.031049049310839738e+00
9.092363399558083259e-01
2.511324030375438721e+00
0.000000000000000000e+00
4.260498961265347106e-01
1.672758501383462049e+00
9.461696447538859855e-01
1.278716397437223762e+00
0.000000000000000000e+00
0.000000000000000000e+00
1.944075398667407306e+00
2.448665498145591535e+00
1.429188095104428902e+00
0.000000000000000000e+00
2.263142558382660319e+00
2.912227041665947924e-01
2.674540355397555302e+00
1.606776572598325403e+00
1.189669618046125255e+00
2.460004196037989033e+00
2.374034909296114382e+00
1.737269559323145751e+00
2.197082849026670559e-01
0.000000000000000000e+00
1.725783442130251366e+00
4.624883355276525165e+00
5.080032144534900318e-02
0.000000000000000000e+00
2.405996911521031567e+00
1.074346214686928036e+00
1.262167712551842680e+00
6.680112993953213341e-01
0.000000000000000000e+00
1.924681999026899959e+00
0.000000000000000000e+00
2.868441368274246450e+00
1.859098622517278088e+00
2.596215966563594435e+00
1.750933923793632552e+00
1.260314621228612264e+00
0.000000000000000000e+00
6.007580765798795630e-01
2.370732018490341098e+00
1.654436910333284994e+00
1.379615632687734683e+00
2.444988266431603829e+00
2.573832655344043374e+00
1.696412710910894184e+00
4.294931207411269991e-01
9.172638497165810367e-01
7.766960253862993380e-01
9.586706197981438304e-01
3.148820399671611980e+00
7.099654575232962062e-01
7.099654575232962062e-01
1.334474831005367790e+00
3.181583325552109986e+00
5.559207919245169327e-01
2.318069438927046644e+00
1.045352948869396892e+00
1.508885948205366034e+00
2.077564170979609770e+00
1.655472751852051783e+00
2.860980042731575690e+00
6.100123598574962447e-01
7.412068711038016788e-01
1.535234035939254005e+00
5.640815819432848377e-03
9.930763885347511088e-01
2.622847553491924333e-01
6.346741825443831253e-01
2.769684456732791400e+00
1.540378083702066636e+00
2.533188036735184223e+00
0.000000000000000000e+00
1.282034697303525705e+00
1.825826211236458940e+00
1.669153558992201747e+00
1.938346445670440898e+00
2.511324030375438721e+00
2.505915745387616411e+00
1.117161455037546602e+00
3.954128654420336342e-01
8.727975835702375118e-01
2.876478357846547595e+00
2.448665498145591535e+00
0.000000000000000000e+00
2.107238443916358506e+00
0.000000000000000000e+00
2.595354602265788291e+00
1.404150822848201141e+00
2.071589690400243988e-01
2.000778143856467128e+00
