# Ensemble A, m = 50.0, c_n/c_p = 0.741935483871, f = -0.973913043478
# lambda = [  6.96406615e-09  -5.03209941e-09   0.00000000e+00   1.17247812e-09]
#  
3.869962017402265086e+00
1.504090173099228878e+00
1.193574751530996458e+00
1.310183854453733865e+00
1.135946147946421902e+00
1.554391608844946315e+00
2.438658970046073016e+00
1.523536456156988628e+00
3.951612894602719028e-01
0.000000000000000000e+00
9.188695361911719539e-01
1.516514461541045522e+00
3.874827441294549146e+00
2.468391990972678141e+00
3.667199103656377801e+00
9.633500001616953634e-01
9.026161555852723062e-01
9.324427550227063488e-01
0.000000000000000000e+00
2.268004651707487884e+00
3.084087460009283355e+00
2.215819872736745300e+00
2.463855659245485885e+00
1.593710332478291747e+00
1.249370812731306124e+00
2.078758025428635747e+00
3.009349060450070112e+00
1.807578046139362238e+00
1.354738078733715767e+00
1.777021980828481507e+00
1.188032320412941933e+00
2.657080976874980571e+00
1.362840054323255945e+00
2.280379865615660862e+00
2.998997770434785437e+00
2.093509186126536914e+00
1.000800205332456061e+00
1.719408089697520570e+00
0.000000000000000000e+00
1.968560870392778162e+00
0.000000000000000000e+00
1.672177729965724780e+00
3.095627192422627960e+00
3.408006854978203659e+00
2.908658803477246479e+00
2.013343259141509023e+00
1.391943984052425476e+00
1.998357149978410519e+00
1.634778578716595820e+00
1.933379055749551156e+00
2.868229674814434915e+00
1.273120393185481980e+00
3.028022299019755170e+00
3.769602818008154443e+00
3.249426501463088535e-01
1.970719845263231962e+00
2.239687025339874626e+00
1.875431232006343540e+00
2.829979779209959023e+00
2.230633933551195991e+00
2.679235480639236666e+00
3.784718524574721243e+00
3.021703917658493221e+00
9.907334390725488493e-01
2.500234370483008561e+00
2.277234576643934361e+00
0.000000000000000000e+00
1.347300170569217581e+00
2.731396737678243980e+00
3.028378829421747742e+00
5.095022532460252718e-01
2.202010198490151449e+00
3.790219011562943496e+00
3.204540405715966978e-03
1.709852344488403508e+00
2.304992962207080165e+00
1.349199593776540862e+00
2.681697010279068927e+00
2.071099195976109364e+00
3.236171266229693200e-01
1.698029189180732201e+00
1.359649754144752754e+00
2.023346653470100343e+00
3.526465997070135749e+00
2.607580623721835078e+00
2.935292742925548204e+00
1.966197717520205668e+00
2.905207079438349993e+00
3.780086973200697198e+00
2.175688883863938550e+00
1.719464987480906704e+00
1.792785856764598229e+00
7.451495876470879409e-01
4.378817149162050892e-02
1.411675152980851777e+00
1.552499765727389347e+00
2.083690357753136269e+00
1.712685387317646857e+00
2.309543275507906834e+00
3.346531996569289902e+00
