# Ensemble A, m = 50.0, c_n/c_p = 0.858064516129, f = -0.944285714286
# lambda = [  3.90419233e-09  -3.16340332e-09   0.00000000e+00   1.10259108e-09]
#  
2.627344198611896164e+00
2.565708156271394813e+00
8.800921618882225905e-01
1.468692961991976631e+00
8.590994052448064355e-01
2.943597737308784712e+00
2.034135283992633880e+00
6.673661389393918952e-01
0.000000000000000000e+00
3.746569175774987492e-01
0.000000000000000000e+00
0.000000000000000000e+00
1.092769133209881671e+00
0.000000000000000000e+00
4.676925761064937292e-01
2.136036285908895049e+00
2.461343571954041298e+00
2.373723968437844167e+00
0.000000000000000000e+00
6.947649202215762099e-01
3.325935703562902246e-01
1.773808661702189537e+00
2.048816584224108853e-02
9.418426495184615277e-01
1.093561374771920613e+00
1.140622049319084397e+00
2.229100627441951588e+00
1.314840373674314389e+00
7.226962244157195681e-01
0.000000000000000000e+00
4.083721059770187289e-01
2.279210544659240056e-01
2.211401915389043182e+00
1.941682913353866280e-01
0.000000000000000000e+00
0.000000000000000000e+00
5.934223097631562832e-02
9.880769036342206268e-01
1.491268160071606896e+00
1.927169203315473589e-01
1.155727134629922936e+00
9.654785922608105642e-01
1.190095980034225231e+00
1.620134342066740896e+00
1.649469246300351744e+00
8.079275949036179849e-01
6.806160246135121161e-01
0.000000000000000000e+00
1.460866704460288990e+00
1.754275873964738608e+00
1.651499208354799908e+00
2.023799451507230618e+00
0.000000000000000000e+00
6.743499538099537172e-03
8.763709742605324537e-01
0.000000000000000000e+00
1.732179253759313475e+00
2.593049039739536266e+00
1.747538693399257381e+00
0.000000000000000000e+00
3.899501028466768604e-01
2.321204371764016727e+00
4.241714737240647598e-02
0.000000000000000000e+00
2.435170510324808912e+00
3.643580607902813906e+00
1.399385340818873225e+00
3.450035827103278829e-01
3.690839054530513641e-01
5.186994840859124878e-01
2.298538560153056132e+00
1.323649793712097900e+00
0.000000000000000000e+00
1.306429783505359765e+00
1.248615522595591276e+00
1.503892915290865329e+00
2.888983911878079347e+00
1.017129784424894767e+00
1.149615918767770584e+00
3.483899356049981466e-01
2.195621492512390471e+00
1.755064092620898242e-01
1.115941940828890089e-01
1.155279189050491873e+00
2.687270723255044125e-01
6.000233356952289210e-01
2.464759028005278019e+00
0.000000000000000000e+00
1.909909799612663939e+00
6.084833917680213533e-01
5.562578847341140831e-01
0.000000000000000000e+00
2.220811853010377313e+00
8.503874580478160139e-01
2.651517170168661286e-01
2.484376324656594522e-03
1.205656962192196202e+00
0.000000000000000000e+00
3.782786401959554734e-01
2.416847760528537115e-01
