# Ensemble A, m = 50.0, c_n/c_p = 0.690322580645, f = -0.99347826087
# lambda = [  1.47322437e-08  -1.01036744e-08   0.00000000e+00   1.15960062e-09]
#  
1.604405165433298919e+00
4.024617171620922917e+00
2.280667895877730444e+00
2.530810589856275605e+00
1.737239729965028179e+00
1.690341401681112243e+00
1.424653048998451244e+00
4.063088789807264511e+00
3.818070945052379095e+00
2.253267052368836953e+00
1.357947462742286726e+00
2.729110615380950122e+00
3.517133933406136670e+00
2.151063240343939587e+00
4.398072455900626565e+00
2.487530848407260464e+00
1.979645074695616902e+00
2.687063023916756332e+00
1.636028378761533952e+00
1.681054427900181780e+00
4.111199313719766657e+00
2.361878712406374259e+00
3.650512605307580927e+00
2.679416402752319293e+00
3.205993396599910117e+00
1.624849616688262888e+00
1.612439581196118299e+00
3.403961518758120697e+00
9.678949034103879745e-01
2.149044101492629810e+00
1.102673366698601498e+00
2.101413859764943659e+00
6.789139999802555892e-01
1.219149714506382542e+00
1.501825978526839744e+00
3.088569726454557518e+00
2.688528502852164603e+00
1.618908561173910465e+00
4.547757039363547804e+00
2.350677980961461522e+00
4.075727127578171682e+00
2.306287157248275932e+00
2.497659896159124315e+00
2.672703613157376701e+00
1.521486630998742928e+00
2.799079434004941191e+00
1.331778498005714795e+00
7.641183980611059301e-01
1.977943678228454516e+00
3.458100032812601032e+00
2.334596388814684342e+00
2.529270705347521075e-01
1.318146944042722035e+00
1.248533285045624552e+00
3.094235342749942941e+00
1.873705267059252666e+00
1.912998470322342603e+00
1.625383892414829390e+00
2.484528613982329937e+00
2.809562064920486879e+00
2.122935693810565905e+00
2.208206602524651174e+00
4.027609685820454644e+00
1.386773270868235652e+00
1.097524819182620570e+00
4.614659293261356710e-01
4.092116335338094935e+00
1.855214650119239028e+00
2.298682690087679781e+00
1.481213297087144110e+00
1.553426266424320579e+00
1.533497173302165173e+00
1.466351234082990729e+00
2.061118270135861685e+00
1.051358315626905071e+00
2.734457780482226763e+00
3.850468753060815041e-02
1.463459604771140787e+00
3.568949353968252858e+00
1.567192105734162899e+00
1.106646901421514784e+00
2.798972871230517079e+00
2.928148171455838611e+00
1.731376510009249525e+00
2.865418285582682412e+00
2.759746474894228641e+00
2.306795876194533079e+00
2.592283011235521517e+00
2.772296735860515504e+00
3.269265890769229799e+00
3.348714659613897027e+00
1.291789107528175551e+00
3.466666024076261898e+00
3.068831143344497914e+00
3.885790652409411017e+00
3.520501137581602880e+00
3.343313640488708050e+00
3.639428618129777249e+00
9.949489353276517178e-01
2.771026336150673508e+00
