# Ensemble A, m = 50.0, c_n/c_p = 0.81935483871, f = -0.97
# lambda = [  5.37107901e-09  -4.26879499e-09   0.00000000e+00   1.06986087e-09]
#  
1.949976728748413990e+00
7.412289214495910716e-01
5.966173413449905351e-03
1.217511968743522299e+00
1.779435634025703816e+00
0.000000000000000000e+00
2.473503861633116863e+00
1.959182646331811828e+00
4.974035046594910137e-02
2.401585273861532865e+00
3.093055381044334418e+00
0.000000000000000000e+00
8.843114911956152790e-02
1.242152734703213524e+00
1.269279164520463299e+00
2.681444310649912843e+00
1.515417841109097719e+00
1.911203163147789486e+00
4.489431462492849412e-01
1.877103536013078999e+00
8.609266612118188222e-01
2.617254087812788121e+00
2.041058959963256036e+00
1.687914150439104866e+00
1.857849384213607236e+00
5.327442517457220417e-01
2.675137755189128885e+00
6.548455543601188200e-01
1.937778935414834258e+00
0.000000000000000000e+00
3.285841714259944979e+00
2.339330200650583613e+00
9.380300302853409322e-01
2.399300443198448818e+00
3.791145228874035045e+00
1.346962286980058154e+00
2.263739795482652362e+00
2.269304282253836291e+00
1.081731944195905237e+00
1.103758610507540538e+00
4.441999523192896593e-01
4.034517179749853355e+00
1.389995806829855907e+00
1.856972162177208840e+00
2.257690543253763504e+00
2.125963208721196818e+00
2.266832104870282194e+00
2.712430487973679583e+00
0.000000000000000000e+00
3.033703311063041586e+00
1.800610863106503423e+00
2.307769175039725340e+00
2.325879399493774091e+00
1.303026787338479098e+00
2.764092055058516628e+00
9.122972266003630537e-01
1.531108446406361345e+00
1.904109936798943359e+00
3.692209490894171608e+00
1.169057093102310839e-02
2.000876136799349059e+00
0.000000000000000000e+00
0.000000000000000000e+00
1.450028262780774790e+00
2.643243086644865070e+00
1.230172230335305983e+00
1.029503809470543763e+00
3.280190240936906587e+00
2.034141611162531227e+00
1.137722790334707579e+00
1.106289657151907857e+00
1.070861188809414166e+00
1.093641673888997801e+00
1.836750024209171439e+00
3.075769818220620788e+00
0.000000000000000000e+00
9.653616603825460052e-01
2.139276721580112284e+00
1.436556930194297532e+00
5.074029983640531150e-01
0.000000000000000000e+00
1.487482794661731111e-01
1.445026978369899240e+00
4.170282784608934534e+00
2.513055290136588127e+00
2.155159655446407196e+00
2.425421900761159044e+00
1.162415346256523652e+00
0.000000000000000000e+00
1.267639578628484864e+00
5.126457286171808014e-02
1.086475840254751413e+00
8.606791572612807473e-01
2.770806431994305985e+00
1.724642604636373866e+00
0.000000000000000000e+00
2.761068408204195190e+00
1.656287445143761028e+00
2.033804634706166681e+00
3.147610430271385429e+00
