# Ensemble A, m = 50.0, lambda = [  5.53791187e-09  -4.41273323e-09   0.00000000e+00   1.05680027e-09]
2.599880710340595424e+00
1.503666830834888613e+00
2.475811532414855520e+00
2.937916850789475287e+00
2.321922546318029301e+00
4.546703091692870236e-01
1.819597266829965587e+00
1.482892007735412632e+00
1.899318008471348573e+00
3.421595449448799453e+00
5.808132906810578033e-01
3.222074310758415105e+00
1.501695747538756898e+00
1.310549448726448851e+00
6.298816719422327681e-01
2.241939764919151035e+00
1.769781522488718950e-01
2.557376580085400253e+00
2.298504155702576934e+00
2.764214009900090474e+00
1.818833116710939501e+00
2.076728855302096832e+00
0.000000000000000000e+00
1.532404733321195867e+00
2.579342263805340263e+00
3.605773148038682763e+00
7.228082555280341825e-01
5.599982154625360309e-01
1.244261470122467461e+00
1.280638533330877848e+00
1.184598688682070078e+00
1.365132540290437513e+00
3.331859090497849785e+00
1.054461629804545053e+00
1.690300654592240104e+00
2.494674593100251414e+00
3.692732400824389138e+00
1.838677983032806162e+00
4.643698950954954635e-02
2.021475933491344801e+00
2.295238264765266045e+00
2.142932127341461879e+00
0.000000000000000000e+00
7.168260931746297526e-01
1.198811552205918396e+00
0.000000000000000000e+00
1.852250294089439420e+00
1.802942047960659266e+00
1.133127291102993400e-01
3.459098974786231073e-01
1.955267766265336604e+00
2.553572181030301813e+00
1.823108084423022746e+00
2.719939723716291002e+00
2.795867936067626847e+00
1.594708198944277067e+00
3.377308889973383188e+00
1.131479014230140301e+00
1.078213415963576560e+00
1.580686644790614270e+00
1.242524140868233040e+00
3.514966627581230241e-01
8.412257541951659867e-01
2.101384541068138656e+00
8.820544587887022558e-01
7.247789411113885194e-01
4.695325785822776155e+00
1.557117676053216604e+00
2.701678843651809547e+00
2.158852052441603941e+00
9.228641864522275640e-01
0.000000000000000000e+00
1.321078989167880025e+00
9.463290877070371643e-01
2.001125011108624729e+00
2.288223365222870065e+00
2.128830308408805827e+00
9.954707436992387137e-01
1.758240368436963630e+00
3.708222059247565650e-01
2.662743507085854500e+00
2.472309208637742284e+00
2.269706467531780625e+00
9.113431320254797852e-01
0.000000000000000000e+00
2.122532372616130925e+00
2.290154220026425769e+00
1.777701721050078731e+00
4.325593604495402977e-01
1.807672717827229381e+00
0.000000000000000000e+00
3.372493551092455633e+00
1.407959936886495900e+00
2.990562147927498859e+00
2.337733543517460877e+00
7.109961199548107125e-01
1.426771166602899266e-01
1.388743079381697276e+00
2.177349671224596828e-01
1.141896359535190530e+00
