# Ensemble A, m = 50.0, c_n/c_p = 0.806451612903, f = -0.99347826087
# lambda = [  8.70435612e-09  -6.97386176e-09   0.00000000e+00   8.00391429e-10]
#  
4.933016906144428226e+00
5.549508525316986685e+00
5.683251062735911852e+00
5.629258970491794578e+00
3.903925368323051259e+00
4.334000630277551558e+00
4.634414138244945747e+00
3.840136532505502576e+00
5.089739840557252037e+00
5.087396886433814380e+00
3.681441735114955982e+00
4.905687435349342707e+00
2.658781106840700570e+00
5.471973209952106565e+00
4.926055037545206794e+00
3.375360857390782510e+00
4.103386206723597773e+00
4.430773688298325297e+00
4.973773839902526639e+00
4.936254467793668610e+00
5.119608087177339506e+00
4.539166098957437612e+00
5.002579581108033580e+00
5.026517337358481718e+00
3.232600135028277588e+00
4.517132043105378081e+00
4.855350202679244553e+00
3.940851463247106778e+00
5.235705738134858400e+00
5.399454330970253402e+00
4.359319702377003836e+00
4.440396876443211127e+00
5.415467248642900522e+00
5.569306039531064734e+00
4.807619348055770736e+00
4.736534292885613340e+00
4.472515599228747973e+00
4.164060634965193408e+00
5.363334626222739487e+00
4.318574984199304190e+00
3.683256486113302586e+00
3.533283860829029344e+00
3.372537667775353576e+00
5.582623353710641112e+00
4.102707046022485038e+00
3.830808409729983932e+00
4.285541066890220741e+00
5.893644358480645273e+00
5.686839571820222261e+00
5.292840638964977806e+00
4.929410339834555010e+00
3.774342454456188989e+00
4.670150502412680815e+00
4.370283726967799431e+00
5.113984100054837612e+00
2.835286350947171297e+00
3.632923113502601886e+00
3.533475186010255342e+00
6.000994681539024711e+00
4.931154766376891097e+00
4.881706014017365369e+00
5.254007051248262172e+00
4.440755930209560276e+00
5.115521710159719682e+00
3.670817582170473159e+00
4.986629410678264485e+00
4.679423218198749623e+00
5.294749106690210816e+00
5.088582036592049107e+00
4.124654405712433025e+00
3.768810639997421497e+00
5.075924105839772160e+00
4.690789356840409319e+00
5.323722900425663873e+00
5.445018861779052699e+00
5.509405345714760038e+00
4.532180065389035839e+00
4.452579786413963348e+00
5.397712918822904271e+00
5.634800895882935201e+00
2.462448967519510479e+00
4.753100749801131286e+00
4.123714201268059654e+00
4.773177976175633219e+00
4.539755027994487158e+00
4.171052222266482090e+00
5.477885611672279609e+00
4.650210441296920294e+00
4.409851020697973745e+00
4.805054720780108646e+00
5.270740124067619270e+00
4.154996093014729830e+00
4.901020595850506645e+00
3.333668111950656154e+00
3.830991697337029489e+00
4.451943598599665819e+00
5.614489014932947164e+00
4.999634541252820696e+00
4.764488947175288480e+00
5.081282484985494285e+00
