# Ensemble A, m = 50.0, c_n/c_p = 0.883870967742, f = -0.979130434783
# lambda = [  4.85699912e-09  -4.20336829e-09   0.00000000e+00   8.72470604e-10]
#  
1.771043159664469346e+00
0.000000000000000000e+00
2.349559696947562060e+00
0.000000000000000000e+00
1.764401144811642119e+00
1.420288404318992725e+00
9.210605250138348410e-01
0.000000000000000000e+00
1.848260337681813414e+00
1.615759871960076532e+00
1.886545194039333406e+00
4.677586931713610952e-01
2.785312712113426237e+00
1.599201497864365384e+00
2.420055912535124865e+00
9.830383034659598840e-01
2.017252245222460161e+00
7.300727610519943678e-01
1.645600906919511885e+00
3.893610655106100049e-01
1.700282040067048861e+00
1.251352149062985752e+00
1.022432222553825598e+00
3.849332835699873723e+00
2.255600483512626986e-01
2.127999369152756781e+00
3.869963525259287440e+00
1.039011356776225581e+00
1.322215267934361282e+00
9.390285536923522747e-01
2.692906391555468293e+00
0.000000000000000000e+00
1.501239190529746637e+00
3.392211226236740984e+00
2.056397817134212325e+00
2.653345860664667821e+00
1.924681999026899959e+00
0.000000000000000000e+00
3.537961292107718148e+00
2.883534444345009273e+00
4.397692727261969914e+00
3.653463583144222593e+00
1.543226873903486673e+00
3.846339500480191465e-01
1.253315442956978387e+00
1.697791913043673162e+00
2.833736491074887009e+00
0.000000000000000000e+00
4.455487670382950682e+00
7.280134263421749186e-01
3.185859632261615282e+00
2.696451067151841130e+00
0.000000000000000000e+00
2.255205747332885480e+00
2.437864496410972581e+00
2.498222116509535073e+00
1.702686315964686559e+00
0.000000000000000000e+00
2.551417266947204165e+00
2.174025037703064989e+00
1.236303720217599933e+00
1.579980483969786187e+00
1.621584999192009491e+00
1.790703978807871577e+00
3.698868417948919518e+00
1.261411305413074890e+00
1.755196878269639882e+00
4.098796645483618661e+00
3.167820745700521190e+00
0.000000000000000000e+00
1.472953692328121234e+00
1.292095237785316986e+00
2.953057994839923595e+00
3.215478183701606874e+00
2.308777339585668109e+00
3.831866100041630308e+00
2.824256158884923096e+00
1.896115898077356254e+00
6.525557218793305303e-01
2.903805871945268180e+00
1.447689373875763907e+00
5.146893238353585254e+00
6.597940521108269785e-01
2.653794126415119248e+00
2.316729954536548952e+00
1.468724698399258344e+00
0.000000000000000000e+00
1.975000409355059716e+00
2.020433770634973314e+00
6.913143094498541696e-01
1.521241519155397404e-01
3.865108749354340123e+00
0.000000000000000000e+00
1.999671726617834100e+00
0.000000000000000000e+00
3.167820745700521190e+00
3.068964031213194943e+00
2.211791435385339621e+00
1.686243549650260576e+00
2.935118777658751288e+00
