# Ensemble A, m = 50.0, c_n/c_p = 0.909677419355, f = -0.99347826087
# lambda = [  5.19543426e-09  -4.69534639e-09   0.00000000e+00   5.38885790e-10]
#  
0.000000000000000000e+00
1.156478425188031123e+00
2.331618060706031059e+00
2.889413500139815572e+00
0.000000000000000000e+00
0.000000000000000000e+00
0.000000000000000000e+00
1.373938790472166271e+00
1.120909791020973323e+00
1.922449343638902963e+00
6.681637846354283594e-01
3.724700226765504496e+00
2.483594890498156182e+00
1.745439255577288518e-02
1.280682702459386840e-02
0.000000000000000000e+00
1.554951426454668439e+00
2.410863928465684314e+00
4.130235458076313648e+00
2.963931447138625774e+00
2.750978110588453429e+00
3.471606521278851165e+00
1.782060283756219832e+00
3.756519954394577088e+00
3.055798906834647610e+00
2.512765918782458030e+00
0.000000000000000000e+00
1.211219133248057300e+00
1.219354801766109331e+00
2.301737286623180889e+00
2.885031569007530106e+00
2.550959104995794036e+00
2.960735515569466347e+00
0.000000000000000000e+00
2.547439662377489089e+00
1.957493973764843354e+00
3.105308825784352855e+00
2.224885069160307705e+00
3.040471555062688402e+00
3.295230856541570219e+00
0.000000000000000000e+00
0.000000000000000000e+00
2.834103696205132472e+00
0.000000000000000000e+00
0.000000000000000000e+00
3.002634568673248960e+00
0.000000000000000000e+00
1.810982860379969805e+00
0.000000000000000000e+00
2.049657131116290554e+00
2.994377080465478791e+00
1.738539098384764392e+00
0.000000000000000000e+00
0.000000000000000000e+00
1.758570665550578171e+00
2.821022567958097582e+00
2.808103723853547784e+00
2.876101825282537661e+00
7.974358793566165282e-01
1.170558071352159057e+00
1.312708517036885514e+00
0.000000000000000000e+00
2.940745222655062552e+00
3.383839082444464186e+00
2.425388518479683952e+00
2.090972941193585122e+00
3.656105010314418369e+00
0.000000000000000000e+00
3.043695471814545250e+00
2.772558342888507887e+00
2.912218292047747514e+00
1.866434445065964010e+00
2.357594182565053043e+00
2.659239325041265367e+00
1.444560758950087287e+00
1.800885511086439017e+00
3.231766469494349092e+00
3.119191689863031414e+00
1.413212291815840072e+00
2.296803041585139038e+00
2.418035088458542425e+00
1.150603942188674900e+00
0.000000000000000000e+00
0.000000000000000000e+00
2.499778381209324607e+00
1.732521251301161858e+00
0.000000000000000000e+00
0.000000000000000000e+00
1.688831780352511913e+00
4.601042162356707266e+00
2.520844347374812333e+00
3.311535656339551714e+00
2.230981943871142015e+00
0.000000000000000000e+00
0.000000000000000000e+00
2.870487644772302449e+00
3.472961948782862240e+00
0.000000000000000000e+00
5.007331292289448399e+00
0.000000000000000000e+00
