# Ensemble A, m = 50.0, c_n/c_p = 0.664516129032, f = -0.957142857143
# lambda = [  5.81544639e-09  -3.69883830e-09   0.00000000e+00   1.11920967e-09]
#  
1.278719816767390771e+00
9.421234979455399561e-01
4.080193573975594012e-01
1.332282146773056120e+00
1.350605977565298765e+00
4.037851784008480993e-01
4.860890755459807977e-01
5.708623819777666197e-01
1.299461525015083385e+00
0.000000000000000000e+00
1.880531592898834758e-01
0.000000000000000000e+00
2.345490401141875347e-01
1.078127571729494916e+00
5.084816480732585742e-01
5.091100780209915910e-02
1.637693147616195111e+00
1.192902187264785585e+00
6.008790546471903804e-01
1.269783208241167749e+00
1.722950051340927935e+00
1.556413015759317453e+00
4.170863181894418070e-01
1.041950243511080343e+00
3.021464844147672579e+00
2.583854362910409375e+00
7.665785660614506947e-01
8.510927633978543350e-01
2.233995395387068594e+00
6.031595424785767268e-01
2.387061667004049426e+00
0.000000000000000000e+00
1.013549548982608517e+00
1.062181139752865766e+00
1.872060327993845030e+00
8.513058706488213848e-03
4.906843788560802944e-01
1.116108250100245058e+00
6.573847538120997092e-01
9.601568298285283465e-01
7.916246544136466834e-02
0.000000000000000000e+00
3.232874918234882045e-01
4.918484676153310753e-01
8.088534476969734266e-01
2.085571842447159430e+00
8.400340088704846275e-01
1.995700385451206316e+00
0.000000000000000000e+00
2.788334944233822110e+00
1.398631249925617492e+00
0.000000000000000000e+00
2.686317798359675102e+00
5.471775821120624661e-01
2.742119242083828068e-01
8.526854847466350806e-01
1.943946257440970049e+00
1.437432157643629083e+00
7.930016225281087960e-01
1.604152908242266307e+00
1.053928307239687667e+00
0.000000000000000000e+00
1.860668785139663939e+00
2.178191975829056881e-01
2.556843038663945689e-01
0.000000000000000000e+00
4.830670018267238519e-02
5.213931522488356451e-01
3.838846959725001895e-01
2.210293696541512531e+00
7.388888932881069183e-01
1.147408392713226588e+00
2.242208556221896298e+00
2.905857181933041988e-01
1.860979891755027982e+00
0.000000000000000000e+00
7.993754352935218410e-01
0.000000000000000000e+00
0.000000000000000000e+00
0.000000000000000000e+00
0.000000000000000000e+00
0.000000000000000000e+00
0.000000000000000000e+00
1.034060292363773836e+00
2.674548629526787735e+00
1.989578668826990082e+00
9.100781964013118230e-01
5.287196200446878658e-01
3.720738911863368803e-01
2.615054968925790285e-02
1.966715724972162738e+00
1.515227687567380466e+00
4.915923191692346261e-01
0.000000000000000000e+00
0.000000000000000000e+00
1.098858561577887416e+00
1.583891353012346181e+00
1.308600635980834870e+00
2.504434319104338780e+00
1.377596836545496028e+00
