# Ensemble A, m = 50.0, c_n/c_p = 0.6, f = -0.992173913043
# lambda = [  9.10497641e-09  -5.42023205e-09   0.00000000e+00   6.82128247e-10]
#  
0.000000000000000000e+00
0.000000000000000000e+00
6.320483223599666633e-01
1.076798092075642810e+00
0.000000000000000000e+00
1.312362205942346760e+00
2.524165973789150308e-01
1.221769991714813514e-01
0.000000000000000000e+00
8.796192912517801776e-01
0.000000000000000000e+00
0.000000000000000000e+00
0.000000000000000000e+00
0.000000000000000000e+00
0.000000000000000000e+00
6.098834846589336056e-01
0.000000000000000000e+00
1.413317222248657190e+00
0.000000000000000000e+00
1.059542749683381135e+00
1.244876421844622882e+00
1.302305467151605889e+00
1.223950038127338269e-01
1.651585256063436147e-01
4.144789400371665100e-01
1.081004681441974924e+00
4.283477010090966930e-01
1.120471451925058037e+00
0.000000000000000000e+00
1.053305903032720092e+00
0.000000000000000000e+00
5.292492569603621799e-01
0.000000000000000000e+00
1.193245280649523732e+00
4.589139473588509377e-01
2.366980734659646313e+00
8.632917493802976239e-01
8.405164720461171246e-01
4.542195873755047186e-01
0.000000000000000000e+00
4.866948699272512502e-01
2.952574853087454265e+00
4.915341061530954514e-01
0.000000000000000000e+00
1.744352337468731307e+00
2.738447360024429678e-01
1.206270757527154958e+00
0.000000000000000000e+00
2.596627740588193234e+00
0.000000000000000000e+00
1.705611462299817083e+00
0.000000000000000000e+00
4.088099467562823497e-01
0.000000000000000000e+00
1.897609235089819713e+00
2.763692430535708233e+00
7.210185181196050452e-01
0.000000000000000000e+00
0.000000000000000000e+00
3.147752564763722227e-01
2.160397450446574830e+00
0.000000000000000000e+00
0.000000000000000000e+00
5.150096047847395608e-01
0.000000000000000000e+00
2.077320168693665092e+00
0.000000000000000000e+00
1.284536340123389797e+00
0.000000000000000000e+00
0.000000000000000000e+00
1.189541431052909992e+00
9.933180778795476229e-01
4.546504067818464834e-01
9.018387596819388285e-01
0.000000000000000000e+00
1.882551986618638651e+00
0.000000000000000000e+00
1.220724837288880704e-01
0.000000000000000000e+00
0.000000000000000000e+00
6.809330566061516654e-01
7.774690770364626191e-01
0.000000000000000000e+00
7.816426049282221289e-01
9.824657467457454940e-01
4.602778449240333414e-01
5.498674380155739172e-01
2.609602539582891456e-01
4.761851991538244566e-01
4.976733058680690713e-01
0.000000000000000000e+00
0.000000000000000000e+00
6.615354431552231684e-01
5.571553097963385381e-01
0.000000000000000000e+00
5.706931178676431446e-03
1.695547242311071123e+00
0.000000000000000000e+00
1.513806913138777910e+00
0.000000000000000000e+00
