# Ensemble A, m = 50.0, lambda = [  2.83824345e-09  -2.66794884e-09   0.00000000e+00   9.68336126e-10]
2.886181933910118014e-01
0.000000000000000000e+00
3.251862290120668408e-01
9.470496516616408456e-02
1.849208443616954911e+00
0.000000000000000000e+00
1.477030526217395945e+00
3.171819634002047694e-01
3.599218565752994037e-01
0.000000000000000000e+00
1.031047238827214718e+00
0.000000000000000000e+00
1.173397570301574877e+00
1.079973330296327694e-01
0.000000000000000000e+00
0.000000000000000000e+00
0.000000000000000000e+00
0.000000000000000000e+00
0.000000000000000000e+00
3.054515816972377951e-01
9.065065513868110214e-01
4.848460136223252115e-01
0.000000000000000000e+00
7.888706350924674648e-01
0.000000000000000000e+00
0.000000000000000000e+00
8.042117514445399351e-01
2.676233795974942153e-01
0.000000000000000000e+00
0.000000000000000000e+00
6.100897488083140141e-01
4.980829193090372531e-01
9.814520781206653721e-01
1.923482976524211185e-01
7.397751241704115799e-01
0.000000000000000000e+00
0.000000000000000000e+00
3.973793535197201798e+00
0.000000000000000000e+00
5.318592465071457775e-01
9.911028272064418276e-01
9.872466155370622776e-01
0.000000000000000000e+00
3.259218859727204820e-01
1.118205471979257570e+00
7.875833252722501676e-01
1.289801791263062603e+00
4.896609179255694277e-01
7.317422001201171478e-01
1.605080873510425832e+00
3.107286201371645129e-01
0.000000000000000000e+00
2.224480043818285235e+00
0.000000000000000000e+00
1.980816469326166784e-01
0.000000000000000000e+00
7.023269650074041026e-01
2.433187835882325789e+00
0.000000000000000000e+00
0.000000000000000000e+00
0.000000000000000000e+00
1.688508738579057145e+00
1.692639942401912734e+00
7.599425685573536482e-01
0.000000000000000000e+00
0.000000000000000000e+00
0.000000000000000000e+00
2.150723755188975808e-02
0.000000000000000000e+00
0.000000000000000000e+00
2.943083492434975579e+00
1.715524135235389602e+00
1.407532625512987634e+00
1.390410665256472722e+00
0.000000000000000000e+00
3.253885739716741998e-01
2.565211584729507610e-01
1.005325268162728519e-01
0.000000000000000000e+00
0.000000000000000000e+00
2.241054487065676226e-01
1.420069634157216765e+00
8.719724848039903664e-01
0.000000000000000000e+00
1.985362050979945503e-01
2.847507155274899837e-01
3.837369342909735526e-01
3.668768252631128823e-01
1.746859577560479160e+00
1.038901656552915664e+00
5.098151685812086775e-01
2.356460011779379915e+00
2.308500359560894666e-01
4.900370666285627091e-02
1.501211708800387068e-01
0.000000000000000000e+00
5.520546738402141301e-02
0.000000000000000000e+00
0.000000000000000000e+00
0.000000000000000000e+00
