# Ensemble A, m = 50.0, c_n/c_p = 0.81935483871, f = -0.988260869565
# lambda = [  7.13589979e-09  -5.77819727e-09   0.00000000e+00   8.93254910e-10]
#  
3.524471198564276264e+00
2.906234525636162580e+00
3.369383367165128096e+00
3.747877512994501448e+00
4.049293090155329899e+00
4.007747222699162393e+00
3.555450057174009526e+00
2.336416742590637696e+00
4.054681859878088268e+00
4.224887128416381366e+00
2.584570326077031410e+00
5.359853807417431781e+00
4.585670664462316637e+00
5.292586139965327341e+00
5.134617814271775771e+00
7.084443220023803889e-01
3.411272041282943590e+00
2.492347571146971141e+00
3.708748114913599903e+00
4.466066199776088652e+00
5.433767500953451624e+00
4.891080736413024432e+00
4.014893507296000585e+00
4.587823610945273245e+00
3.918479292217354359e+00
2.098774874038184635e+00
4.378225838663205138e+00
4.863987974142342630e+00
5.430460887628613342e+00
2.240022009712201889e+00
3.368172412711691877e+00
3.728713878081126865e+00
5.096226393257729192e+00
4.869189320865289439e+00
1.993932279135236740e+00
4.063300955728747610e+00
4.865287067358616824e+00
3.468691541068935180e+00
4.566256250686981488e+00
2.265037237896563749e+00
4.773339501176339539e+00
1.958446079828805253e+00
4.164060634965193408e+00
3.915604051479484760e+00
0.000000000000000000e+00
4.043240212165354563e+00
5.106736819861458443e+00
2.027209183501289758e+00
2.726663106538599557e+00
4.849358946949988258e+00
3.504357204196768549e+00
3.473300086625578320e+00
4.741420833751559094e+00
2.179788514007190425e+00
6.008743794667580573e+00
3.706955912263952158e+00
3.865023231043259511e+00
4.617814070569345120e+00
2.218226387550580103e+00
4.474418383843254077e+00
4.229790125756356822e+00
3.157475553841535554e+00
4.706704520207027009e+00
2.090104846688670470e+00
3.615336489137543907e+00
2.992013781834686803e+00
2.605398415129986045e+00
1.071827080234901253e+00
5.045333269465917425e+00
3.900421053617364908e+00
4.104660474615504206e+00
4.493667502246332823e+00
3.750950476032727021e+00
4.142194891548158786e+00
4.392733218854970367e+00
1.245054641222351766e+00
2.608631754426908866e+00
3.223787311266334665e+00
3.606867792054234467e+00
2.178716368027231898e+00
4.784691070496156051e+00
4.076627813482327056e+00
3.239980664740460092e+00
4.676015865141070371e+00
4.606745260052893975e+00
5.455318795135127630e+00
4.773155305996548137e+00
2.855855703692562919e+00
3.565617177066266574e+00
1.551906149237326726e+00
3.141201789009050227e+00
1.956493080249765315e+00
3.173607052851154631e+00
4.393881953212389391e+00
4.178886877379428100e+00
4.464866045598460786e+00
3.242079853130567013e+00
3.230950608337585628e+00
2.667141567182687467e+00
5.160206359471103177e+00
