# Ensemble A, m = 50.0, c_n/c_p = 0.729032258065, f = -1.0
# lambda = [  4.26129359e-08  -3.10662049e-08   0.00000000e+00   0.00000000e+00]
#  
0.000000000000000000e+00
0.000000000000000000e+00
0.000000000000000000e+00
0.000000000000000000e+00
0.000000000000000000e+00
1.128741592470895672e+00
0.000000000000000000e+00
0.000000000000000000e+00
0.000000000000000000e+00
0.000000000000000000e+00
0.000000000000000000e+00
0.000000000000000000e+00
0.000000000000000000e+00
0.000000000000000000e+00
0.000000000000000000e+00
9.927956603766658894e-01
0.000000000000000000e+00
5.687867846275347361e-01
0.000000000000000000e+00
0.000000000000000000e+00
0.000000000000000000e+00
0.000000000000000000e+00
0.000000000000000000e+00
1.905586668377309945e+00
0.000000000000000000e+00
0.000000000000000000e+00
0.000000000000000000e+00
0.000000000000000000e+00
0.000000000000000000e+00
0.000000000000000000e+00
0.000000000000000000e+00
0.000000000000000000e+00
0.000000000000000000e+00
5.764154072836686904e-01
0.000000000000000000e+00
0.000000000000000000e+00
0.000000000000000000e+00
0.000000000000000000e+00
0.000000000000000000e+00
0.000000000000000000e+00
0.000000000000000000e+00
1.148279038114982775e+00
0.000000000000000000e+00
0.000000000000000000e+00
0.000000000000000000e+00
0.000000000000000000e+00
2.027474159497975936e+00
0.000000000000000000e+00
1.663047167192894804e+00
0.000000000000000000e+00
5.118619061762526012e-01
0.000000000000000000e+00
0.000000000000000000e+00
1.383497527487510537e+00
0.000000000000000000e+00
0.000000000000000000e+00
0.000000000000000000e+00
6.318836794773795562e-01
1.560785947403898088e+00
0.000000000000000000e+00
0.000000000000000000e+00
0.000000000000000000e+00
0.000000000000000000e+00
2.381378619311181333e-01
0.000000000000000000e+00
7.403512602307697754e-02
0.000000000000000000e+00
0.000000000000000000e+00
0.000000000000000000e+00
0.000000000000000000e+00
0.000000000000000000e+00
0.000000000000000000e+00
0.000000000000000000e+00
0.000000000000000000e+00
0.000000000000000000e+00
0.000000000000000000e+00
4.579588331956327418e-01
0.000000000000000000e+00
3.672025896718348892e-01
0.000000000000000000e+00
1.330849085175701108e+00
0.000000000000000000e+00
0.000000000000000000e+00
0.000000000000000000e+00
0.000000000000000000e+00
0.000000000000000000e+00
0.000000000000000000e+00
0.000000000000000000e+00
0.000000000000000000e+00
0.000000000000000000e+00
0.000000000000000000e+00
0.000000000000000000e+00
0.000000000000000000e+00
0.000000000000000000e+00
0.000000000000000000e+00
0.000000000000000000e+00
0.000000000000000000e+00
0.000000000000000000e+00
1.381658760428101429e+00
0.000000000000000000e+00
