# Ensemble A, m = 50.0, c_n/c_p = 0.677419354839, f = -0.97
# lambda = [  6.93090567e-09  -4.55427576e-09   0.00000000e+00   1.14140910e-09]
#  
1.248046607289184928e+00
1.821743156724722201e+00
2.144671213466386117e+00
1.148314747671271618e+00
1.275481846849047196e+00
1.870743850050381740e-01
1.176820483522997396e+00
1.487283303876664409e+00
7.919639827376547814e-01
1.633311378758857568e+00
1.961174850382438217e+00
7.743138520444935446e-01
1.904326603826290043e+00
0.000000000000000000e+00
1.586472976398686896e+00
4.182121577186169725e-01
1.020523073256841995e+00
1.442909838061773753e+00
1.731171775049181960e+00
5.217025014468728017e-01
2.420928594446293936e+00
0.000000000000000000e+00
0.000000000000000000e+00
1.606402596573658581e+00
2.548396233916745968e-01
1.874170467076740509e+00
1.577558142368366223e+00
1.888556023796460925e+00
2.031125974615520136e+00
0.000000000000000000e+00
1.089981451670371859e+00
2.850669677652580170e+00
2.678816359364581956e+00
0.000000000000000000e+00
3.160702830242828609e-02
1.899858229443500246e+00
0.000000000000000000e+00
0.000000000000000000e+00
1.456432098597270297e+00
1.188159642270746108e+00
2.922228579169884988e+00
1.838716387718169587e+00
1.621387942054096865e+00
0.000000000000000000e+00
0.000000000000000000e+00
0.000000000000000000e+00
6.406477136917503208e-03
6.630166744923341460e-01
1.484401352614245440e+00
1.125526029169439113e+00
1.103131254454730037e+00
6.947527897027639954e-01
1.363483472760771420e-01
2.441636896999950679e+00
9.457832686578019343e-01
8.801589019987682283e-01
0.000000000000000000e+00
9.455369725728532959e-01
1.703964587047678947e+00
1.056773483667152735e+00
1.940359660025461619e-01
1.286120200030831162e+00
7.055828446792326014e-01
3.610603641968130884e+00
1.083678765539900279e+00
2.916595371361409561e-01
7.767928876836723839e-01
0.000000000000000000e+00
8.123416860306769890e-03
0.000000000000000000e+00
0.000000000000000000e+00
2.083525262144558354e+00
2.603552817462574165e+00
1.566429375918190647e+00
1.950336063112315887e+00
2.670013784099151799e+00
1.745692199914906206e+00
1.362824943541252054e+00
1.238357436153564306e+00
1.932597421123418702e+00
1.218033630999251216e+00
3.265257749205384474e+00
5.172322068373315096e-01
9.519974197849213615e-01
1.432814202050715746e+00
1.088263313870022342e-01
1.412300733499675776e+00
1.096465789238858790e-01
1.265813079709295463e+00
1.828189422260231289e+00
1.159042690274139975e+00
3.687263676553564906e-01
2.271167665331093488e+00
2.860634656807189202e+00
0.000000000000000000e+00
4.317609407130029719e-01
2.340482600501347044e+00
8.708943021369039972e-01
3.967442188731398200e-01
0.000000000000000000e+00
