# Ensemble A, m = 50.0, c_n/c_p = 0.883870967742, f = -0.997391304348
# lambda = [  6.18022533e-09  -5.44827168e-09   0.00000000e+00   3.94308794e-10]
#  
0.000000000000000000e+00
0.000000000000000000e+00
1.760688765935793487e+00
2.666001315841832753e+00
1.254315352620156698e+00
2.328079550298261413e+00
1.725422194456231175e-03
0.000000000000000000e+00
1.796993623125317407e+00
9.758331711959191690e-01
8.906328140827751705e-01
2.101171191499637825e+00
1.516648091818275645e-01
0.000000000000000000e+00
1.917286948497311183e+00
1.695710218072586706e+00
1.629206193318828211e+00
1.021732663647658468e+00
1.594750383224389001e+00
1.599707483350628845e+00
1.252461294669029446e+00
0.000000000000000000e+00
6.285731414112639970e-02
1.474187082088825207e+00
0.000000000000000000e+00
6.781989700517857544e-01
5.609833445270397956e-01
2.070771646782897157e+00
2.042297134413190385e+00
2.358021811686961566e+00
0.000000000000000000e+00
5.029888098071338097e-03
0.000000000000000000e+00
2.119269875763159394e+00
7.737171685505679353e-01
7.935969434590244287e-01
1.624740116262232359e+00
7.801163639056891697e-01
1.237599982607151983e+00
1.028182941342677292e+00
1.314012922704580699e+00
8.847533972093035715e-01
1.658667950328402085e+00
1.079952820328941909e+00
1.426891423830542571e+00
8.288258863887608685e-01
2.548028936411815604e+00
8.799827069635771659e-01
1.463880642504535867e+00
8.499160587410412582e-01
0.000000000000000000e+00
2.448013701330713054e+00
1.471513414435985601e+00
8.567547929109181615e-01
1.337891844692118137e-01
1.216281998572917633e+00
0.000000000000000000e+00
0.000000000000000000e+00
1.290654389412937419e+00
0.000000000000000000e+00
4.540886757689121533e-01
2.284916078312316579e+00
5.847738619509013080e-01
0.000000000000000000e+00
2.671605725127898859e-02
8.782043638556465970e-01
1.735115434157620706e+00
0.000000000000000000e+00
1.982240692562402984e+00
3.390494729400356899e+00
6.865688972041094074e-01
2.145925520692697930e+00
0.000000000000000000e+00
2.769134593021246538e+00
4.292355322040259935e+00
0.000000000000000000e+00
0.000000000000000000e+00
1.650753827014229902e+00
2.078271045238437420e+00
3.233756473478880178e+00
4.055051604887591310e+00
2.039295874440721246e+00
0.000000000000000000e+00
7.982644434397697664e-01
1.287139046075159943e+00
4.826301464397079188e-01
9.655913632708091887e-01
0.000000000000000000e+00
2.295075051193665949e+00
6.593587716209589056e-01
2.764532889967541429e+00
2.156768956945354088e+00
1.611906883599719453e+00
1.373694010455740244e+00
1.028182941342677292e+00
2.900687561889467858e+00
4.978914296110296678e-01
1.308281602361525575e+00
1.334689011639955236e+00
4.634007236307811972e+00
