# Ensemble A, m = 50.0, lambda = [  8.41351045e-09  -5.79826572e-09   0.00000000e+00   1.17738807e-09]
1.855171021811733878e+00
2.756319420777848528e+00
1.589701266230604482e+00
1.587756303365713384e+00
0.000000000000000000e+00
2.908688884127708651e-01
4.893536183985275345e-01
0.000000000000000000e+00
0.000000000000000000e+00
1.853941354648837692e+00
1.319734212370748505e+00
2.168896902030285734e+00
2.232913138614495807e+00
2.626267903892315125e+00
8.599205384563627375e-01
3.080153901405228822e+00
4.312537888688878773e-01
7.288944548155442682e-01
1.577665870012911364e+00
7.431031836227979248e-01
6.876359777591769529e-01
2.922754662252570412e+00
0.000000000000000000e+00
1.263718531358005992e-01
1.348670793741577389e+00
1.852948800454049749e+00
0.000000000000000000e+00
0.000000000000000000e+00
2.595546478644336297e+00
2.174832589865210331e+00
2.006464335578498570e+00
1.370492750292342965e+00
1.923601194624442456e+00
3.604335152052821289e+00
0.000000000000000000e+00
2.735429697668771976e-01
7.397608612140571527e-01
1.108050019576079848e+00
1.277261373944269085e+00
2.862888203783255037e+00
1.562390629810565201e+00
1.780734472866976059e+00
2.677342705921772037e+00
2.613945462375318662e+00
3.379765880720269955e+00
1.325511917206304791e+00
1.172045195433898623e+00
1.338358930608301467e+00
3.526427488173408342e+00
2.158380958732935007e+00
1.845150215109653713e+00
1.351826318773556634e+00
9.494640571240685611e-01
1.507327681569924138e+00
2.045246916339172216e+00
3.906750547750319047e+00
0.000000000000000000e+00
1.618629612289517183e+00
1.580193301804103889e+00
4.290302742146022474e+00
3.775094026183764218e+00
2.045895621830578825e+00
1.938633111990613722e+00
6.439493203668502641e-01
1.437028461580353245e+00
1.616711432272774474e+00
1.784963029849519600e+00
1.819009919392950314e+00
1.426345615070461426e+00
1.183659810852256827e-01
1.193025867997137723e+00
1.643784211254642136e+00
3.489079796419131796e+00
1.780223458482355081e+00
3.040465099632063239e+00
1.148943195858929345e+00
0.000000000000000000e+00
2.951521035142236293e+00
7.689664298999466796e-01
1.252871314755054977e+00
2.918212214307851937e+00
1.436427066786709172e+00
2.067490636499326850e+00
3.117221484021824307e-01
2.427863684466534444e+00
4.619404472964413699e+00
2.315783638149512047e+00
1.105347028361298278e+00
2.355211010129328320e-01
7.918564585556967517e-01
2.883641148652232200e+00
7.684275738590370386e-01
8.008731500703852868e-01
1.917488006496953945e+00
1.271824347957982715e+00
2.426231450826672464e+00
6.871866957481312932e-01
2.999308803990098582e+00
1.626195703722497665e+00
9.749741615115223303e-02
