# Ensemble A, m = 50.0, lambda = [  7.68315657e-09  -6.47727276e-09   0.00000000e+00   4.58873185e-10]
2.217859492342747263e+00
1.537031277933166962e+00
1.083269597598089495e+00
2.443613916353284843e+00
1.519250535120917789e+00
6.002360827700178314e-01
3.285869669154857231e+00
1.024001067622001493e+00
1.111916842316471588e+00
2.628418479816286180e+00
3.784399817986335179e+00
1.715743466321419497e+00
2.063912864854848261e-01
1.903708720217761385e+00
2.274343993811775988e+00
1.311382663241734248e+00
2.830164261253543589e+00
1.358387298044693381e+00
2.189750065192064277e+00
1.973465272992972697e+00
3.572282673933046659e+00
2.542164531871901278e+00
6.285490271658141781e-01
5.417980685262803187e-01
1.188464230680840172e+00
3.234487138120225147e+00
1.098253179289037540e+00
7.149362501164782113e-01
3.489710962877658584e+00
0.000000000000000000e+00
2.707560009693845693e+00
2.052574003022191285e+00
2.401688661797786450e-01
3.333004254912516617e-01
2.163531999597479771e+00
2.593933657703072271e+00
2.267829406236587353e+00
1.711886614738964418e-01
8.082906406486742856e-01
1.842425954311041725e+00
2.914022945920163199e+00
1.617532774447626442e+00
1.760726312301208463e+00
3.286193708982944273e+00
1.891050811470723625e-01
2.352465198911307898e+00
2.639845998497737600e+00
2.293667246952781902e-01
1.958152523052526739e+00
0.000000000000000000e+00
1.515847582496749668e+00
2.307550862738384723e+00
1.291980296052682498e+00
2.034805557706417023e+00
0.000000000000000000e+00
2.505529578298241411e+00
2.557455336429735659e+00
1.798419739499036440e+00
7.535279747768367509e-01
5.102210568231008159e-01
1.271181532685945248e+00
3.744917105753675202e+00
1.863030869534665346e+00
3.538716874848149452e+00
1.809320802633735292e+00
5.636439274073399286e-01
3.237568573443887123e-03
3.333863925539291895e+00
0.000000000000000000e+00
9.700301548369721916e-01
0.000000000000000000e+00
2.058690695591108621e+00
1.816661190308508367e+00
9.834864080743220827e-01
2.563822282993890145e+00
2.783991753302620165e+00
1.916459857448845394e+00
5.613716231759540154e-01
4.368780830436634344e-01
2.694455916345821489e+00
1.379997317543773638e+00
2.655411716871518557e+00
1.247555634458211049e+00
7.848924419562836041e-01
2.253469034201780019e+00
2.255062302065737434e+00
1.891750597660883493e+00
2.693785091225980644e+00
9.833584102073569255e-01
0.000000000000000000e+00
1.557710474777664666e+00
1.776822551314801046e+00
1.740535836136959169e+00
2.270095647444702713e+00
1.788986392547522453e+00
0.000000000000000000e+00
2.004932325714210428e+00
2.390446030969503255e+00
1.817650933352417786e+00
1.581697781661678626e+00
