# Ensemble A, m = 50.0, lambda = [  2.37856354e-08  -1.54990269e-08   0.00000000e+00   0.00000000e+00]
0.000000000000000000e+00
2.083997418430240334e+00
0.000000000000000000e+00
0.000000000000000000e+00
0.000000000000000000e+00
9.619010979296425956e-02
0.000000000000000000e+00
7.473436278020793022e-01
0.000000000000000000e+00
0.000000000000000000e+00
0.000000000000000000e+00
1.140438631024743854e-01
0.000000000000000000e+00
1.403384744988571242e+00
6.674685438880618715e-01
0.000000000000000000e+00
2.861001800330424061e+00
1.400336146617305877e-01
7.218397735894707123e-01
8.867721534950905315e-01
1.158550461121006681e+00
0.000000000000000000e+00
0.000000000000000000e+00
2.429646333743888942e+00
8.534578210211776206e-01
1.646721654594581752e+00
0.000000000000000000e+00
0.000000000000000000e+00
2.697324203256678543e-01
0.000000000000000000e+00
0.000000000000000000e+00
1.154745519446561008e+00
6.383487080634306365e-02
0.000000000000000000e+00
0.000000000000000000e+00
7.116597150079925216e-01
0.000000000000000000e+00
7.034212527464219766e-01
2.277527872613039350e-01
1.503919675557927160e+00
8.167495359108599695e-01
7.145063539465580371e-01
0.000000000000000000e+00
0.000000000000000000e+00
0.000000000000000000e+00
0.000000000000000000e+00
5.645376821834723335e-01
0.000000000000000000e+00
0.000000000000000000e+00
1.344538507569556174e+00
4.580572017280516994e-01
0.000000000000000000e+00
7.951763847124990736e-01
0.000000000000000000e+00
0.000000000000000000e+00
0.000000000000000000e+00
4.963319046044465527e-02
1.678876572920237065e+00
3.083250532752512818e-01
0.000000000000000000e+00
1.330606265034622426e+00
1.302073912507688280e-01
2.427944493169172269e+00
0.000000000000000000e+00
1.221661952687017827e+00
1.348380790367991633e+00
0.000000000000000000e+00
8.164118963480585522e-01
0.000000000000000000e+00
7.410234695669275506e-01
0.000000000000000000e+00
6.670055496684924590e-01
0.000000000000000000e+00
0.000000000000000000e+00
0.000000000000000000e+00
1.366161080799567884e+00
0.000000000000000000e+00
1.205548065570122951e+00
1.442925694875602183e+00
1.241989166807341061e+00
1.424479702674756876e+00
0.000000000000000000e+00
0.000000000000000000e+00
0.000000000000000000e+00
1.132280105069644272e+00
2.069619975309816340e+00
0.000000000000000000e+00
0.000000000000000000e+00
1.781764109096523940e+00
6.173399302431847868e-01
0.000000000000000000e+00
7.054477318389199558e-01
1.067676168504538281e-01
0.000000000000000000e+00
2.475994779828351589e-01
1.328474853382674681e+00
0.000000000000000000e+00
0.000000000000000000e+00
0.000000000000000000e+00
0.000000000000000000e+00
