# Ensemble A, m = 50.0, c_n/c_p = 0.78064516129, f = -0.998695652174
# lambda = [  1.34469878e-08  -1.04836338e-08   0.00000000e+00   5.35980175e-10]
#  
1.808779292279364626e+00
5.165883542474952739e-01
1.656077590659281729e+00
2.552745699601574270e+00
1.620443832937943807e+00
1.308895819101207225e+00
2.621879313076756368e+00
2.678826859343248490e+00
2.094449605941692383e+00
3.016529777373707644e-01
3.019324426884334223e+00
2.506911296906068287e+00
1.985037395318567821e+00
3.914751208565786289e+00
1.897364851714471223e+00
2.084793194548769435e+00
2.271791735071603036e+00
0.000000000000000000e+00
1.331460105486250489e+00
3.087948255253323726e+00
3.247805087914133804e+00
1.368640031950421720e+00
2.330582439287022911e+00
1.200697295410736665e+00
1.250878606252503245e+00
2.148360474138566900e+00
3.959689389399814630e+00
2.609440691100474385e+00
0.000000000000000000e+00
3.232919772576650086e+00
2.148362681309671451e+00
2.554598113498964818e+00
1.540230670957072334e+00
1.914126963992996977e+00
0.000000000000000000e+00
1.816069991649920556e+00
2.812734157508966604e+00
2.253873017340095597e+00
8.688065605444937889e-01
4.804725712542919247e+00
1.704930324355209637e+00
1.275715484135800715e+00
1.317979683268957647e+00
3.049710931014705029e+00
2.001279063129968616e+00
1.867096131603463771e+00
3.275472473561698461e+00
2.385042255093850372e+00
6.650779415564755936e-01
1.858930321912182437e+00
7.564537154091516280e-01
2.434880431374603749e+00
2.070114433229827355e+00
1.788054494920947590e+00
1.211859112808099326e+00
1.822145747874163835e+00
2.037542325964280643e+00
1.508300914811718352e+00
2.041690876971443469e+00
3.234177942827005214e+00
1.878030840304063531e+00
1.663027927839472841e+00
1.036728086784973968e+00
1.205363044274780471e+00
1.548039388823083229e+00
3.099855192193548437e+00
6.040590755206843854e-01
2.705119179681898522e+00
0.000000000000000000e+00
9.902679513484300422e-01
1.779270924958899602e+00
0.000000000000000000e+00
2.771482327091775666e+00
5.778725606528849479e-01
9.345453800431683389e-01
2.021721738099113264e+00
1.580682922236679833e+00
2.005095327106833025e+00
2.392327316763654732e+00
3.219029242909748678e+00
9.494075329235147631e-01
3.373048887859271261e+00
2.933406640052213632e+00
2.864523007444128133e+00
7.293340217415432702e-01
7.559844622538518522e-01
1.224920363745410246e+00
2.062736588411149707e+00
2.970132826803400850e+00
3.846420455594600885e+00
3.848716581286741434e+00
9.443020220233768747e-01
2.886956878214420819e+00
9.129193777732393933e-01
3.623869599904491423e+00
1.673283801262892778e+00
2.242255515385999320e+00
1.159352312394596574e+00
7.035895840285930625e-01
2.738731259399679985e+00
