# Ensemble A, m = 50.0, c_n/c_p = 0.909677419355, f = -0.989565217391
# lambda = [  4.96157325e-09  -4.46633448e-09   0.00000000e+00   6.50320755e-10]
#  
9.504409396802141474e-01
2.944353027451318106e+00
0.000000000000000000e+00
2.150354533182993411e+00
0.000000000000000000e+00
2.277360319022174728e+00
1.901181725683992907e+00
3.576460526897090819e+00
1.781191467054495714e+00
1.713418836967576464e+00
2.987104710034610200e+00
5.266999872937351057e+00
2.679858652122694362e+00
1.618177768262711425e+00
2.416208087264169802e+00
3.200245506720139410e+00
0.000000000000000000e+00
3.581981472983823966e+00
4.100612952035191938e+00
3.256469324150152556e+00
1.929375851940311914e+00
2.814244078680842254e+00
5.292813134748397097e+00
1.898011170550980564e+00
1.706653344116624282e+00
2.948769563714895181e+00
1.987928045289645507e+00
3.253682105707496941e+00
3.145202600034231022e+00
0.000000000000000000e+00
0.000000000000000000e+00
4.961966740661136188e-01
2.398310547840054152e+00
7.827510374339987156e-03
3.269527035289174322e+00
1.447013663599962863e+00
4.764558025254307161e+00
0.000000000000000000e+00
3.441454950436268145e+00
8.089439052458168369e-03
0.000000000000000000e+00
0.000000000000000000e+00
2.933359964621967908e+00
4.073288639462650629e+00
0.000000000000000000e+00
1.631830862859752873e+00
2.013314070701323732e+00
2.758620048534499158e+00
1.979628788132577366e+00
2.304174798221702236e+00
0.000000000000000000e+00
3.250005441395374728e+00
3.571151617851481941e+00
3.541792266823593938e+00
2.126552780536609788e+00
2.079512977079909675e+00
2.289761387821311889e+00
6.765232304802413221e-01
1.338036967088234608e+00
1.851191193679814884e+00
2.246405355228967782e+00
1.029595459274030178e+00
2.300934751039100945e+00
0.000000000000000000e+00
2.338537739896954015e+00
1.119743948691155788e+00
2.964927875143373193e+00
2.375435496545959424e+00
2.996761030289262884e+00
1.836859577736960292e+00
0.000000000000000000e+00
1.564767987360460966e+00
2.081525532909703546e+00
2.808055117909661908e-03
1.889718749547479648e+00
2.764082250635712334e+00
2.965887947107726408e+00
2.046969114793218747e+00
3.220566094844243388e+00
1.333258276976173828e+00
1.511669429699374234e+00
1.448548309493689734e+00
1.632092172166878852e+00
0.000000000000000000e+00
2.948828282029411163e+00
2.716453206527041697e+00
0.000000000000000000e+00
0.000000000000000000e+00
2.808103723853547784e+00
1.802306642300435691e+00
1.272318076608164539e+00
7.274135884932563245e-01
3.028379665832824141e+00
2.542579717433586683e+00
2.997571385610444228e+00
3.371746129278786253e+00
0.000000000000000000e+00
0.000000000000000000e+00
1.561657285002703510e+00
2.569627415714837770e+00
