# Ensemble A, m = 50.0, lambda = [  8.60427038e-09  -5.30383879e-09   0.00000000e+00   9.29137461e-10]
6.220567664755599635e-01
8.187848950016503036e-01
0.000000000000000000e+00
0.000000000000000000e+00
0.000000000000000000e+00
1.292363010279107272e+00
2.644351016767202411e-01
9.500077696984905451e-01
5.704873854198818650e-01
0.000000000000000000e+00
1.442018675012440632e+00
3.231084727240097765e-01
1.008342967466124174e+00
1.646602011302121138e+00
6.331919537673864617e-01
0.000000000000000000e+00
1.461602270567129880e+00
5.302908549974064689e-01
7.853262398263483046e-01
0.000000000000000000e+00
0.000000000000000000e+00
4.163390915305166251e-01
7.908334288851005811e-02
0.000000000000000000e+00
1.398346365934013957e-01
4.153945066642532602e-01
0.000000000000000000e+00
0.000000000000000000e+00
5.931425853395801973e-01
1.139016997072316073e+00
1.960774763211177441e-02
2.604223205761988513e+00
7.003899611094397404e-01
6.143995542903766260e-01
3.686411860681028663e-01
5.814714991692470081e-01
1.099358746520042729e+00
9.736333566362714853e-01
5.851365841059815720e-01
2.991438100339307016e-01
4.315057531798131008e-01
4.576604242261461120e-01
0.000000000000000000e+00
0.000000000000000000e+00
0.000000000000000000e+00
1.920142038344706814e-01
1.906474199303643147e+00
8.465724431126390170e-01
5.257340478262367833e-01
9.106774599590631292e-01
2.710946457320563496e+00
9.912539652577417870e-01
6.480472820949478852e-01
1.626453578848181758e+00
1.741078929192241276e+00
1.427639785199909805e-01
0.000000000000000000e+00
0.000000000000000000e+00
5.261783120923133605e-01
6.723523429640571036e-01
6.128406497341224446e-01
1.552228036383104470e+00
3.565562167541762584e-01
0.000000000000000000e+00
2.714440307741955993e-01
0.000000000000000000e+00
0.000000000000000000e+00
0.000000000000000000e+00
0.000000000000000000e+00
6.489073365948746508e-01
1.615556627537976020e+00
4.918242250075858801e-01
4.049086808567296525e-01
3.764381165394807272e-01
1.370634861745483990e+00
0.000000000000000000e+00
1.922470170637952558e+00
0.000000000000000000e+00
0.000000000000000000e+00
0.000000000000000000e+00
9.336759063334334474e-01
3.700198014586998374e-01
9.200199419480341589e-01
1.925117975390337188e-01
1.780780195045813308e+00
0.000000000000000000e+00
2.189100559584146399e+00
7.150349064821012179e-01
2.226121462175249255e-01
1.355159630248272684e+00
1.060035334065338564e+00
1.366291577374519672e+00
0.000000000000000000e+00
1.987692564714176990e+00
2.755269657956931795e+00
1.971112048372285042e+00
1.329038917434278044e+00
0.000000000000000000e+00
8.611909471904636293e-01
0.000000000000000000e+00
