# Ensemble A, m = 50.0, c_n/c_p = 0.612903225806, f = -0.972608695652
# lambda = [  6.67348919e-09  -3.97816705e-09   0.00000000e+00   9.50761739e-10]
#  
1.756846677760724784e+00
9.759176464189440736e-01
2.191329964745672321e+00
6.237452037486604928e-01
1.784358942361824685e+00
1.053486220157537456e+00
0.000000000000000000e+00
3.621264566095510062e-01
0.000000000000000000e+00
4.339602595642125249e-01
1.578739913797639338e-01
1.555131078398835909e+00
0.000000000000000000e+00
2.101399520559759371e-01
3.557398994321357977e-01
2.029155791451803914e+00
0.000000000000000000e+00
0.000000000000000000e+00
0.000000000000000000e+00
1.988768979310617802e+00
7.882323717645249861e-01
3.923525410188922202e-01
2.147872766973454972e+00
9.045859149389183784e-01
1.644560647651055696e+00
1.748060974038926574e+00
1.642923413885320372e+00
0.000000000000000000e+00
5.389946808192069838e-01
7.709776676730573097e-02
0.000000000000000000e+00
0.000000000000000000e+00
1.081389978773952931e+00
4.569849843207884343e-01
2.630787885460338149e+00
6.497581254386887960e-03
1.962766095526353283e+00
6.189199663608480062e-01
1.159183726435758288e+00
0.000000000000000000e+00
0.000000000000000000e+00
6.685717224896096100e-01
0.000000000000000000e+00
1.520901641478976218e+00
1.001884295813495696e+00
0.000000000000000000e+00
9.858277588747929032e-01
1.079376288725455657e+00
1.739963547614488126e+00
1.565916147034357442e-01
7.724670600021157352e-01
0.000000000000000000e+00
8.093360366173344422e-01
1.253595492249768739e+00
0.000000000000000000e+00
1.372540420128964378e+00
0.000000000000000000e+00
2.293893203797155333e+00
0.000000000000000000e+00
1.179676716700130745e+00
1.061187138138470765e+00
2.125221981573822916e+00
5.347459134854538609e-01
9.009426851297350769e-01
0.000000000000000000e+00
9.396810771915614646e-01
1.258128205399524191e+00
0.000000000000000000e+00
0.000000000000000000e+00
1.672618569183169646e+00
1.542796910206579497e+00
1.643338584258695612e+00
2.162631904373349734e+00
0.000000000000000000e+00
1.521615340740583910e+00
9.586151904403767965e-01
0.000000000000000000e+00
3.990753299166116541e-01
6.140801516819879291e-01
1.042890427012826970e+00
6.827323982937119062e-01
6.883866115821087872e-01
1.151960198382649736e+00
6.176215278092654914e-01
1.618686837435471537e-01
1.841834638672676494e+00
0.000000000000000000e+00
5.060133629094449859e-01
8.411480427553199579e-01
3.815376215595575049e-01
1.952178685199112529e+00
0.000000000000000000e+00
8.042424135003672925e-01
1.076591520834367044e+00
2.736631137869717789e-01
1.396931420388763501e+00
1.223831043584653645e-02
0.000000000000000000e+00
0.000000000000000000e+00
7.983287876999343169e-01
