# Ensemble A, m = 50.0, c_n/c_p = 0.703225806452, f = -0.961428571429
# lambda = [  6.05869450e-09  -4.09629172e-09   0.00000000e+00   1.17190650e-09]
#  
7.951751955108291026e-02
7.955792827223132635e-01
2.030734244509682540e+00
1.997487791632976517e+00
1.035872737589237591e+00
6.388500444254434640e-01
1.259952639849419409e+00
2.597528444635355260e+00
1.063437192598934544e+00
8.904725757724102353e-01
1.867676555233681368e+00
2.029791072946911967e+00
2.003758926516423955e+00
1.398346202413963235e+00
1.314191583210818415e+00
1.930576401845792045e+00
1.884727384260077798e+00
1.453149179854515971e+00
5.051484232037980471e-01
2.837618272648187112e+00
0.000000000000000000e+00
2.328547456263256321e-01
5.236555875890730460e-01
1.825339148492884478e+00
1.409128736093264500e+00
0.000000000000000000e+00
0.000000000000000000e+00
5.969987426047184131e-01
8.586326828495641911e-03
5.397142758614181801e-01
6.107684032388301931e-01
2.384023492373262165e+00
1.444889437794766085e+00
4.128173339501217676e+00
1.709852344488403508e+00
1.615378348900288863e+00
0.000000000000000000e+00
3.377886017908790173e+00
2.211895876818681383e+00
1.398706046381281265e+00
9.606925696131320969e-01
1.206285674435496169e+00
3.526847104169334446e-01
2.385507737011355545e+00
1.277459662596770018e+00
1.446068036055524697e+00
2.903939695860920267e+00
2.310435536547045476e+00
6.935793747520451191e-01
1.556090925192876284e+00
8.857658302096194092e-01
1.463407073466913566e+00
1.691150514117239601e+00
1.468252428723724190e+00
1.382373916805790470e+00
1.440426322841651174e+00
0.000000000000000000e+00
5.792062945479192759e-01
3.395875316841284075e+00
1.365347084795938137e+00
1.207028653710988664e+00
1.862979944816124389e+00
1.260054545861827080e+00
3.052407024128233726e+00
0.000000000000000000e+00
2.154768673454738881e+00
6.989351297491942505e-01
2.719602837540766149e+00
0.000000000000000000e+00
3.263808554957412067e+00
2.496694707656978540e+00
2.771757949182615199e+00
2.370896259187010191e+00
2.105902695413331749e+00
1.372073951613276832e-01
7.955221206574614179e-01
1.445802365905343723e-01
5.593616955444830063e-01
1.412243478013947673e+00
2.948221398426310369e+00
1.974822989226519554e-01
8.229823493885622954e-01
0.000000000000000000e+00
2.609219092099479109e+00
5.357319729491620830e-01
9.466536409682482223e-01
3.899295075278321754e+00
0.000000000000000000e+00
2.066519131686296529e+00
2.233496442953352812e+00
2.745290130507092030e+00
2.347807180685212547e+00
1.274872820886331137e+00
1.207461763989376768e+00
1.247854476959066261e+00
2.879552451588804907e+00
1.514135720241162941e+00
2.704095210323675502e+00
1.228473803788380447e+00
1.003856729110724544e+00
