# Ensemble A, m = 50.0, lambda = [  3.69885147e-09  -3.02828550e-09   0.00000000e+00   1.09912087e-09]
7.190334926945582961e-01
1.357627568935292572e+00
0.000000000000000000e+00
1.006303678370855659e+00
3.803916733252082818e-03
4.996683079848966424e-01
2.108228924576776464e+00
0.000000000000000000e+00
0.000000000000000000e+00
9.696932615480946538e-01
0.000000000000000000e+00
0.000000000000000000e+00
6.185675702303879975e-01
2.732016169409525297e+00
6.467362167553933894e-01
1.509370423885289612e-03
0.000000000000000000e+00
2.112601665631768100e+00
1.555706797203324776e-01
5.948610783544832081e-01
2.467409444106531957e+00
0.000000000000000000e+00
2.228859439548891874e+00
8.812271545570788955e-01
3.485843133553599982e-01
9.757724811669091780e-01
1.210094748573072199e+00
7.546350812309865486e-01
1.114018539524058271e+00
1.548346057269243570e+00
0.000000000000000000e+00
4.062029199017018199e-01
5.701811751107150883e-01
0.000000000000000000e+00
1.666929951662004417e+00
1.796872657563455933e+00
7.205513617869770127e-02
1.612380042951909731e+00
0.000000000000000000e+00
6.571602922501516009e-01
1.311680932040553582e+00
3.060346802531758392e+00
1.732186269330250106e+00
0.000000000000000000e+00
7.503211863559888783e-02
1.099530281158367817e+00
8.164875316160559171e-01
0.000000000000000000e+00
0.000000000000000000e+00
2.296336317751639822e+00
4.481621668302373518e-01
1.550285322338797567e+00
0.000000000000000000e+00
5.046542024862791243e-01
5.056397992974260847e-01
8.502874243498776963e-01
2.332017393590052112e+00
2.791079884890359519e-01
5.620867174669046396e-01
1.516048275418766522e+00
1.658552162349801851e+00
1.044679580101271626e-01
0.000000000000000000e+00
4.105651591759202357e-01
1.331447635437195132e+00
8.437800548748873863e-01
5.486199678016698833e-01
3.308064751368568479e-01
4.697059563329956111e-01
0.000000000000000000e+00
2.332915923182369511e+00
4.103204912973921203e-01
2.927119152486035714e-01
4.349655862198977263e-01
1.769491078601306278e-01
6.335591029445851730e-01
1.034945552862874596e+00
6.264183242092344894e-01
1.432549182883049999e-01
8.056562076127500305e-01
0.000000000000000000e+00
2.270175966266375411e+00
0.000000000000000000e+00
1.254773124246364002e+00
2.108651331884723312e-01
1.654836307726921807e-01
7.933442470766837173e-01
1.085422773119469886e+00
1.805701308701495700e+00
0.000000000000000000e+00
9.314572260332030229e-01
1.465045049094386043e+00
0.000000000000000000e+00
0.000000000000000000e+00
0.000000000000000000e+00
2.078267170292213528e+00
3.885145329887753185e+00
1.709671310233134456e+00
1.345459483410995416e+00
2.098176989504781265e+00
