# Ensemble A, m = 50.0, lambda = [  1.28109735e-08  -1.01661273e-08   0.00000000e+00   0.00000000e+00]
3.914682908751719870e-01
1.101593448929545804e+00
3.771170321966488270e-02
7.916695272865756916e-01
3.911967299965081746e-01
0.000000000000000000e+00
1.779988053569008244e+00
6.841644441896950202e-01
0.000000000000000000e+00
3.988591490552040320e-02
1.332514499767560867e+00
7.695237062603639266e-01
4.627962079062294953e-01
0.000000000000000000e+00
0.000000000000000000e+00
1.098502149898755498e+00
4.273508460766546613e-02
0.000000000000000000e+00
7.326775597240965388e-01
3.671449829774929285e-01
0.000000000000000000e+00
1.019807708006031710e+00
0.000000000000000000e+00
7.472116618896669227e-01
2.379109492172018503e-01
1.218284371290622760e-02
4.874541867868029676e-01
0.000000000000000000e+00
0.000000000000000000e+00
6.260736184143937955e-01
1.508945629246385423e+00
2.564912479991097616e+00
0.000000000000000000e+00
0.000000000000000000e+00
1.338447932425125275e+00
2.030825726337423198e+00
0.000000000000000000e+00
0.000000000000000000e+00
3.156554791592844911e-01
5.203769869522972824e-01
0.000000000000000000e+00
0.000000000000000000e+00
1.386536160032158627e+00
0.000000000000000000e+00
0.000000000000000000e+00
0.000000000000000000e+00
4.669665802047309189e-01
0.000000000000000000e+00
4.801874348806985798e-02
4.644366642302246162e-01
1.398601057408960013e+00
0.000000000000000000e+00
9.993801013775108766e-01
0.000000000000000000e+00
4.214776174565693090e-02
3.872440419317783045e-01
2.084724994077703508e-01
0.000000000000000000e+00
0.000000000000000000e+00
1.400171073096121654e+00
0.000000000000000000e+00
6.432742889249795093e-01
0.000000000000000000e+00
1.893189150157120082e+00
0.000000000000000000e+00
0.000000000000000000e+00
0.000000000000000000e+00
2.028316252391584307e-01
5.794863195412312123e-02
0.000000000000000000e+00
0.000000000000000000e+00
1.146332017376186840e+00
1.953983869575690591e+00
0.000000000000000000e+00
0.000000000000000000e+00
0.000000000000000000e+00
0.000000000000000000e+00
6.260315468602883904e-02
0.000000000000000000e+00
0.000000000000000000e+00
4.927758751684861993e-01
0.000000000000000000e+00
0.000000000000000000e+00
0.000000000000000000e+00
1.674615885863560916e+00
0.000000000000000000e+00
0.000000000000000000e+00
0.000000000000000000e+00
7.989660285847187682e-01
0.000000000000000000e+00
0.000000000000000000e+00
5.629995299838619349e-01
0.000000000000000000e+00
3.019207266018179570e-01
0.000000000000000000e+00
1.444942665621475442e+00
2.967505934462277839e+00
0.000000000000000000e+00
0.000000000000000000e+00
1.439821959749486791e+00
