# Ensemble A, m = 50.0, c_n/c_p = 0.741935483871, f = -0.992173913043
# lambda = [  1.19408313e-08  -8.78999261e-09   0.00000000e+00   1.10620767e-09]
#  
3.919904843106391645e+00
4.173415199806022713e+00
5.236721982028627487e+00
3.955166006769466502e+00
4.950779315075104492e+00
4.688002437015477142e+00
4.274030954417412431e+00
4.005123047531411018e+00
4.902708548895392759e+00
4.682376171262389697e+00
4.601784242774384026e+00
3.136970692039450004e+00
3.379098173007473171e+00
3.589501097060778800e+00
2.251604381306357094e+00
4.954766516812047605e+00
2.711171493378180308e+00
5.368750782025050405e+00
4.981955333863014701e+00
4.529383984959459042e+00
4.304626240973361107e+00
4.741487361525854816e+00
5.041779101535158070e+00
4.195774384438535343e+00
4.850613014941650647e+00
3.932119513987683224e+00
4.649368208073410891e+00
4.932735664910802953e+00
3.798160708173961897e+00
4.350359424236210693e+00
4.974091137369800464e+00
4.071970242422056074e+00
2.422410290250910592e+00
3.706029287999901278e+00
3.699875055660826195e+00
3.647493293763831357e+00
5.225135518305746629e+00
3.183620614707948437e+00
2.566681661708346329e+00
3.653151655489057514e+00
4.825978108825310642e+00
4.676630772607753173e+00
3.737264821903433898e+00
3.146004430550095154e+00
2.785368379539051809e+00
2.633456224563014203e+00
3.756036817613507939e+00
2.555520025557886932e+00
3.559360164682324523e+00
4.336246886350349605e+00
3.942335824149833190e+00
4.698141106840941994e+00
2.971122569693963378e+00
3.721348800389060241e+00
5.338127430770225779e+00
2.811583213219459587e+00
3.053616027927605003e+00
4.199789764500620137e+00
4.509502011858456783e+00
3.444869576424463453e+00
4.767118500621767119e+00
3.987067814762445206e+00
4.091985221887902924e+00
5.404745525363276570e+00
4.990787757667979996e+00
2.150740487171106441e+00
5.311939387433771032e+00
3.339716861015872951e+00
5.187163168519597356e+00
4.752445593252207168e+00
2.983482140047912345e+00
3.817937206954988838e+00
2.420928594446293936e+00
4.521447648146758702e+00
5.338493961585395020e+00
3.273876918824396132e+00
4.749209319506478622e+00
2.761338348783491714e+00
4.818330783735862433e+00
5.166761777513505294e+00
4.942220922770728109e+00
3.272536323433779426e+00
5.403118179651376529e+00
5.160370766564823519e+00
4.285371434921739997e+00
5.114008243381674923e+00
3.405096753498560780e+00
3.761089711898776056e+00
5.559106797973714542e+00
2.430183402617631216e+00
4.285800336293620560e+00
4.899297829517713865e+00
2.871283904628251449e+00
4.653416886965008992e+00
3.348592462810966452e+00
2.865947340137221744e+00
5.214652737636401802e+00
4.942039472563392266e+00
2.664262444068375757e+00
4.816471809296406725e+00
