# Ensemble A, m = 50.0, c_n/c_p = 0.793548387097, f = -0.988260869565
# lambda = [  8.04565860e-09  -6.30966952e-09   0.00000000e+00   9.75415517e-10]
#  
3.352603796026432548e+00
4.441702871362767979e+00
5.344348060527666533e+00
4.013679787132993226e+00
4.306525962994276924e+00
4.456647561933404056e+00
4.670462666667462237e+00
1.763288770208631506e+00
3.561645014195641057e+00
3.725746868492665342e+00
2.660337676186288469e+00
3.421659934861311037e+00
4.283106886053753115e+00
1.281383806867284036e+00
4.647964898003691836e+00
1.970884842521381852e+00
4.433162899858540840e+00
3.261285664308488652e+00
1.989503614661381370e+00
5.007345226088446566e+00
5.672685554951245379e+00
4.335454228360905660e+00
3.815383254749485253e+00
5.424864854501979750e+00
5.817133616799178064e+00
3.607265477508124984e+00
4.380404606022173297e+00
4.668398271706312386e+00
4.861705031687953316e+00
4.467002146837540266e+00
4.321408076960678635e+00
4.800870420792186621e+00
2.625896763836919945e+00
4.449144916125266747e+00
5.156773025118186027e+00
4.575537925762263036e+00
5.034600005526637112e+00
2.827213355326610777e+00
3.279234481153349368e+00
4.072507589631845448e+00
3.700154669994224932e+00
3.683799329825512725e+00
2.616509263968784360e+00
4.659440978300064096e+00
4.453451855985755437e+00
4.162384292966142318e+00
3.486484065714923197e+00
3.815670485061672945e+00
1.847876996355683588e+00
3.483869516206659522e+00
2.827007928144569693e+00
5.036053616694309731e+00
3.565921206603303251e+00
5.406571291570390514e+00
3.661134539204543792e+00
4.755195971620420181e+00
3.289453277225706351e+00
3.647542957392109209e+00
3.350902024654183631e+00
5.322097927715901733e+00
5.248007465181949271e+00
4.327134380745288667e+00
5.443615467393839502e+00
5.649876091002102640e+00
1.784335161034385164e+00
3.418711049526392820e+00
4.542299487210861741e+00
2.318466433307831309e+00
4.753346660708627880e+00
3.945623713271723343e+00
3.517206283705984315e+00
3.534358050163256770e+00
3.861342281464866133e+00
4.451483597772570633e+00
3.583480272845124937e+00
5.748038878809786034e+00
3.228497260633401922e+00
3.355337496679712928e+00
3.841064418012569703e+00
2.834750737418578304e+00
3.865260891976667779e+00
3.442285437433715956e+00
2.859377836891139335e+00
2.980012173036464151e+00
3.970876089118557051e+00
3.440221294031956312e+00
3.251248941813405402e+00
5.766207987222484732e+00
5.285773731603627290e+00
2.262892062152655814e+00
4.015546337192278159e+00
5.204990239931695406e+00
3.213872512143230331e+00
5.130104099511858529e+00
4.606132429472100220e+00
3.062643911244152584e+00
2.841947168291694581e+00
4.702758262131490063e+00
3.989338542350162164e+00
4.634364338273509354e+00
