# Ensemble A, m = 50.0, lambda = [  3.86840888e-09  -3.44655622e-09   0.00000000e+00   9.26517248e-10]
9.599514574782467280e-01
0.000000000000000000e+00
2.053981515088362464e+00
2.589160075829605168e-01
0.000000000000000000e+00
3.545892303507758747e+00
4.874711705340247225e-01
7.969742178049050718e-01
2.511246212786456544e-01
8.343593168672265581e-02
1.773787486275486769e+00
9.846425926451580768e-01
4.499175841254056119e-01
2.682243612874008587e+00
2.679673704223032304e-01
5.885967181448277241e-01
0.000000000000000000e+00
0.000000000000000000e+00
5.486648844052266494e-01
1.257355264182056009e+00
1.796747553426024435e+00
2.260007188152538815e-01
2.106271376872138335e-01
1.701476230389998179e+00
7.804514173722080228e-01
1.721566808497716705e+00
1.523323343460963208e+00
6.470814369344545236e-01
1.165842463684387154e+00
2.147938515152836736e+00
3.490099687123124461e+00
2.998279526563067399e-01
1.081488658632811184e+00
1.314865258848991525e+00
0.000000000000000000e+00
1.516481995461767651e+00
1.213011340031439955e+00
1.178809823138254220e+00
2.708505936461908181e+00
3.329100879036333005e-01
7.983755314110473345e-01
1.680348079131677164e+00
1.894708666498598149e+00
2.558769436683115295e+00
0.000000000000000000e+00
1.636873747186438743e+00
4.522914234002137768e-01
1.294043746107694126e+00
2.415595193963388176e+00
1.579813451401222757e+00
8.591571389244458956e-01
1.568540221397141554e+00
2.138436928400823778e+00
1.313752543691250274e+00
1.704716808009050677e+00
1.518415410005936383e+00
1.403048666361048635e+00
1.594860641830186943e+00
1.759744763081407815e+00
1.211271830043942010e+00
1.881252232338018526e+00
1.237086978330141029e+00
6.671653121703489120e-01
9.152062496092223665e-01
0.000000000000000000e+00
2.139801672569327629e+00
2.110906251315344928e+00
1.188745300456810927e+00
6.503396611893043078e-01
0.000000000000000000e+00
1.616370275257310585e+00
1.968468407776613915e+00
1.188638827962186090e-01
1.112491963448306143e+00
0.000000000000000000e+00
1.569664787101919146e+00
0.000000000000000000e+00
1.896837030557077641e+00
8.547964283273028208e-02
1.072886148714230936e+00
9.848298218332294240e-01
0.000000000000000000e+00
8.807013051289767080e-01
7.677628766928764996e-03
1.320531929457647413e+00
4.798168924088587750e-01
1.174316602679419841e+00
8.900650664245299826e-01
0.000000000000000000e+00
3.772276832638590260e-01
1.884210080838239598e+00
4.803956851164257746e-01
7.326445754147589140e-01
3.238798827288114635e-01
1.399280244544264251e+00
6.081314929080401388e-01
1.580401519711057245e+00
1.224282552168771243e+00
9.536373596381113593e-01
8.594874536030723267e-01
