# Ensemble A, m = 50.0, c_n/c_p = 0.974193548387, f = -0.994782608696
# lambda = [  4.13714005e-09  -4.00934710e-09   0.00000000e+00   4.11168622e-10]
#  
0.000000000000000000e+00
1.339426162838749761e-02
0.000000000000000000e+00
3.175956466462061201e+00
1.994132794267525099e+00
0.000000000000000000e+00
0.000000000000000000e+00
0.000000000000000000e+00
2.101559647769881245e+00
0.000000000000000000e+00
0.000000000000000000e+00
0.000000000000000000e+00
0.000000000000000000e+00
0.000000000000000000e+00
7.636293177937480969e-01
0.000000000000000000e+00
0.000000000000000000e+00
1.560155326567464140e+00
0.000000000000000000e+00
1.686940756428097377e+00
0.000000000000000000e+00
0.000000000000000000e+00
2.559151575780004517e+00
0.000000000000000000e+00
0.000000000000000000e+00
0.000000000000000000e+00
0.000000000000000000e+00
0.000000000000000000e+00
1.617575390919065992e+00
8.824471074881466981e-01
0.000000000000000000e+00
1.698953906506097455e+00
0.000000000000000000e+00
0.000000000000000000e+00
0.000000000000000000e+00
0.000000000000000000e+00
0.000000000000000000e+00
2.005183199573092878e+00
1.917732025039724064e+00
0.000000000000000000e+00
0.000000000000000000e+00
1.740814053579490706e+00
0.000000000000000000e+00
2.421552050330134431e+00
0.000000000000000000e+00
9.462046355610653769e-01
2.410318790242835796e+00
1.368379751171471481e+00
0.000000000000000000e+00
0.000000000000000000e+00
0.000000000000000000e+00
2.074747837227990832e+00
1.460418287212545962e+00
1.345010268407034415e+00
0.000000000000000000e+00
0.000000000000000000e+00
0.000000000000000000e+00
0.000000000000000000e+00
2.104921410897886869e+00
0.000000000000000000e+00
1.704334094764982988e+00
1.146644685769259597e+00
0.000000000000000000e+00
0.000000000000000000e+00
2.117718667630630769e+00
1.750973904727744390e+00
0.000000000000000000e+00
0.000000000000000000e+00
0.000000000000000000e+00
2.107424417112916171e+00
0.000000000000000000e+00
1.558766051645426032e+00
0.000000000000000000e+00
1.628401081193206812e+00
0.000000000000000000e+00
2.154385957576999910e+00
0.000000000000000000e+00
0.000000000000000000e+00
0.000000000000000000e+00
0.000000000000000000e+00
3.022124646856637398e+00
0.000000000000000000e+00
0.000000000000000000e+00
0.000000000000000000e+00
0.000000000000000000e+00
0.000000000000000000e+00
0.000000000000000000e+00
0.000000000000000000e+00
2.692488193530502283e+00
0.000000000000000000e+00
0.000000000000000000e+00
0.000000000000000000e+00
0.000000000000000000e+00
0.000000000000000000e+00
0.000000000000000000e+00
0.000000000000000000e+00
0.000000000000000000e+00
1.400822435483847661e+00
0.000000000000000000e+00
0.000000000000000000e+00
