# Ensemble A, m = 50.0, c_n/c_p = 0.909677419355, f = -0.996086956522
# lambda = [  5.37105763e-09  -4.86681099e-09   0.00000000e+00   4.31811587e-10]
#  
0.000000000000000000e+00
1.120857510795793877e+00
1.388851527294050037e+00
1.940581552589149217e+00
1.792843846674911923e+00
5.619575527685848337e-01
0.000000000000000000e+00
0.000000000000000000e+00
1.721119090597163837e+00
2.240139169953429210e+00
1.211948563965106640e+00
0.000000000000000000e+00
2.119532992624621581e+00
5.257261940777766540e-01
0.000000000000000000e+00
1.361925072124074536e-02
8.676390149039530097e-01
1.068559293876621075e+00
2.184936039488124315e+00
1.578562609458683541e+00
0.000000000000000000e+00
0.000000000000000000e+00
1.313786883914541903e+00
2.998088482713417768e+00
3.703615099297852264e+00
0.000000000000000000e+00
1.984297739488704693e+00
4.125952112762514723e+00
1.812499794444653478e+00
1.720701366527826126e+00
2.561799015162383064e+00
1.152754727844708782e+00
2.017283042210613164e+00
0.000000000000000000e+00
0.000000000000000000e+00
1.215613647792536334e+00
1.548183614087787152e+00
2.187707372535556249e+00
1.443956956719814499e+00
0.000000000000000000e+00
1.211219133248057300e+00
4.605158498836003034e+00
1.841518362409191756e+00
0.000000000000000000e+00
0.000000000000000000e+00
1.535934764016083864e+00
0.000000000000000000e+00
8.834319350141117688e-01
2.001840606575274517e+00
2.531326060064624350e+00
2.244040525039098455e+00
8.391365094674528846e-01
8.752194088453612020e-01
9.710915562124269318e-01
2.158119070062104683e+00
3.585839225089369808e+00
1.702469266761324151e+00
5.600324700248231480e-01
1.001218968778763818e+00
0.000000000000000000e+00
0.000000000000000000e+00
1.658882496322748423e+00
0.000000000000000000e+00
1.581827620157214565e+00
2.235118987248277289e+00
3.247623947332637595e+00
9.044150149049796639e-01
0.000000000000000000e+00
1.001246700971667014e+00
1.842937647900435127e+00
0.000000000000000000e+00
3.286067931160256528e+00
1.589166659331767706e+00
2.993914090574377962e+00
0.000000000000000000e+00
0.000000000000000000e+00
0.000000000000000000e+00
1.819959346416770707e+00
1.038439314410376291e+00
0.000000000000000000e+00
2.135365116122583728e+00
1.258055185839378254e+00
3.533297637588034057e+00
1.263960570622736590e+00
0.000000000000000000e+00
0.000000000000000000e+00
1.359503871358325178e+00
9.894921739001125705e-01
2.395976378706856202e+00
1.181047049721755116e+00
2.382460490424609389e+00
1.173663151340181177e+00
1.963430408646756664e+00
1.946418961483687537e+00
2.036294152309623851e+00
1.635002387001452284e+00
0.000000000000000000e+00
3.392348307160699683e+00
1.663947001963336003e+00
2.122320917605878599e+00
