# Ensemble A, m = 50.0, c_n/c_p = 0.935483870968, f = -0.986956521739
# lambda = [  4.40565101e-09  -4.06765787e-09   0.00000000e+00   6.63494440e-10]
#  
9.929279642907739012e-01
1.558980527656145476e+00
0.000000000000000000e+00
3.348917907811719274e+00
1.323005375186108612e+00
2.533566047489962170e+00
1.789699103244987821e+00
0.000000000000000000e+00
1.783619363406847791e+00
2.525767702443513230e+00
2.518612082357538196e+00
0.000000000000000000e+00
1.267470384342672673e+00
2.217061257209414826e+00
2.474477858460178759e+00
2.315350265454748868e+00
0.000000000000000000e+00
1.406814728915642965e+00
0.000000000000000000e+00
2.983786154358019083e+00
1.127545905728715603e+00
1.337184566882619441e+00
1.198733569512234531e+00
0.000000000000000000e+00
2.860214481622277205e+00
3.449471459036192567e+00
2.635534208584758620e+00
0.000000000000000000e+00
0.000000000000000000e+00
3.407800550404202600e+00
0.000000000000000000e+00
0.000000000000000000e+00
2.948875708816447894e+00
1.198733569512234531e+00
1.896385234978477330e+00
0.000000000000000000e+00
0.000000000000000000e+00
0.000000000000000000e+00
0.000000000000000000e+00
1.494686832914548402e+00
1.179766474513093133e+00
1.455714250487351258e+00
5.690327107802636286e-01
2.658314512319651879e+00
2.814648500819746157e+00
8.038168957393688752e-01
0.000000000000000000e+00
0.000000000000000000e+00
1.189669618046125255e+00
1.805256957894764369e+00
0.000000000000000000e+00
5.671687118556747453e-01
0.000000000000000000e+00
1.283597584607499398e+00
1.315858282734614360e+00
0.000000000000000000e+00
7.897903172784002113e-01
1.458086277027826894e+00
1.398836611847650069e+00
0.000000000000000000e+00
2.246563659297305282e+00
1.821199359295445084e-03
2.289761387821311889e+00
2.565049983774110309e+00
2.723746021190458944e+00
0.000000000000000000e+00
1.481144410830081748e+00
1.283876324188883089e+00
0.000000000000000000e+00
2.029871474700509104e+00
0.000000000000000000e+00
0.000000000000000000e+00
3.636222450905067571e+00
1.929206719102527501e+00
1.537136071386565384e+00
3.207473676537165641e+00
5.719887797318622402e-01
0.000000000000000000e+00
0.000000000000000000e+00
1.652259790785901794e+00
1.304256776977950283e+00
1.098273699298691231e+00
2.838894334590287283e+00
0.000000000000000000e+00
2.339663703713967813e+00
0.000000000000000000e+00
1.802444088282877388e+00
3.546445990463846787e+00
3.348431054353188330e+00
0.000000000000000000e+00
2.315418020260474830e+00
1.684593898735059714e+00
2.153848146783667428e+00
2.075531235893449900e+00
2.257622884488992732e+00
9.858388770099393295e-01
9.856420618357155661e-01
2.638530294923829622e+00
0.000000000000000000e+00
2.455715655305689360e+00
