# Ensemble A, m = 50.0, c_n/c_p = 0.690322580645, f = -0.988260869565
# lambda = [  1.10267369e-08  -7.52264718e-09   0.00000000e+00   1.16293045e-09]
#  
1.913977534515537648e+00
1.329144887103435924e+00
2.304370805696160041e+00
2.672164895429772535e+00
1.626671173642383783e+00
3.389464347616923945e-01
0.000000000000000000e+00
1.321175521236030770e+00
4.315004557411513675e-01
3.298161922163871829e+00
1.210621658801811051e+00
2.330935478383496129e+00
1.414449981613529417e+00
2.496021234601304428e+00
1.583536359800944648e+00
1.810730542824131373e+00
2.933551174851249499e+00
3.571262833199062126e+00
1.821500442572589362e+00
2.656474708815263153e+00
1.520991077522940715e+00
2.080317759492186003e+00
2.174430567169358230e+00
2.879193998860769987e+00
2.864529549743192405e+00
3.842040782483373995e+00
3.726244176817314457e+00
3.006073980261422918e+00
1.756229756194491731e+00
1.474745126634057879e+00
0.000000000000000000e+00
1.339843495078251623e+00
1.919234048322900454e+00
4.797227109776436849e-01
1.811888209556788532e+00
1.796823854953951471e+00
3.175852402798632124e+00
3.101932421500928072e+00
2.909862902481731295e-01
1.209216192274822355e+00
1.102088090755890537e+00
2.920644899710310938e+00
2.823653038194955833e+00
3.218254237745675539e+00
6.347493302507322133e-01
0.000000000000000000e+00
1.360219954175261536e+00
1.733882652173862393e+00
1.160384264161534063e+00
1.554988029321212384e+00
1.255844593010346788e+00
1.662674493664428654e+00
1.518311359437330754e+00
6.258152106858675401e-01
2.239623568080969740e+00
3.218133860420654635e+00
1.941198289460147386e+00
2.277979918131138426e+00
7.460505206984275883e-01
0.000000000000000000e+00
9.285401753960670357e-01
2.062504731531289881e+00
2.854646264922028998e+00
2.343299023208917031e+00
1.142522369037771934e+00
1.101343285260540927e+00
6.103381489412279537e-01
1.736831123032329671e+00
3.238442221334822069e+00
3.019390102431142697e+00
2.175901327237595773e+00
3.144631753594369528e+00
1.329653289416038664e+00
2.003505139305715055e+00
3.732312022880834856e+00
2.436537666690749226e+00
3.100086832190979358e+00
2.716534294221187640e+00
3.456526848516628281e+00
2.435836458963370532e+00
2.809040284580379687e+00
2.546656018684989142e+00
2.684028964418489593e+00
2.486776969355889211e+00
1.471762235200324120e+00
1.726586807126851975e+00
2.768788626439617317e+00
1.894913810987773672e+00
4.960939492369916826e-01
2.750009437054294015e+00
2.405326264317806384e+00
6.811465076024322274e-01
4.424722015557752464e+00
0.000000000000000000e+00
2.555344477150257809e+00
1.054402430486881093e+00
1.265195468681831414e+00
2.189749368587436518e+00
3.460723467894339378e-01
4.325033255002598831e-01
