# Ensemble A, m = 50.0, c_n/c_p = 0.858064516129, f = -0.984347826087
# lambda = [  5.67199809e-09  -4.79076210e-09   0.00000000e+00   8.57733260e-10]
#  
4.610746403640971103e+00
3.004130227259664832e+00
3.705853622233227895e+00
1.847891622209911322e+00
3.221265664576999921e+00
1.322389545367467667e+00
1.658860141246174980e+00
1.962571906842880187e+00
2.571351825724188078e+00
1.938370268658034634e+00
3.762957054843967253e+00
2.305401237556284677e+00
4.267820360389052325e+00
4.831561218148059389e+00
3.270954941282995687e+00
2.261726987802596511e+00
0.000000000000000000e+00
4.122940505087628438e+00
2.179788514007190425e+00
3.281998735611990181e+00
2.288100753969797285e+00
2.416011678917525884e+00
3.962845455480106693e+00
4.735499348412487430e-01
1.225124928734351970e+00
2.024791596021776385e+00
3.100741414625683312e+00
3.413481120476599795e+00
3.207311720412103995e+00
1.462429590259474610e+00
2.734406506241660484e+00
2.947050081584784653e+00
1.872548566836696571e+00
1.366461162331181534e+00
2.716923916961178520e+00
1.079568029451166256e+00
2.897150400482116694e+00
2.111395014632714950e+00
3.676613385420581359e+00
4.671991289375990952e+00
2.067348371494301063e+00
2.798849365595315941e+00
3.871071997571954082e+00
2.068526508966070043e+00
1.525918518583391226e+00
2.394249110979481898e+00
2.549462285179214138e+00
2.620432459453273299e+00
1.340495280423970925e+00
3.537961292107718148e+00
2.930355011917697983e+00
1.356459862066218713e+00
2.152645967140964345e+00
1.438798247412675257e+00
2.704501782065505733e+00
2.931265409184448778e+00
4.105764199303554740e+00
2.243423449160026450e+00
2.586107343230365618e+00
1.913782227485614218e+00
2.300788028519385797e+00
3.883765750499845737e+00
3.316393610810720816e+00
3.564849508796746225e+00
1.289893383997054110e+00
2.416011678917525884e+00
2.423595448071477421e+00
1.787022986004068059e+00
2.874034280105322026e+00
2.299269227808363070e+00
3.145653886002199862e+00
3.041201899634597527e+00
1.247093413553608254e+00
5.326114290537843354e-01
3.485575489758120593e+00
1.021294515304918438e+00
1.467722936384012078e+00
2.748749455059185554e+00
3.098857765528369335e+00
2.564766623410775992e+00
7.361367504090368108e-01
3.227715537704032300e+00
1.855809330810309632e+00
0.000000000000000000e+00
3.571074410514468056e+00
3.156045461473591551e+00
3.373094785170089871e+00
4.753210159906974930e+00
3.031435288257822158e+00
3.492986161599993533e+00
2.008642827908029282e+00
2.118831757163215368e+00
2.703392225488651768e+00
2.555327388811204692e+00
1.925564132204097056e+00
3.335401039214961560e+00
1.385545316309410024e+00
2.811695093179390703e+00
3.052100159975776439e+00
2.164688894516874296e+00
