# Ensemble A, m = 25.0, c_n/c_p = 0.612903225806, f = -0.961428571429
# lambda = [  7.43983273e-09  -4.38401572e-09   0.00000000e+00   1.25422135e-09]
#  
4.498471233815783399e-01
2.783188157387082473e+00
0.000000000000000000e+00
0.000000000000000000e+00
0.000000000000000000e+00
0.000000000000000000e+00
8.593287844420288701e-01
5.189643131718421065e-01
1.070099543654624119e+00
0.000000000000000000e+00
0.000000000000000000e+00
4.233565776166449135e-01
1.314072140984863246e+00
0.000000000000000000e+00
9.654449663368814827e-01
1.798286075723098065e+00
1.201037374022709603e+00
9.021306478025203912e-01
0.000000000000000000e+00
1.074636387862967446e+00
2.941814174929766046e-01
3.538804752465810055e-01
5.814189960319520178e-01
0.000000000000000000e+00
2.318788993584418812e+00
1.095498651248646205e+00
0.000000000000000000e+00
1.206462321442201002e+00
1.482406952380093346e+00
0.000000000000000000e+00
1.074418735774145706e+00
2.218247230981477358e+00
7.795751555587876469e-01
0.000000000000000000e+00
8.004419757158149906e-01
0.000000000000000000e+00
6.953461842766177625e-01
1.035878270803489709e+00
8.978325542484784094e-01
0.000000000000000000e+00
8.182743985546137022e-01
1.195387409098406017e+00
3.344717636148697437e-01
1.193305548894160406e+00
0.000000000000000000e+00
3.021407956076114232e+00
0.000000000000000000e+00
6.171617823646929901e-01
2.212064840336162297e-01
0.000000000000000000e+00
6.934614205067061998e-02
0.000000000000000000e+00
0.000000000000000000e+00
0.000000000000000000e+00
1.935214941072133321e+00
0.000000000000000000e+00
5.156491846030512027e-01
1.597738095358439470e+00
0.000000000000000000e+00
1.143508695311818757e+00
2.659051546100129393e+00
0.000000000000000000e+00
0.000000000000000000e+00
1.153393225324321314e+00
5.558589036636629732e-01
1.781361532037789575e+00
3.612804008795807154e-02
1.938205488854447989e+00
5.316038021355451448e-01
4.065715677884804147e-01
1.211422860196954554e+00
1.153410610154955496e+00
9.209611284977857748e-01
6.882315160910136287e-01
2.761718402963104779e-01
1.226283162727658027e+00
1.421463926454179516e-01
1.542228596274746399e+00
8.145358197696295210e-01
2.370352458793456574e+00
1.464840216319473143e+00
9.108977653041658851e-01
4.510619217981716722e-01
1.181367470652623819e+00
1.237026943409037238e-01
4.726110484296315237e-03
0.000000000000000000e+00
1.413494924434882005e+00
6.103293561442247883e-01
1.296584002072468600e+00
7.536412761148646444e-01
0.000000000000000000e+00
0.000000000000000000e+00
0.000000000000000000e+00
7.344528974772907004e-01
6.958976979269135277e-02
0.000000000000000000e+00
0.000000000000000000e+00
1.837665495347181044e-01
8.077391367385863274e-01
