# Ensemble A, m = 25.0, c_n/c_p = 0.651612903226, f = -0.97652173913
# lambda = [  9.73566212e-09  -6.19493972e-09   0.00000000e+00   1.36659217e-09]
#  
1.463328223920265625e+00
3.110560567890150452e-01
1.332924702912790804e-01
1.278069739253817616e+00
4.098595152901366445e-01
2.964604509368637952e+00
1.420488796181946123e+00
0.000000000000000000e+00
2.515766723531897772e-02
1.906050617215607090e+00
1.201563746743806949e+00
0.000000000000000000e+00
1.294486201224955835e+00
1.611852526190049817e+00
1.875110733712265443e+00
6.026010779173166521e-01
0.000000000000000000e+00
5.022789952266518698e-01
1.992607555231427963e+00
0.000000000000000000e+00
0.000000000000000000e+00
1.123932198307796559e+00
2.350748472992399751e+00
1.999759497278897236e+00
1.427445757504307799e+00
1.976741489311651279e+00
1.382620730598119074e+00
9.583200965292100193e-01
5.887478668454233510e-01
7.769807673098418910e-01
1.108145595703516451e+00
1.251502924778451487e+00
2.051518759299442163e+00
1.398050797452941474e+00
8.527381154004938235e-01
1.398141229386343776e+00
4.537255682092888320e-01
2.589653815756507924e-02
2.139361580658805551e+00
2.524627297176764706e+00
3.910865045791635519e-01
0.000000000000000000e+00
3.636188474254524738e+00
1.740107033883221188e+00
9.058168482659436638e-01
7.268055181892865146e-01
0.000000000000000000e+00
1.828624430449840910e+00
8.933011419692106214e-01
0.000000000000000000e+00
1.084548367530968616e+00
1.535536446438666491e+00
0.000000000000000000e+00
0.000000000000000000e+00
1.715189256478902857e+00
8.069422401746837448e-01
1.042249315751666350e+00
8.974830017401426163e-01
1.573814658585859227e-01
1.080334544322513635e+00
0.000000000000000000e+00
6.249537585368267756e-01
3.785323628876602342e-01
0.000000000000000000e+00
1.515134817598584593e+00
0.000000000000000000e+00
1.992998929416286980e-01
3.849257074933153389e-01
0.000000000000000000e+00
2.690108343542770619e+00
2.396510294193280988e+00
9.322137989810542757e-01
3.137529235320685395e+00
2.446315314000274022e+00
0.000000000000000000e+00
6.824740504370094829e-01
5.636723247099983958e-01
0.000000000000000000e+00
0.000000000000000000e+00
2.075427805688452310e+00
0.000000000000000000e+00
2.454034583462110675e+00
1.854015645027390136e+00
1.556391626017364471e+00
0.000000000000000000e+00
5.930588971086139249e-01
6.436137139878913560e-01
8.767235458941128323e-01
2.138887171828872891e+00
7.606622880073637960e-01
0.000000000000000000e+00
0.000000000000000000e+00
8.993350197366513088e-01
2.260550573136364261e-01
1.468649438504669114e+00
0.000000000000000000e+00
1.155285587262585567e+00
2.813055928585798782e+00
6.823574360320431298e-01
1.422649447959147384e+00
