# Ensemble A, m = 25.0, lambda = [  8.67040456e-09  -6.13927573e-09   0.00000000e+00   1.50478996e-09]
2.573699979670403870e+00
1.731256618108277801e+00
1.111872182496772776e+00
1.376441699486656400e+00
1.053035597846011528e+00
1.328861297020452303e+00
6.624107689839819901e-01
0.000000000000000000e+00
2.508990256580150291e+00
1.571630832939969746e+00
3.567310269680692425e-01
1.650298326847937203e+00
1.046867599326078313e+00
1.223657447229309803e+00
5.106486605776877630e-01
2.070069815625516618e+00
1.382678203682330409e+00
1.681404496087336416e-03
1.118818553347044720e+00
2.285277528911044964e+00
1.019507043204127994e+00
1.442681902688665030e+00
6.724940559524312800e-01
1.415414051385952110e+00
0.000000000000000000e+00
6.104676017127761735e-03
1.198756828735814572e+00
8.830989637842906470e-01
1.018336380857660428e+00
8.624301115081933755e-01
1.839488986920044589e+00
0.000000000000000000e+00
1.597898483269538095e-01
2.102772776339019600e+00
1.084702699696724393e+00
1.616650266348283349e+00
0.000000000000000000e+00
0.000000000000000000e+00
0.000000000000000000e+00
6.954863738388248340e-01
0.000000000000000000e+00
6.232479352698798714e-01
5.509394990671512282e-01
8.299334164373860512e-01
8.573522306295837669e-01
1.485767948866317134e+00
0.000000000000000000e+00
1.092050406419646569e+00
1.057109516652843473e+00
2.022479110750718512e+00
1.663282837864862085e+00
1.948059641339675852e-01
1.077977324742368737e+00
0.000000000000000000e+00
0.000000000000000000e+00
3.156503954620461627e+00
1.523659329549575281e+00
3.237712199135120983e-01
2.311394213330649983e+00
0.000000000000000000e+00
6.405161301236804716e-01
0.000000000000000000e+00
1.193798775024131897e+00
1.580779226882772726e+00
1.062376530698280863e+00
1.217668731894544720e+00
0.000000000000000000e+00
2.676410745742397346e+00
2.170051851944011290e+00
1.631976498101231243e+00
2.362688372636977618e+00
2.648545589069665751e-01
7.008892133107069711e-01
0.000000000000000000e+00
1.633443875858855421e+00
1.793912174526570424e-01
1.314275924771506787e+00
2.542702769935529794e+00
3.106953265008502107e+00
1.191784276925008434e+00
0.000000000000000000e+00
3.241114588105465266e+00
1.407358219103400365e-01
1.750281475877117465e+00
3.457945748938598407e-01
1.022323440253769089e+00
2.689418634304829414e+00
1.720482758442432258e+00
0.000000000000000000e+00
8.542789817902701754e-01
2.415013684960249096e-01
7.755802113949011867e-02
9.585355413561619242e-01
1.244467077221720563e+00
3.630536912526826088e-01
1.805162039341401403e-01
2.405389360291653400e+00
0.000000000000000000e+00
1.939637864459172301e+00
3.491482039231668111e-01
