# Ensemble A, m = 25.0, c_n/c_p = 0.651612903226, f = -0.948571428571
# lambda = [  6.77060299e-09  -4.18491907e-09   0.00000000e+00   1.39661731e-09]
#  
0.000000000000000000e+00
5.217832822683350358e-01
2.849407534511156914e-01
0.000000000000000000e+00
9.145841435040508172e-01
0.000000000000000000e+00
0.000000000000000000e+00
2.424062530442271657e-01
0.000000000000000000e+00
0.000000000000000000e+00
0.000000000000000000e+00
0.000000000000000000e+00
2.780407792340072182e-01
0.000000000000000000e+00
1.317181367373835954e+00
8.019639980190007567e-01
2.407911688858479060e+00
4.836365648259411953e-01
2.214046794000807061e+00
7.007349282000401303e-01
0.000000000000000000e+00
0.000000000000000000e+00
8.094998958787245069e-01
5.894850738178231131e-01
1.734447272421262287e+00
0.000000000000000000e+00
3.893221458199681018e-01
0.000000000000000000e+00
2.807809220825448371e+00
1.032583376104882822e+00
2.404311602268198733e+00
1.373467660415012670e+00
0.000000000000000000e+00
0.000000000000000000e+00
1.111805124369504849e+00
1.254448495352140647e+00
1.245112650004878585e+00
1.074245423507675268e+00
1.927569588514949750e+00
0.000000000000000000e+00
1.451112462411636717e+00
0.000000000000000000e+00
5.419163951800297641e-01
6.608414284025853069e-01
2.158753518127681570e+00
1.464793920505155889e+00
6.407015491597199963e-01
0.000000000000000000e+00
4.955725951366032334e-01
5.912039588497284281e-01
2.359602740965165701e-01
1.940454761416764207e+00
0.000000000000000000e+00
5.386933383070968695e-01
6.906480348421116799e-01
1.421986314345301761e+00
1.577397806393199708e+00
1.994237904698439978e+00
7.595681671431900872e-01
1.874422938648990566e+00
0.000000000000000000e+00
9.822243357232395000e-02
4.653741488754762658e-03
0.000000000000000000e+00
1.787421757425204483e+00
7.659112237396090150e-02
0.000000000000000000e+00
0.000000000000000000e+00
1.753172311962837737e+00
1.098504684501867557e+00
1.994828720474057127e+00
0.000000000000000000e+00
3.232379851228334822e+00
5.377897804597420867e-02
1.132333558235948612e+00
5.877601666943804704e-01
1.299737193641728461e-01
0.000000000000000000e+00
0.000000000000000000e+00
1.137452347476542336e+00
2.080735408916699392e+00
3.339768169498910311e+00
7.908818035063039931e-01
1.006441205471410472e+00
1.243046738301446380e-01
5.143104537051205183e-01
1.010541035810619936e+00
2.939765902201962433e+00
1.480439969524391053e+00
1.681199129995785357e+00
1.570155537983564109e+00
1.743398590980417273e+00
1.558295363685680002e+00
1.689253106694849738e+00
3.099945958449955574e-01
1.687634214296974910e+00
0.000000000000000000e+00
1.628364277695385276e+00
9.584754593498868713e-01
0.000000000000000000e+00
