# Ensemble A, m = 25.0, lambda = [  6.52053112e-09  -5.15945288e-09   0.00000000e+00   1.38698509e-09]
2.271708218495965603e+00
1.167235425122969961e+00
1.219002781653952594e+00
1.804942473947871662e+00
2.663033992039674835e+00
1.079632412951958553e+00
0.000000000000000000e+00
1.085354664483437981e+00
2.572010906506454031e+00
3.111204780883953247e-01
3.123889208367346182e+00
4.879136052262615375e-01
1.050562310920335030e+00
2.399545585899332867e+00
1.674757374060435122e+00
2.119659961036457041e+00
6.288111679115331032e-02
2.126967692337197846e+00
2.405701366746345382e+00
2.236398416158015823e-01
2.391923383395118119e+00
1.685438360981107442e+00
2.589921835307930742e+00
3.056669975742856444e-03
0.000000000000000000e+00
2.688614546791546989e+00
7.691751933905562888e-01
1.621226311588509272e+00
1.943483745576757959e+00
6.749266246289793436e-01
8.253473735808263267e-01
1.097606066815130399e+00
1.234848592811786938e+00
3.932604928507628661e-01
1.032344538054660088e+00
0.000000000000000000e+00
5.873676588933356424e-01
2.998787472428010581e-01
1.312097261091573763e+00
1.714919613298002687e+00
1.120307544573659220e+00
1.755740371069416828e+00
0.000000000000000000e+00
2.166512594161169175e-02
4.076100371677660594e-01
1.041248108679851514e+00
0.000000000000000000e+00
0.000000000000000000e+00
1.037735878605338335e+00
8.801025307440028811e-03
2.015190048599671633e-03
2.050128031709985699e+00
3.012285945449782787e+00
1.971893568190564938e+00
1.084397179736557471e+00
1.518357966756401778e+00
9.761457915649713879e-01
1.305785511872854521e+00
1.196708161784677316e+00
0.000000000000000000e+00
2.235613787971557631e-01
0.000000000000000000e+00
1.099105289540879049e+00
1.813505612626911345e+00
1.876448907203413619e+00
0.000000000000000000e+00
0.000000000000000000e+00
4.894343687405506294e-01
1.095883716673999642e+00
6.441682207153470729e-01
1.045248840611327168e+00
0.000000000000000000e+00
2.887430713342039823e+00
2.770646152017582423e-02
1.032275855420371036e+00
1.164108937870759419e+00
1.135172310404471752e+00
6.049294154806844626e-02
1.145326921557159094e+00
1.432596333837661717e+00
8.409566443184590678e-01
0.000000000000000000e+00
0.000000000000000000e+00
0.000000000000000000e+00
1.725835541487040103e+00
2.172232209073726494e+00
7.943281016556359431e-01
0.000000000000000000e+00
1.225392553207302448e+00
2.033304842679309221e+00
3.579182729537490615e-01
1.336208809035923206e+00
0.000000000000000000e+00
3.594109558012922312e-01
3.185476835318645783e-01
6.089526147798267619e-01
0.000000000000000000e+00
5.405691367862024144e-02
1.198493275122060275e+00
1.507713680410093682e+00
