# Ensemble A, m = 25.0, c_n/c_p = 0.806451612903, f = -0.986956521739
# lambda = [  9.37355453e-09  -7.46071837e-09   0.00000000e+00   1.21695219e-09]
#  
4.014977666003021639e+00
4.428409357679538694e+00
3.214887034316617598e+00
1.451696180913953693e+00
3.668510391333554388e+00
2.387699587272123836e+00
2.846477028623117356e+00
4.677032370580643139e+00
2.882296168929452840e+00
2.392872300411283959e+00
3.254935329382581788e+00
3.804962401360073354e+00
4.128513568074756890e+00
2.815658507822618173e+00
4.176461982085228009e+00
4.267976385770915648e+00
3.424476963790261674e+00
2.531234090710451134e+00
1.496961356055972470e+00
1.780285009071305824e+00
3.195719407533434087e+00
1.114775369111745462e+00
4.948914563950177481e+00
3.282363571105304079e+00
4.365707116449429215e+00
3.472682596550519030e+00
2.327357644839929574e+00
2.404704539927561502e+00
4.837750471331310642e+00
7.414084111555173662e-01
3.171367545744177896e+00
1.900519603346769504e+00
2.978928119692284771e+00
2.650455607124846846e+00
3.768993816943018160e+00
4.304796473076513585e+00
1.924887112274747514e+00
3.191117896214215488e+00
3.733141624487451349e+00
2.394481683380612402e+00
3.800249144291383274e+00
3.140125361927958103e+00
4.516376804813255319e+00
3.308385044245505835e+00
4.874254727312653301e+00
4.515650023248721112e+00
2.594059470232672027e+00
1.993518132274546772e+00
4.114362875692717303e+00
2.395644527383710809e+00
3.114024887947173248e+00
3.681596933362210056e+00
3.435641650049027440e+00
2.925217139055324100e+00
2.436383201505304630e+00
2.735693174380824377e+00
2.281795302676798087e+00
4.331630466038182803e+00
1.889306507781719047e+00
1.983371767678555608e+00
4.730904857802374686e+00
3.999448711265516376e+00
2.219737038046506239e+00
2.549981326091991019e+00
2.494069802824432802e+00
4.054620184634663893e+00
2.950888603941180133e+00
3.204426672262151499e+00
4.169874636780166455e+00
2.295857699478460745e+00
3.930468290805965825e+00
2.321006963895644759e+00
1.574187534689288182e+00
4.955986215199610356e+00
2.728191273344775958e+00
2.296108953612954640e+00
3.519847622751606675e+00
2.320971982432011416e+00
3.264355556956477500e+00
3.916452204029754913e+00
2.184240431055032072e+00
2.249784898530900357e+00
4.126120071559199687e+00
2.744905040822235520e+00
3.495188026875353238e+00
3.018235480961768857e+00
2.192868538234204134e+00
3.021014280505892824e+00
4.061483113650676380e+00
2.613538074327607763e+00
1.280514257819526547e+00
3.788362609231854972e+00
2.727028064176384436e+00
9.174874965298228657e-01
2.816950782563473421e+00
3.446780922608531306e+00
2.466785518044416037e+00
4.062373297766701974e+00
1.933733455979761873e+00
2.120236855978853807e+00
