# Ensemble A, m = 25.0, c_n/c_p = 0.664516129032, f = -0.97652173913
# lambda = [  9.87932469e-09  -6.41083651e-09   0.00000000e+00   1.41421860e-09]
#  
0.000000000000000000e+00
8.664365494099069975e-01
3.716175400191298328e-01
1.772003327735699463e+00
1.622231266446132025e+00
0.000000000000000000e+00
2.152563520171123235e-01
2.432129978953126326e+00
1.694244687777973990e+00
1.026007944419323303e+00
9.510311244668983033e-01
0.000000000000000000e+00
2.339548261538789031e+00
0.000000000000000000e+00
0.000000000000000000e+00
1.770548472699335019e+00
1.658613946670165762e-01
1.486323712169252687e-01
1.511071025716218319e+00
8.818516517173992098e-01
2.798565011818953119e-01
3.410904212032447091e+00
0.000000000000000000e+00
1.531829836586103388e+00
4.316068886326220877e-01
1.036989706057276805e+00
1.899256264600788224e+00
2.329640308224400158e+00
2.631102789071957826e+00
1.821437404573613472e+00
0.000000000000000000e+00
3.116945938816642614e-01
2.076431305566107888e+00
6.783912730101605559e-01
6.351379800434626688e-01
2.251359562387901470e+00
7.086549586202935958e-01
0.000000000000000000e+00
9.961362025602076287e-01
1.127452167360349478e+00
1.068200595990372870e+00
1.767594417192865031e+00
1.561480413566910697e+00
1.400282768420062052e+00
1.428803782376021569e+00
3.835229993212446176e-01
1.199544140532410541e+00
8.925101672711763801e-01
1.690337834673017570e+00
1.686389475504437740e+00
1.143461507073591843e+00
6.133562923903284059e-01
5.268727788987705996e-01
0.000000000000000000e+00
6.801231374216948344e-01
2.837252159252438677e+00
0.000000000000000000e+00
8.134280534181104194e-01
2.675088646236428502e+00
7.352518843605313492e-01
1.374896779793116197e+00
9.043364100664311733e-01
1.222240619605715839e+00
4.143227894722567028e-01
2.551004739962053680e+00
1.867123353207282843e+00
1.543311789855091209e+00
2.572774411390651217e+00
0.000000000000000000e+00
9.648991597455489622e-01
8.891831998504914347e-01
1.800867317559371905e+00
5.201654474759908053e-01
6.038946277756843672e-01
1.244146950382105210e+00
8.707527913743662307e-01
6.599608435955566232e-01
2.378860009335823644e+00
1.814867197019275791e+00
1.974859766376829473e+00
2.547431271002215780e+00
1.214470479048840534e+00
0.000000000000000000e+00
6.108759486164253572e-01
1.363140625132232220e+00
1.051768690754913971e+00
2.482466116033188896e+00
7.797413918510334163e-01
5.640111887209913188e-01
2.561929489954609118e-02
0.000000000000000000e+00
1.346923554851937599e+00
1.991168703331847700e+00
0.000000000000000000e+00
5.903306520405400271e-01
2.483724227546244556e+00
2.129913437043319480e+00
5.789818759788110114e-01
2.039050935488586180e+00
6.355901431942305724e-01
