# Ensemble A, m = 25.0, c_n/c_p = 0.922580645161, f = -0.961428571429
# lambda = [  4.78914213e-09  -4.24794700e-09   0.00000000e+00   1.21529350e-09]
#  
8.407167841943806730e-01
1.358658400441953740e+00
0.000000000000000000e+00
0.000000000000000000e+00
1.906389779818066232e+00
1.929199260622979306e+00
9.706450772788195458e-01
1.142300957343190371e+00
8.751901661963454870e-01
1.892253147869811247e+00
1.093633798410677205e+00
2.506864559674378601e+00
1.663043560149982003e+00
0.000000000000000000e+00
1.288618859098781044e+00
6.878513243973848335e-01
0.000000000000000000e+00
1.052872865529831836e+00
2.916635260384635497e+00
8.052085632728279707e-01
5.615643170237576663e-03
1.899354736752630002e+00
1.762301239438607003e-01
4.561128778356483560e-01
2.316862003824115668e+00
4.754229751698354489e-01
0.000000000000000000e+00
2.678598607724002711e+00
1.198334372427176220e+00
1.191555668366490517e+00
2.234559613041973147e-01
1.034673644489336519e+00
4.524624423853848554e-01
1.539208004244537298e+00
1.238879515485759253e+00
1.719761422761735936e+00
1.860006177488540136e+00
1.063353105393291198e+00
2.390608239423441805e+00
8.407167841943806730e-01
1.035820773746761514e+00
1.826503541243611195e-01
9.359662100352966752e-01
0.000000000000000000e+00
1.996981829327325375e+00
3.443854739933188136e-01
2.073753882222606926e+00
3.356344326004311873e-01
0.000000000000000000e+00
0.000000000000000000e+00
1.739216370298813485e+00
4.313151350818892338e-01
0.000000000000000000e+00
5.246785736985979387e-01
1.677126042072371703e+00
7.301272724160665639e-01
2.335319954450966851e+00
1.797101346925910947e+00
0.000000000000000000e+00
1.576491414904436228e+00
0.000000000000000000e+00
0.000000000000000000e+00
1.655630753215806106e+00
1.928817866330571729e+00
1.487086770774369349e+00
7.441641647859611464e-01
1.494607233872750296e+00
1.430071356252041959e+00
2.831082657273163439e-01
6.062968559319272810e-01
1.305082111880705664e+00
0.000000000000000000e+00
1.030156148602173305e+00
8.245319880631347687e-01
1.310106137223388423e+00
5.767162017019009657e-01
1.320429280549479278e+00
0.000000000000000000e+00
8.582285324912665159e-01
2.640389081010029670e+00
1.634857960939285926e+00
6.248811858490891380e-01
1.639852153451851979e+00
0.000000000000000000e+00
1.408033904254851532e+00
1.417940699076805977e+00
1.914976146813908153e+00
1.438240456215424290e+00
5.066938987390655624e-01
6.647176074516333855e-02
1.502668796889913949e+00
7.905688193032452959e-01
2.200962172983349063e+00
0.000000000000000000e+00
2.254209650061461456e+00
1.816450817658712857e+00
9.074578465730303023e-01
7.108931807690760385e-01
1.428791048047130530e-01
1.600225578604613341e+00
