# Ensemble A, m = 25.0, lambda = [  5.95696655e-09  -5.03916134e-09   0.00000000e+00   1.23514234e-09]
5.492421841814975059e-01
1.148369573940666299e+00
6.102277930522097549e-01
0.000000000000000000e+00
4.677440565805254247e-01
1.600094006979615235e+00
4.601463656035626459e-01
1.444032585277040814e+00
1.374700964452441498e+00
1.676246228262489479e+00
1.202382307796167477e-01
2.702560999683289444e-01
1.807999700789455932e+00
2.345395585800643001e+00
0.000000000000000000e+00
9.226591804679016295e-01
7.427227465508813298e-01
0.000000000000000000e+00
8.932656100599819515e-01
3.570739703683145638e-01
0.000000000000000000e+00
2.042693094156990075e+00
1.844794244076192635e+00
7.584459372587407655e-01
2.383276959856349464e+00
1.081215567422348478e+00
3.638545057155672668e-01
0.000000000000000000e+00
2.296438661623602773e+00
1.793973853761389181e+00
4.237823694626748350e-01
2.285842412971946513e-01
5.578170618266530267e-01
2.554485611776775134e+00
8.432757052799801922e-01
1.321636379468478228e+00
2.034981581374377679e+00
8.950603168910692409e-01
1.143524021493937060e+00
1.374342177264723297e+00
0.000000000000000000e+00
1.382484917344348085e+00
1.792407949745734308e-01
6.330172645434049006e-01
1.681346260119582103e+00
2.263316692009881059e+00
1.027275088965816430e+00
1.259758866900977659e-01
2.075447875865369607e+00
0.000000000000000000e+00
2.640794359619076381e-01
3.998577817781243104e-01
0.000000000000000000e+00
3.719299945298558674e-01
7.664117327710306959e-01
9.930455516330356502e-01
0.000000000000000000e+00
0.000000000000000000e+00
1.350709878185951895e+00
1.312316783130753617e+00
0.000000000000000000e+00
0.000000000000000000e+00
9.356065499536894148e-01
2.698098614893329472e+00
0.000000000000000000e+00
1.673867558073179218e+00
1.742953666603579865e+00
6.970862231819652255e-01
1.990429646016292242e+00
1.500355830493229403e+00
2.028145314549446798e+00
2.234726343478201205e+00
1.517679414803565052e+00
0.000000000000000000e+00
0.000000000000000000e+00
1.318731528226377403e+00
2.849120867037030713e+00
2.186887218632967700e-01
1.428410398475139065e+00
0.000000000000000000e+00
3.493410801804172627e-01
1.841869431115551015e+00
1.662734300307013635e+00
1.505616452055368981e+00
9.113767850457092923e-01
3.288936156545849698e-01
1.556122980939408582e-02
1.276610759395172989e+00
1.127482532643389934e+00
1.060345388198199901e+00
0.000000000000000000e+00
2.322139218374262917e-02
1.358780565490707914e+00
1.465596646847684204e+00
2.002153714377897131e+00
1.858463813981157120e+00
3.115441035105695304e-03
6.548804482534101856e-01
3.054476625866335837e-01
4.507165661159732717e-01
