# Ensemble A, m = 25.0, lambda = [  9.21630527e-09  -6.07161272e-09   0.00000000e+00   1.45408336e-09]
5.658849210819639763e-01
2.143465467947822223e+00
9.333824832234868252e-01
9.548408015990480502e-01
5.647389070235897535e-01
2.703151521143526970e-01
2.870596829325433585e-01
0.000000000000000000e+00
4.875005269563840726e-01
1.492396980523798267e-01
0.000000000000000000e+00
1.995609622403114458e-01
0.000000000000000000e+00
1.378404848655799819e+00
1.208938882939821768e+00
1.419409801445000063e+00
8.320002470905910608e-01
8.415186522370286804e-02
2.920364507507456353e-01
0.000000000000000000e+00
5.115429174027795733e-01
2.715095384541998058e+00
1.228171949579520472e+00
2.160363457948951016e+00
0.000000000000000000e+00
1.225612228026111694e+00
8.679185732769670314e-03
7.066130447283116567e-01
0.000000000000000000e+00
1.850381854422546768e+00
4.152124772878026948e-01
5.362361549843233099e-01
2.078163256868613473e+00
1.870613895751675193e-01
2.207488839074179587e+00
1.572157017094369280e+00
1.117845362398974363e+00
1.610596278635026302e+00
1.726866543780524843e+00
1.872005243630268989e+00
0.000000000000000000e+00
1.528019288849951751e+00
2.317440980186858290e+00
9.418023001633265556e-01
3.164995310135720441e+00
2.391230489425006933e+00
2.215852372007509175e+00
7.188140984347103357e-01
1.089254730714919628e+00
1.553410572783408064e-02
1.179317430891580365e+00
0.000000000000000000e+00
8.744480465834790772e-01
0.000000000000000000e+00
3.485827837818454289e-01
1.824888428891823899e+00
1.731360105144585937e+00
3.452272309538192419e-01
1.316815773151164937e+00
0.000000000000000000e+00
9.313065569575962321e-02
5.941715407448513453e-01
1.032503818633936810e+00
1.717789231545131745e+00
1.410076827435188251e+00
1.250872686262474200e-02
1.262821154551932334e+00
2.534843329797518141e+00
0.000000000000000000e+00
1.392943523985007648e+00
1.895562337116056373e+00
7.425972943145160432e-01
7.579085225646472468e-01
9.399491410772465860e-01
8.016265933277622047e-01
3.279210924364799773e+00
3.557006530175240044e+00
1.969005260254072409e+00
0.000000000000000000e+00
5.363930487412259251e-02
1.551008518672582603e+00
0.000000000000000000e+00
2.077463942567189026e+00
9.903533164871818339e-01
2.034647108740355315e-01
4.906703693368466013e-01
1.017058406684816063e+00
1.354263545909902833e+00
3.826290641310165497e-01
0.000000000000000000e+00
0.000000000000000000e+00
0.000000000000000000e+00
9.661387489310694354e-01
1.123182442055330466e+00
1.664840290418811541e+00
3.602289007810825089e-02
4.068641464054284507e-01
8.184567802166011763e-01
0.000000000000000000e+00
1.637626563884389430e+00
