# Ensemble A, m = 25.0, c_n/c_p = 0.729032258065, f = -0.948571428571
# lambda = [  6.51945520e-09  -4.50845864e-09   0.00000000e+00   1.50459095e-09]
#  
0.000000000000000000e+00
4.993183823571845092e-01
5.263773007366278067e-01
7.714631605287191052e-01
1.789935507319572405e+00
2.336635449753787341e+00
2.292991077858175242e+00
2.432424819686183071e+00
1.269895656536374595e+00
1.722608300541543347e+00
2.191387021927714507e+00
1.845705103145825365e+00
2.193078940319285852e+00
1.597390018979558235e+00
1.251555602327189209e+00
1.455591558977824329e+00
7.795210049194074564e-01
1.536519646400824168e+00
3.291942924170974116e-01
3.643856512933786873e-01
1.976363029237096391e+00
0.000000000000000000e+00
7.166993542359377800e-01
4.524994468632649869e-01
2.745649283297239562e-01
0.000000000000000000e+00
2.017907772583493298e+00
1.315980397881807984e-01
4.315426614246531400e-01
1.384399783861155919e+00
1.159601506156024975e+00
2.650869664975760820e+00
1.603440055152006050e+00
5.855912806434505624e-01
9.906313660966268309e-01
2.262712645892628771e+00
8.360092198678555908e-01
1.488776870503422778e+00
1.575253543153484870e+00
0.000000000000000000e+00
0.000000000000000000e+00
1.837921143221431297e+00
0.000000000000000000e+00
1.190209925250577339e+00
0.000000000000000000e+00
0.000000000000000000e+00
2.154915743982043885e+00
2.072243710341664880e+00
9.271920404898156276e-01
0.000000000000000000e+00
0.000000000000000000e+00
7.858073368668032632e-01
2.007528476857209476e+00
7.714631605287191052e-01
5.818594848562245181e-01
2.338486284781926550e+00
7.025712460240294277e-01
1.339956617594157740e+00
7.073603961346702773e-01
2.329141068204736154e-01
5.601396842826147360e-01
2.007953728394655524e-01
2.244743885160079166e+00
4.645048577073365020e-02
1.810556308458323826e+00
1.319693884340098933e+00
1.258572023760248459e+00
1.777264962764677214e-01
2.742277399379739578e+00
2.895497577005573753e+00
1.396523278820049674e+00
3.169800525130761493e-02
1.325551247034632674e+00
1.181573454487336861e+00
4.066996223398473553e+00
3.074633747936617034e+00
7.702703031796295230e-01
2.650886521863262679e-01
2.629354765262940319e+00
1.432419933794863987e+00
1.659294977195873599e+00
0.000000000000000000e+00
8.960263121050850987e-01
0.000000000000000000e+00
2.064694769656964191e+00
2.058171768725767681e+00
9.260913416488082417e-01
9.198617110001627850e-01
0.000000000000000000e+00
1.860408311710508134e+00
1.553072506030606537e+00
9.569284022375833532e-01
2.083429542514015687e+00
2.790579675350645328e+00
0.000000000000000000e+00
1.611667634486629197e+00
9.953108919976139113e-02
6.293772604169341200e-02
1.252711599549206412e+00
1.139032874677625040e+00
