# Ensemble A, m = 25.0, lambda = [  6.73913801e-09  -3.85286147e-09   0.00000000e+00   1.22687068e-09]
5.538590870265928112e-01
1.452309049281949871e-01
0.000000000000000000e+00
0.000000000000000000e+00
0.000000000000000000e+00
2.684841474838964900e-03
6.184172461303042434e-01
9.177266581166275694e-01
4.680264698418442060e-01
3.786054794236699828e-02
9.560401251244377008e-01
1.547484856428967603e+00
0.000000000000000000e+00
2.005490587952082571e+00
2.670064801145050071e-01
1.062173201159695823e+00
1.153774749798055499e+00
0.000000000000000000e+00
0.000000000000000000e+00
0.000000000000000000e+00
0.000000000000000000e+00
8.388246397267944410e-01
6.821948544883518206e-01
0.000000000000000000e+00
0.000000000000000000e+00
6.831146924848707780e-01
0.000000000000000000e+00
0.000000000000000000e+00
7.008482841317486001e-01
1.848318834989107984e+00
0.000000000000000000e+00
1.567861366153566749e+00
1.141076318621395469e+00
9.200806556757825660e-01
1.287443827549853981e-01
8.432876615869699943e-01
1.698169675256137268e+00
0.000000000000000000e+00
0.000000000000000000e+00
3.245067747259274271e-01
1.051325767313040539e-02
5.219141762377975668e-01
0.000000000000000000e+00
0.000000000000000000e+00
5.353793004024780533e-01
1.994824558031067285e+00
8.263059403692014637e-01
0.000000000000000000e+00
0.000000000000000000e+00
4.288972143800995340e-01
7.641129010743679117e-01
7.055995184376986917e-02
0.000000000000000000e+00
0.000000000000000000e+00
1.156053640063853472e+00
0.000000000000000000e+00
1.781902059906889324e+00
0.000000000000000000e+00
3.481771859307189465e-01
0.000000000000000000e+00
7.451687458828171184e-02
0.000000000000000000e+00
0.000000000000000000e+00
0.000000000000000000e+00
0.000000000000000000e+00
0.000000000000000000e+00
6.468586203882976948e-02
9.876030762913735606e-01
1.247944216861464728e+00
7.291592403705662306e-01
0.000000000000000000e+00
1.451198803910742074e-01
7.005412609844803296e-01
2.144880005053476868e+00
1.420750374988244857e+00
0.000000000000000000e+00
7.061458517245977617e-01
0.000000000000000000e+00
0.000000000000000000e+00
3.099115784682791586e-01
6.873365364272441269e-01
0.000000000000000000e+00
3.082173228687922206e-01
0.000000000000000000e+00
0.000000000000000000e+00
6.390949578484137472e-01
0.000000000000000000e+00
1.771760070181526814e+00
0.000000000000000000e+00
0.000000000000000000e+00
1.189688117964438963e+00
0.000000000000000000e+00
2.366016685362708483e-01
0.000000000000000000e+00
0.000000000000000000e+00
4.099194545008497670e-01
0.000000000000000000e+00
5.692240974665362628e-03
7.945863079397881279e-01
0.000000000000000000e+00
