# Ensemble A, m = 25.0, lambda = [  8.64929026e-09  -7.52383624e-09   0.00000000e+00   3.76544915e-10]
1.316319492567971094e+00
0.000000000000000000e+00
7.311503738856980350e-01
0.000000000000000000e+00
1.297955293517441433e+00
0.000000000000000000e+00
2.694126078691415405e+00
8.020770879286552857e-01
2.764221384824393501e-01
0.000000000000000000e+00
0.000000000000000000e+00
0.000000000000000000e+00
6.338656388561705324e-01
1.364701815100306970e+00
0.000000000000000000e+00
0.000000000000000000e+00
0.000000000000000000e+00
1.215081340401138688e+00
0.000000000000000000e+00
3.043550305767336317e-01
0.000000000000000000e+00
1.100813460116539577e+00
9.162914812076854432e-01
1.889411686901624865e+00
0.000000000000000000e+00
9.988307894215796567e-01
0.000000000000000000e+00
0.000000000000000000e+00
0.000000000000000000e+00
0.000000000000000000e+00
6.092795859326183283e-01
2.613781566596925510e-01
7.589223523717245623e-01
0.000000000000000000e+00
1.800219371996392148e+00
6.474347649951147643e-01
1.699191271224276045e+00
5.826240021283427550e-01
8.428888057223619112e-01
9.303207530824612048e-01
1.033926763807953231e+00
0.000000000000000000e+00
9.921435609984178283e-01
0.000000000000000000e+00
0.000000000000000000e+00
1.870889931832795616e+00
1.542003218485121341e+00
0.000000000000000000e+00
0.000000000000000000e+00
0.000000000000000000e+00
1.916659499502350594e-01
2.413573220652729112e-01
1.998015749120458928e-02
0.000000000000000000e+00
0.000000000000000000e+00
1.777756083658393882e+00
1.377429302466429029e+00
1.852687114221821973e+00
3.305221219716311110e-01
0.000000000000000000e+00
1.806040672500664468e-01
0.000000000000000000e+00
7.128780979004224472e-01
0.000000000000000000e+00
0.000000000000000000e+00
0.000000000000000000e+00
0.000000000000000000e+00
0.000000000000000000e+00
2.082303941865097041e+00
1.444877057131381148e+00
0.000000000000000000e+00
0.000000000000000000e+00
0.000000000000000000e+00
2.638652134277666983e-01
2.386877807205758373e-01
1.368365240086577561e+00
0.000000000000000000e+00
9.365765087900147501e-01
0.000000000000000000e+00
0.000000000000000000e+00
5.906421726202391032e-01
1.264172520348988638e+00
0.000000000000000000e+00
0.000000000000000000e+00
2.462152551458808014e-01
0.000000000000000000e+00
0.000000000000000000e+00
5.752581579037755466e-01
1.348573139479567473e+00
6.409120836132978782e-01
0.000000000000000000e+00
9.150467785326488190e-02
2.736210439711185938e+00
0.000000000000000000e+00
1.321945659310246324e+00
3.408101890287068003e-01
4.292197320097288493e-01
1.943203461510130570e+00
1.023534729428484891e+00
8.861690883140005415e-01
