# Ensemble A, m = 25.0, c_n/c_p = 0.81935483871, f = -0.988260869565
# lambda = [  9.09301990e-09  -7.36294852e-09   0.00000000e+00   1.13824254e-09]
#  
3.239339999760931565e+00
4.010060776826272821e+00
3.923965333302944725e+00
4.679495602632401052e+00
2.532143316308254732e+00
1.606526937620596840e+00
2.727205554676292998e+00
1.248587819915004893e+00
3.663187545571571224e-01
4.032778147967985838e+00
3.297698613219073760e+00
4.724429306716201538e+00
1.737044573240545731e+00
4.399299464725919151e+00
9.664593737355190450e-01
1.422379032402487420e+00
1.366996252345397567e+00
2.594059470232672027e+00
3.937931629056454330e+00
3.647441427275706083e+00
2.459446967516083049e+00
3.584329214054165380e+00
2.068517166941772789e+00
2.919267971288495911e+00
3.242905421117956877e+00
3.163554618480617364e+00
4.806339178433827186e+00
3.527156627282755252e+00
4.375513519632474591e+00
2.280095780825375229e+00
3.072709024081125673e+00
3.663243179054176402e+00
4.067173463724002680e+00
2.398982100960717734e+00
4.607165242769895031e+00
3.808302680323185641e+00
3.600424625385800770e+00
4.327079084789875019e+00
3.347929429405644530e+00
3.247661875003777787e+00
2.741513342169457079e+00
3.288452273299362183e+00
3.627659763618884980e+00
2.032582135314882077e+00
1.780013933151511019e+00
2.222329928721754388e+00
3.763326721271854858e+00
3.688216546979932620e+00
1.844987874582656229e+00
3.250145147550016933e+00
1.925364607417701102e+00
1.596487562772757718e+00
4.334203066043485819e+00
3.418432142319320022e+00
2.695118207492226414e+00
3.916820797512237551e+00
3.774202031271973734e+00
3.816944851386005144e+00
4.587980068339151174e+00
1.820413919717946527e+00
3.483539133452854930e+00
3.032241806831289299e+00
2.977655468577812048e+00
2.439120756050974670e+00
2.631373071021323007e+00
3.637087683206718935e+00
3.381966054276149158e+00
4.832386586422424135e-01
3.984487347984021266e+00
4.272512179358080253e+00
3.093187475416685039e+00
2.040761515775971979e+00
3.876403593751786669e+00
3.232797397525405181e+00
2.387946452665937080e+00
3.992097640843006445e+00
1.932731848257302376e+00
3.370946599304405655e+00
4.815048364290807292e+00
2.624311195585816492e+00
2.831786001920074902e+00
4.326411550947039331e+00
3.250145147550016933e+00
3.260273311729299461e+00
1.818202066693297647e+00
3.549720300755870639e+00
1.973610833906787487e+00
4.095882719497034863e+00
1.256616867481199495e+00
3.417358089018660117e+00
3.358700152570144315e+00
3.296726399702208266e+00
2.542988912077422281e+00
3.443059655100938699e+00
3.455880297206089136e+00
5.046683109399195288e+00
2.451532511855136320e+00
2.406754217371658289e+00
3.227988410250472562e+00
3.655834400392674155e+00
