# Ensemble A, m = 25.0, c_n/c_p = 0.896774193548, f = -0.94
# lambda = [  4.46648038e-09  -3.76509888e-09   0.00000000e+00   1.36654841e-09]
#  
1.975105876278878902e+00
1.334914390578785470e+00
0.000000000000000000e+00
7.151087865960341627e-01
3.453758213730725446e-01
6.105904355298802377e-01
0.000000000000000000e+00
2.302728971321845286e+00
7.400778262028759880e-01
0.000000000000000000e+00
9.491023273506973279e-01
1.184084737087322425e+00
0.000000000000000000e+00
6.337838819776333565e-01
2.181276344989121263e+00
2.406444213864777470e+00
0.000000000000000000e+00
1.979292300601285470e+00
2.151187449220056891e+00
0.000000000000000000e+00
4.260102850496395810e+00
0.000000000000000000e+00
0.000000000000000000e+00
0.000000000000000000e+00
2.611230525297232319e+00
6.943757625064473915e-01
0.000000000000000000e+00
3.576421203571026886e-01
7.316297595792162767e-01
1.582676164177361011e+00
2.020908589919507836e+00
1.180140295624834579e+00
0.000000000000000000e+00
1.101717036933212768e+00
1.012822376122375134e+00
1.087218482527017471e+00
1.363942246720345301e-02
0.000000000000000000e+00
1.106749545519642108e+00
1.145250535809823944e+00
6.841180386871589802e-02
2.234559613041973147e-01
1.783924274196594384e+00
0.000000000000000000e+00
1.618802803801165702e+00
1.723516469729893252e+00
2.996803792663091048e+00
1.441319087052874037e+00
2.779726121891366919e+00
0.000000000000000000e+00
1.124978236583742408e+00
1.526152918584839258e+00
1.064005280117072544e-01
0.000000000000000000e+00
0.000000000000000000e+00
0.000000000000000000e+00
1.368614209681321636e+00
1.407962773538562029e+00
7.198699656426197357e-01
9.862233169183937109e-01
1.282200773562494289e+00
0.000000000000000000e+00
1.534869247436281281e+00
1.711608717237761146e-01
1.198475700742132943e+00
1.396238647580215542e+00
5.778743471311080793e-01
0.000000000000000000e+00
2.554981765574185104e+00
2.330539457272368331e+00
1.684155385788881354e+00
1.036439700466343261e+00
1.556226759609912413e+00
1.226129148107426126e+00
3.500827604663630382e-02
2.293525617202442302e+00
2.213134740773841980e+00
1.365864149851620246e-01
0.000000000000000000e+00
4.124844978381022043e-01
1.506879247886030004e+00
1.833434568335114756e+00
1.598068998174179800e+00
9.753942264547460494e-01
0.000000000000000000e+00
2.293525617202442302e+00
1.256568303774740158e+00
0.000000000000000000e+00
2.617229646733253423e-01
5.993330318274373569e-01
1.699338648564008292e+00
0.000000000000000000e+00
5.465157294115074310e-03
4.564862655134945685e-02
1.187633479875717518e-01
6.677728945777799963e-01
0.000000000000000000e+00
2.658101981225180044e+00
0.000000000000000000e+00
7.459134367897649609e-01
