# Ensemble A, m = 25.0, c_n/c_p = 0.832258064516, f = -0.998695652174
# lambda = [  1.10204660e-08  -9.15990839e-09   0.00000000e+00   4.68304158e-10]
#  
6.699548887165168720e-01
1.709270933336672682e+00
1.246874995570149913e+00
1.956261358900490466e+00
0.000000000000000000e+00
9.682443006369085836e-01
9.598086360796669325e-01
1.166945363204483943e+00
2.294347283852610886e+00
2.531279706347605796e+00
1.401093988368122822e+00
2.325847835561032806e+00
1.633486877924656522e+00
0.000000000000000000e+00
3.773507666309479980e+00
0.000000000000000000e+00
1.412700050417463382e+00
3.209740854565092505e+00
1.839558817775120758e+00
1.557791458625968350e-01
2.093322540629813044e+00
2.902842557033331605e+00
1.607692236345259040e+00
2.391169595893862354e+00
1.325861936993070200e+00
4.672901394045150258e-01
8.962286539932647900e-01
1.349311372800807929e+00
2.736586174869787946e+00
1.737554334870019535e+00
2.429331371917801352e+00
0.000000000000000000e+00
2.321142456616883010e+00
9.509852718652738179e-01
1.613359377216797563e+00
1.218012231202381335e+00
1.166435983724120273e+00
2.925952545887218648e+00
1.664139304325956470e+00
0.000000000000000000e+00
0.000000000000000000e+00
1.691924611639541220e+00
1.484715305496674631e+00
1.081159486370691480e+00
1.834784312723719335e+00
9.506351752117494502e-01
2.074512456713901276e+00
9.693573183579955455e-01
0.000000000000000000e+00
2.056992858542448843e+00
3.126013349273858655e+00
1.530496441442521061e+00
8.022027444569669319e-01
2.393901856335722389e+00
1.483501697444825629e+00
6.198276009223847582e-01
7.611052853455426703e-01
2.439848598378619116e+00
1.376585024360873488e+00
2.256316530612513915e+00
1.179853634970691623e+00
1.959383010576471129e+00
9.239296286639282485e-01
2.200411006091213650e+00
2.531368156058190877e+00
2.189730814486765098e+00
2.449585359154239139e+00
2.990760310778358466e+00
1.871431604942344284e+00
2.511099976328502681e+00
1.481764811802068316e+00
6.612062941119178916e-01
2.149915815261125296e+00
1.315072697628206999e+00
1.791761946990324539e+00
2.078959086083213004e-01
2.116994049772317421e+00
1.961758732414562445e+00
1.227162124590190029e+00
2.183372703333414044e+00
1.923153565527308206e+00
2.138335422757138282e+00
2.992933846263644282e-02
2.689540258940867457e+00
6.160425089170148416e-01
2.228720064968181536e+00
1.582333903856715906e+00
4.940450832632526379e-01
1.659944263284078569e-01
8.154048554454328412e-01
2.795237774493575689e+00
1.279044604420390030e+00
2.962584538037115856e+00
9.317752670092228628e-01
2.523033774627633008e+00
1.020952717035963353e+00
1.928638148086747606e+00
2.916874297564178153e+00
2.001086015387871342e+00
5.381785805639521802e-01
