# Ensemble A, m = 25.0, lambda = [  1.62067176e-08  -1.12972585e-08   0.00000000e+00   1.50437735e-09]
1.973215994826822861e+00
1.883355831886535103e+00
1.165930522506175349e+00
9.069791093322944198e-01
9.230401845747485678e-01
3.181166055453065855e+00
3.007909582713637509e+00
7.991557007191086859e-01
2.074707443491435210e+00
0.000000000000000000e+00
1.169232305800567362e+00
2.140341038251641237e+00
2.396759115124505179e-01
1.354595382670361614e+00
5.975076603829665434e-01
1.959296625816809634e+00
6.399547426095574254e-01
1.126743344563487348e+00
1.587577545844470972e+00
1.519640919383423050e+00
1.120592757960530150e+00
2.143713473794903290e+00
0.000000000000000000e+00
1.524452160545133772e+00
5.961045879900628286e-01
2.034573395685312036e+00
0.000000000000000000e+00
1.952573513147075168e+00
2.314285179276158289e+00
1.379009397671344950e-01
2.364705149073791368e+00
7.007250703365045519e-01
2.653034441798792997e+00
4.952540693794394988e-01
2.432958911049254880e+00
5.048657307018737939e-01
1.573887446363730458e+00
8.309676772247694965e-01
3.051920615995553643e+00
7.070853412730044862e-01
6.352787611476046203e-01
1.855437673302586354e+00
1.648339836784761481e+00
1.380904354045255911e+00
1.438350598741458874e+00
1.239713546388254928e+00
8.240717238879066708e-02
1.612332533071905161e+00
1.458937586081703319e+00
2.590379850897872593e+00
3.447496283655531180e+00
2.431968162156524560e+00
1.501595557509487477e+00
1.949534630356095422e+00
2.824097085537809804e+00
1.319475618901461811e+00
2.079550263115844455e+00
2.346642874625803898e+00
1.694232885056067062e+00
1.828062830209476797e+00
9.829180101664534153e-01
2.213408669235364723e+00
2.161157522979631818e+00
2.657853098663368829e+00
1.929671861737016769e+00
1.962389641357888737e+00
1.301061549588229838e+00
2.579357024470959825e+00
0.000000000000000000e+00
1.782696022315950257e+00
2.816518313405533824e+00
1.928836272341673652e+00
9.159887776982376106e-01
2.334455850588728509e+00
1.737658755973077618e+00
2.999304786766140651e+00
2.371297212907782725e+00
1.179050053381535790e+00
2.380580652995152036e-01
2.662823681129853348e+00
1.759841557445955829e+00
1.548835764531205861e+00
2.705742692969884011e+00
1.441254485376997962e+00
0.000000000000000000e+00
1.148709118699209775e+00
7.652272064193492707e-01
2.352504617527566566e+00
6.023927075203868720e-01
2.284804528301398019e+00
5.526578885789561468e-01
1.587057303780159412e+00
1.590929718061049603e-01
3.938343421909903386e-01
1.332300058122973363e+00
1.817050718749785965e+00
7.181733542998254283e-01
2.180968183805899407e+00
2.329451907590533555e+00
1.430188441698049484e+00
