# Ensemble A, m = 25.0, lambda = [  3.85146816e-09  -3.60625211e-09   0.00000000e+00   1.20350096e-09]
0.000000000000000000e+00
0.000000000000000000e+00
0.000000000000000000e+00
0.000000000000000000e+00
2.252696060272785683e+00
6.746292922909278289e-01
9.984815366505090939e-01
9.193957164745097943e-01
0.000000000000000000e+00
4.153520543471272419e-01
6.924202898011082574e-01
2.318467997004105996e+00
0.000000000000000000e+00
1.474387008962026568e+00
8.950479335296089856e-01
4.312840329342071399e-01
3.314002483049115488e-01
0.000000000000000000e+00
0.000000000000000000e+00
0.000000000000000000e+00
9.137187750749087289e-01
8.424592847316358935e-01
5.923431826643483777e-01
1.000913429403396115e+00
6.063072132132346637e-01
5.387963797443357829e-03
0.000000000000000000e+00
0.000000000000000000e+00
1.715667765897551433e+00
4.011744441547768908e-02
9.812990397910720253e-01
1.609090097695249577e+00
0.000000000000000000e+00
1.271286123861697703e+00
1.258851430759302392e+00
0.000000000000000000e+00
5.528121236058678445e-01
0.000000000000000000e+00
3.543729540581734838e-01
0.000000000000000000e+00
8.774174528612307400e-01
0.000000000000000000e+00
6.937875779661002891e-04
1.731193557174180109e+00
1.704126409248949869e+00
0.000000000000000000e+00
1.881384668339212973e-01
1.557346947237647550e+00
1.581842553488197023e+00
2.483674974194409468e-01
0.000000000000000000e+00
1.013881183932878738e-01
3.050071744267593421e-01
1.131163564714086522e+00
8.313836112417500868e-01
2.709822378891720285e-01
6.739586363761018717e-02
2.072611697721471469e+00
0.000000000000000000e+00
5.642212940256610132e-01
6.207212394001685452e-01
8.099577863290959856e-01
1.519600752315229730e+00
0.000000000000000000e+00
1.403785635400064846e+00
2.609339822606258075e-01
0.000000000000000000e+00
6.100945639719724811e-01
1.496396640690888180e+00
0.000000000000000000e+00
6.635893495846786339e-01
0.000000000000000000e+00
0.000000000000000000e+00
9.868330574122317067e-01
0.000000000000000000e+00
1.316390158113370124e+00
0.000000000000000000e+00
0.000000000000000000e+00
1.571661819781672076e+00
1.714221647562933493e+00
0.000000000000000000e+00
8.322863983947776934e-01
0.000000000000000000e+00
3.569270230074580441e-01
9.467137870809047007e-01
3.337416791400088512e-01
0.000000000000000000e+00
1.246932942844244607e+00
2.851869636690473886e-01
0.000000000000000000e+00
1.441623841404007678e+00
0.000000000000000000e+00
1.364507986998983569e+00
1.748317503344678281e+00
1.211336705883604647e+00
0.000000000000000000e+00
0.000000000000000000e+00
0.000000000000000000e+00
9.679666194856006989e-01
0.000000000000000000e+00
