# Ensemble A, m = 25.0, c_n/c_p = 0.935483870968, f = -0.998695652174
# lambda = [  6.33248592e-09  -5.91621157e-09   0.00000000e+00   3.02468798e-10]
#  
0.000000000000000000e+00
0.000000000000000000e+00
7.981624712776057562e-01
0.000000000000000000e+00
5.163388909621738909e-01
0.000000000000000000e+00
1.110738715134520049e+00
0.000000000000000000e+00
0.000000000000000000e+00
9.089611203879848222e-01
2.398154862830049749e-01
0.000000000000000000e+00
0.000000000000000000e+00
1.436554538035567319e+00
1.432646962903925125e+00
0.000000000000000000e+00
1.099520701598479366e+00
1.986679117017931873e+00
1.343602645690789910e+00
1.021346863984707642e+00
0.000000000000000000e+00
1.143283123458370687e+00
8.196949839389832126e-01
7.603408437766230321e-01
2.072961537786363717e+00
0.000000000000000000e+00
3.950327514808169571e-01
0.000000000000000000e+00
0.000000000000000000e+00
1.526307922105140769e+00
1.359037041889771813e-01
0.000000000000000000e+00
0.000000000000000000e+00
0.000000000000000000e+00
6.534236546851170946e-01
1.066556179077412736e+00
0.000000000000000000e+00
1.099989071303189458e+00
0.000000000000000000e+00
0.000000000000000000e+00
0.000000000000000000e+00
0.000000000000000000e+00
0.000000000000000000e+00
0.000000000000000000e+00
0.000000000000000000e+00
1.049733559456914822e+00
0.000000000000000000e+00
0.000000000000000000e+00
1.207322884918216932e+00
0.000000000000000000e+00
9.305369717219545977e-01
7.440129892260004540e-01
7.946463749537855392e-01
9.305369717219545977e-01
0.000000000000000000e+00
0.000000000000000000e+00
3.558477707572442195e-01
0.000000000000000000e+00
0.000000000000000000e+00
0.000000000000000000e+00
9.693216991575619446e-01
1.281140844929482547e+00
0.000000000000000000e+00
0.000000000000000000e+00
0.000000000000000000e+00
3.558477707572442195e-01
0.000000000000000000e+00
8.645859826479214139e-01
3.865228060535547128e-01
1.143283123458370687e+00
0.000000000000000000e+00
0.000000000000000000e+00
0.000000000000000000e+00
1.877704863693775650e+00
4.040180869244017203e-01
1.083755964880280587e+00
1.279810721952721365e-02
0.000000000000000000e+00
0.000000000000000000e+00
0.000000000000000000e+00
1.228408756615041009e+00
0.000000000000000000e+00
0.000000000000000000e+00
1.203880726317613004e+00
0.000000000000000000e+00
0.000000000000000000e+00
1.739828268690580382e+00
7.384222203398785878e-01
1.742486429944870574e+00
1.046106810035500434e+00
0.000000000000000000e+00
0.000000000000000000e+00
0.000000000000000000e+00
1.587489356176937649e+00
0.000000000000000000e+00
7.178820093923358181e-01
1.453718334102828358e+00
0.000000000000000000e+00
1.568394577620535912e+00
0.000000000000000000e+00
