# Ensemble A, m = 25.0, c_n/c_p = 0.6, f = -0.985652173913
# lambda = [  1.00763700e-08  -5.95907758e-09   0.00000000e+00   1.02046942e-09]
#  
5.167886662479195259e-01
6.211411677703688738e-01
2.940272645664743778e-01
2.691580146850982014e-01
0.000000000000000000e+00
8.137795824593534455e-01
1.354503621521243151e+00
1.352401186232113250e+00
1.730656267028754192e+00
0.000000000000000000e+00
1.366219466807773397e+00
2.059011325294724859e+00
1.146854782206254475e+00
1.216460658275215323e+00
1.517208413146391877e+00
1.925158882136116745e+00
7.015295254339328768e-01
0.000000000000000000e+00
0.000000000000000000e+00
0.000000000000000000e+00
0.000000000000000000e+00
0.000000000000000000e+00
1.864502778293448015e+00
0.000000000000000000e+00
4.139409716482224111e-01
0.000000000000000000e+00
1.181682739553783668e+00
1.906329035855283793e+00
3.424413765519665476e-01
1.788138267310263929e+00
9.895541627564384823e-01
0.000000000000000000e+00
8.057707665393480934e-01
0.000000000000000000e+00
0.000000000000000000e+00
2.153857317621119982e+00
1.063731737564023616e+00
1.963778102516226642e+00
7.676912947942438059e-01
0.000000000000000000e+00
8.911119377276340847e-01
2.205719958603882702e+00
0.000000000000000000e+00
1.399858496768131844e-01
4.708815500168328505e-01
0.000000000000000000e+00
3.630385020947791697e-01
0.000000000000000000e+00
4.844699059693240994e-01
5.247573126929305776e-01
1.025222680121546270e+00
5.346704942493092361e-01
3.861958409728964425e-01
4.940536953538769427e-01
5.678649588460152886e-01
7.652795425688447839e-01
0.000000000000000000e+00
0.000000000000000000e+00
0.000000000000000000e+00
1.184640470844585458e+00
0.000000000000000000e+00
1.076716256791915516e+00
8.161198657051103866e-02
2.434978322698241104e+00
8.551852901344969560e-01
7.777368106590902830e-01
2.188769207431315866e+00
1.704672945346641655e-01
0.000000000000000000e+00
3.248311333947122570e-01
2.360754797170665498e+00
4.684077641570585926e-01
0.000000000000000000e+00
0.000000000000000000e+00
1.981841024256917105e+00
1.549636732904327054e-02
0.000000000000000000e+00
0.000000000000000000e+00
1.495859265624610801e+00
1.537105295285753570e+00
7.888642786669622931e-01
0.000000000000000000e+00
6.814858828829114534e-01
0.000000000000000000e+00
1.686857180268614975e-01
0.000000000000000000e+00
4.073833696399976542e-03
4.799521802068336118e-01
2.443808576860782289e-01
0.000000000000000000e+00
0.000000000000000000e+00
0.000000000000000000e+00
1.159335250996778921e+00
0.000000000000000000e+00
0.000000000000000000e+00
0.000000000000000000e+00
2.079882968747081673e+00
0.000000000000000000e+00
8.129107974261664538e-01
8.123085135079786134e-01
