# Ensemble A, m = 25.0, c_n/c_p = 0.741935483871, f = -0.992173913043
# lambda = [  1.52157710e-08  -1.12007708e-08   0.00000000e+00   1.40960056e-09]
#  
4.952443892278216353e+00
3.441596985413435394e+00
4.683919443432936980e+00
4.906273292136759778e+00
3.723542068955965956e+00
4.434717524737060934e+00
3.204857818749347942e+00
2.876361526914923417e+00
4.502542976745925962e+00
4.132786702321031846e+00
3.629380292634877936e+00
1.953755303991630221e+00
2.725400066686288980e+00
4.036073167212897772e+00
4.104639827122418261e+00
3.685773293711990473e+00
2.933771214622809431e+00
5.001424282653170295e+00
4.618188767007992190e+00
4.176661456155705388e+00
3.167184354921917411e+00
4.468943961194500325e+00
3.619237394453698187e+00
4.197210084279856979e+00
4.117163025495944595e+00
4.721949498729618888e+00
3.804429301545380060e+00
2.098391640303835626e+00
4.156041271342421517e+00
4.593440027659904779e+00
3.678103604309875152e+00
1.687251882647985646e+00
4.073553510945722600e+00
2.242314416882154937e+00
3.900613640736333210e+00
3.153127896343603354e+00
3.930887450003215378e+00
3.262960450782603772e+00
4.481289123949312447e+00
2.146973003541576830e+00
3.758690315710507601e+00
4.342300250861996780e+00
3.228107570193025300e+00
4.230553549051350615e+00
4.285261079716662813e+00
3.636700645899907158e+00
3.161545877219560374e+00
4.230131233134640567e+00
3.324754251357907808e+00
2.536173920373767210e+00
2.592775527834613403e+00
1.780670969867573117e+00
4.525888470041456557e+00
3.568661203885894473e+00
2.470948848730424974e+00
4.313123923111078284e+00
4.017890372068272598e+00
3.391446551792893338e+00
4.881040608318519602e+00
4.368713260631824191e+00
3.572551642975483333e+00
4.880917436833560608e+00
4.655531541099600545e+00
4.033950132010502010e+00
4.231837184009209274e+00
4.600056948750665953e+00
4.630322050441241899e+00
2.922191636598306719e+00
3.783848959619828367e+00
2.044412529939948708e+00
2.696950430668614729e+00
2.502645096845275585e+00
4.488919269712100757e+00
4.478945677268895587e+00
4.450814875029752038e+00
5.075218941776922676e+00
4.571595787995787141e+00
4.792764351379184440e+00
4.259431204660597992e+00
1.888518871746353911e+00
3.572137658975095942e+00
3.515769132177904766e+00
4.254944018872056866e+00
2.964819868056079333e+00
4.505124706077569208e+00
3.150068888140545642e+00
3.017138814650869527e+00
4.319217392847213510e+00
3.789296250090172791e+00
4.880039921867987296e+00
4.851174632978661805e+00
5.073392212508327503e+00
3.650003818673486666e+00
3.820885647524887574e+00
4.022209617874740850e+00
2.335167195203193824e+00
3.211519298016131341e+00
4.769062723677444104e+00
4.607209111955052450e+00
3.746008557258657223e+00
