# Ensemble A, m = 25.0, c_n/c_p = 0.78064516129, f = -0.996086956522
# lambda = [  1.46405011e-08  -1.13843140e-08   0.00000000e+00   1.01008211e-09]
#  
3.297527084851415768e+00
4.656033729646622099e+00
4.283433656524219479e+00
4.352020270604115559e+00
4.583245563336137529e+00
3.721496776354612734e+00
3.450394329673480698e+00
2.777324984467207880e+00
3.030146108215386214e+00
2.987480277628507430e+00
4.613544530557266654e+00
2.568223597963101401e+00
4.014532754856517727e+00
4.303763600830364133e+00
5.127082263668292228e+00
4.045772636073073691e+00
3.904144618175882542e+00
2.361684349069886224e+00
2.501165217024988507e+00
3.402688248667710802e+00
3.859850941013280412e+00
4.827280617245568450e+00
5.089862551695455650e+00
4.699806299906708951e+00
3.577184034852064265e+00
4.541864074209159163e+00
4.268307452393998780e+00
4.714865612769036929e+00
3.338799900278310862e+00
3.853522111355083712e+00
2.962420532171364140e+00
4.935733498012299769e+00
4.057568669074667511e+00
4.706467179854506355e+00
4.934272078611264156e+00
4.059726009184070783e+00
2.681499825086198996e+00
4.174761303199625573e+00
4.083540006577393910e+00
1.120319685981471913e+00
3.324260494857818049e+00
4.893955759969520258e+00
4.481727630544204644e+00
4.306107336664450003e+00
4.191200631687841849e+00
1.825434501143749388e+00
4.469143549180819797e+00
4.963195176234744821e+00
4.002026838954531485e+00
4.499853184793707328e+00
4.365856910783304734e+00
2.765654870137753907e+00
2.583156214453273591e+00
3.715613873584470817e+00
4.802893274198187790e+00
3.220643011019855173e+00
4.710148898506556492e+00
3.471166599117889717e+00
3.351227713444400624e+00
4.927430429767422737e+00
2.543314368823261340e+00
2.254612613459559434e+00
2.633623326374431972e+00
4.391607974739430098e+00
3.425170056349498449e+00
3.013045465640672216e+00
4.546223782272861946e+00
3.403121832486890153e+00
3.480294303026284286e+00
3.935841446045917014e+00
1.863740145457071673e+00
1.797969581702317576e+00
4.126601862372176299e+00
3.258849309514107784e+00
4.679965445351951914e+00
4.460679086706191399e+00
3.848239954287951292e+00
4.558122047727888315e+00
5.004517607743042440e+00
4.911207843854188404e+00
3.559768595627560650e+00
3.101843006035975403e+00
5.023104864242251999e+00
2.757152447873568502e+00
4.588680669525846412e+00
3.927349900442699937e+00
3.894886650042420406e+00
3.752412957570680163e+00
3.079738545117295612e+00
3.517262318845030489e+00
4.133954971747037632e+00
2.885275739993586441e+00
4.229764347769358501e+00
4.335463491875001907e+00
2.464890947969599733e+00
3.390037419522360373e+00
4.115102787789088445e+00
2.589885554616075503e+00
4.540556840830385354e+00
4.304380760798575345e+00
