# Ensemble A, m = 25.0, lambda = [  5.45704424e-09  -4.48181762e-09   0.00000000e+00   1.35612677e-09]
1.312140221608318669e+00
7.656616669408631282e-01
1.404766998417395218e-01
1.278107662331783079e+00
1.426664437660345008e+00
0.000000000000000000e+00
2.066294961405797714e+00
1.731628057258624231e+00
0.000000000000000000e+00
1.198087215570285302e+00
5.323795807845890238e-01
0.000000000000000000e+00
2.977749018858472964e-03
1.947108920802353427e-01
1.183048225580713320e+00
5.211791399895100430e-01
0.000000000000000000e+00
1.604748958731913699e+00
0.000000000000000000e+00
1.014510116084429647e+00
1.259665030218795501e+00
2.740829324476136142e-01
4.345999573446148179e-01
7.939922049901519951e-01
0.000000000000000000e+00
9.185409065674955686e-02
8.863511621504495119e-01
1.741790925096802001e+00
1.468484943564856371e+00
1.905003122085896727e+00
5.012058268184362841e-01
1.395845340606116869e+00
1.794132896251157572e+00
5.170119875319202640e-02
1.953725478902677892e+00
6.568173859003612058e-01
1.463725867658943303e+00
0.000000000000000000e+00
1.818742029333298982e-01
2.572735677082183328e-02
1.147364523246729551e+00
2.294659779953908796e+00
2.987067335116534370e-02
0.000000000000000000e+00
4.446664972173632879e-01
3.798008250750157244e-01
4.303174991042376107e-01
1.715417442107922685e+00
0.000000000000000000e+00
4.097137197212268045e-02
6.900342346643829616e-01
0.000000000000000000e+00
2.292414120746567863e-01
0.000000000000000000e+00
2.470812028219344647e+00
1.722559331242071168e-01
4.812257104393943274e-01
0.000000000000000000e+00
0.000000000000000000e+00
6.677432818203046239e-01
2.473245291260067091e+00
0.000000000000000000e+00
0.000000000000000000e+00
8.668305550039716589e-01
4.754918739030533636e-01
2.033979154249295096e+00
8.857469731510143607e-01
2.528009676314652676e+00
1.101477066560461404e+00
0.000000000000000000e+00
1.486048045347039492e+00
2.013943970865900379e+00
5.606274639422901274e-01
1.367195612306537411e+00
1.116594730148035897e+00
2.228721181923706940e+00
1.376482943786450919e-01
0.000000000000000000e+00
0.000000000000000000e+00
1.711127165714325729e-02
2.629074267891650524e-02
1.428594479271005246e+00
2.734840759004399491e+00
9.259576193830975077e-01
1.906080444911919525e+00
2.151437411914220110e+00
3.052020390524228799e-01
0.000000000000000000e+00
0.000000000000000000e+00
1.205039633704024088e-01
1.828064001425191432e+00
2.306600373106742374e+00
0.000000000000000000e+00
0.000000000000000000e+00
1.810013482345172342e+00
1.311790978926412166e+00
1.679412856152621147e+00
1.213537496245777891e+00
8.721604627380312724e-01
1.111807697963204333e+00
