# Ensemble A, m = 25.0, c_n/c_p = 0.625806451613, f = -0.992173913043
# lambda = [  1.34327627e-08  -8.34052107e-09   0.00000000e+00   1.04964234e-09]
#  
0.000000000000000000e+00
6.282681684640173403e-01
2.517644375297888981e+00
9.076710525374596106e-01
0.000000000000000000e+00
7.739796064715007695e-01
0.000000000000000000e+00
1.701442486768521389e+00
6.196870801624166925e-01
7.392985599014760822e-01
7.745040700542258350e-01
9.735347491513571816e-01
2.305522324950337598e-02
4.955130158550879460e-01
4.776428622837630700e-01
7.735159898970989101e-01
3.572894398148209749e-01
5.142105447603700918e-01
0.000000000000000000e+00
5.006254933804540341e-01
0.000000000000000000e+00
0.000000000000000000e+00
6.234988455379344430e-01
6.675456666975753128e-01
8.473688228990251814e-02
2.182590454000548519e+00
8.525796867829384951e-01
3.290232732870929100e-01
8.459641789877567764e-01
0.000000000000000000e+00
1.880422025933415897e+00
4.916567444849528901e-01
2.220454100094209071e+00
7.559659791734034684e-01
9.291895341858664725e-01
1.029368483895241271e+00
6.304995075948319760e-01
8.521312658809034879e-01
6.198283488695122134e-01
2.582790097090596149e+00
2.787378651464358925e-01
0.000000000000000000e+00
7.729963697208031004e-01
0.000000000000000000e+00
9.028067918519431245e-01
2.918502172828134344e-02
9.426661368725988144e-01
4.880894922109350609e-01
4.207927177017479203e-01
5.742617680916824868e-02
5.072033170386509582e-01
1.247571542651905174e+00
6.120276310069369119e-01
5.809689653775026302e-02
0.000000000000000000e+00
4.868677736453533300e-01
0.000000000000000000e+00
3.209445787988250309e+00
1.726964079505749705e+00
0.000000000000000000e+00
2.964527937263559676e-01
3.528904308162909564e-01
1.632896254420415083e+00
2.817018410219496172e-01
5.932407133211211603e-01
0.000000000000000000e+00
4.500699271822223846e-01
1.687395601768457265e+00
0.000000000000000000e+00
0.000000000000000000e+00
1.058403098785241969e+00
0.000000000000000000e+00
6.344361527649990118e-02
1.916987318344875346e+00
3.234985226118574086e-01
1.046512826110051364e+00
8.202350522552048773e-01
0.000000000000000000e+00
1.560092061203176339e+00
8.152985726523217513e-01
3.628071593516642157e-02
4.816636631353922171e-01
1.137276050649590475e+00
1.070571280664302627e+00
0.000000000000000000e+00
1.475386171541434033e+00
2.740812835540001324e-01
1.683331535961041681e+00
9.969058772824368475e-01
0.000000000000000000e+00
0.000000000000000000e+00
1.331745317722982276e-02
0.000000000000000000e+00
9.106314996318734534e-02
3.414709450923775202e-02
0.000000000000000000e+00
6.005797610550449583e-01
0.000000000000000000e+00
0.000000000000000000e+00
8.211551233080058854e-01
