# Ensemble A, m = 25.0, c_n/c_p = 0.935483870968, f = -0.984347826087
# lambda = [  5.48502093e-09  -5.05083498e-09   0.00000000e+00   9.04296449e-10]
#  
3.414740883885853395e-01
1.906389779818066232e+00
1.324717564438292916e+00
1.512473912030596890e-01
1.670134817231368585e+00
2.017968942836370072e+00
6.031079193731738730e-01
2.391013021444075015e+00
1.661488193697843618e+00
1.108535109505468741e+00
7.125298433412934340e-01
1.167332766552330758e+00
1.522764603635015312e+00
1.337259371900265670e+00
0.000000000000000000e+00
2.002985840701692943e+00
2.336132412356760391e+00
1.924989059689404813e+00
3.904201084117905896e-01
1.925352060894939044e+00
5.694259287272619430e-01
2.012437284337126542e+00
1.470743360397366084e+00
0.000000000000000000e+00
1.353492524279071407e+00
8.034197828068390113e-01
3.244161684150216329e-01
3.755469071134888148e-01
3.728400227929196120e-01
9.390870593531690513e-01
1.383309844409778888e+00
1.369329287175206300e+00
1.978863984539795950e+00
0.000000000000000000e+00
1.443512197397790020e+00
1.958508127739973848e+00
1.299668340497867725e+00
1.716768970566768582e+00
0.000000000000000000e+00
1.295289498456151600e+00
2.920619856818721161e+00
1.764014761291928801e+00
2.878032221744300401e+00
1.057819526623969386e+00
0.000000000000000000e+00
1.730775303095290374e+00
0.000000000000000000e+00
2.327286705245663168e+00
1.032010748323988647e+00
2.149234729154934076e+00
1.531309919513882845e+00
0.000000000000000000e+00
3.360836769723262840e+00
2.028955893423764145e+00
9.636548070799616506e-01
0.000000000000000000e+00
2.017598823187339019e-01
1.832754420710769105e+00
0.000000000000000000e+00
1.634942432476138796e+00
1.386459060302633661e+00
8.368169768903733763e-01
1.305874593422898133e+00
9.623622443075370292e-01
1.270940188229601198e+00
2.627437188402463430e+00
2.095589278369373698e+00
1.962298178360287082e+00
1.042342906414514214e+00
1.644187787742006357e+00
8.184590583418259735e-01
1.378240622657433967e+00
2.049069448622721445e+00
9.364316485614289365e-03
6.962240444676438544e-01
0.000000000000000000e+00
0.000000000000000000e+00
0.000000000000000000e+00
1.888032989718879229e+00
0.000000000000000000e+00
2.554979274575574610e+00
2.467890423838711378e+00
1.050469352754509700e+00
2.912637914398376715e+00
1.517870549198456320e+00
1.744420279741109248e+00
5.852438775136392657e-01
1.327094805858433979e+00
2.749167646708245982e+00
1.291510646438880361e+00
2.790802399621127527e+00
1.456714481498759373e+00
1.061845412195167558e-02
1.042602584945374167e+00
1.389697718846250041e+00
1.889975582683572242e+00
4.967494016269211610e-01
2.592182697503657152e-01
1.181867466535364564e+00
2.395370632619063245e-01
