# Ensemble A, m = 25.0, lambda = [  6.52783692e-09  -5.57182468e-09   0.00000000e+00   1.13140726e-09]
2.700312683140486225e+00
2.373625623921375161e-01
1.525883078727904962e+00
2.095297127440757468e+00
2.395450623474616680e+00
0.000000000000000000e+00
1.838044811220261643e+00
1.597030266915985042e+00
1.982913015779074195e+00
1.542567197060586093e+00
1.813557949164855909e+00
1.479689698268060072e+00
9.744115100270972496e-01
7.842097318701445330e-01
1.371943191846331178e+00
1.325244864531864408e+00
1.844052047817199780e+00
9.680472754797252444e-01
1.039692097114090830e+00
1.740213504207979989e-01
1.614583088468181105e+00
2.532998209091969155e+00
1.301089204724612536e+00
0.000000000000000000e+00
1.696368374029570525e+00
0.000000000000000000e+00
1.484805843692594607e+00
8.991468285301855712e-01
1.512121012058579961e+00
1.260239967740546696e+00
8.243251733125570579e-01
2.222559419554573701e+00
1.743451602547797963e+00
1.285412814186730035e+00
0.000000000000000000e+00
2.481249142932478779e+00
1.632277657212564570e+00
9.665176144838742989e-01
0.000000000000000000e+00
6.239073599652905644e-01
1.662741962312441535e+00
2.647090545725212962e+00
1.241132595870396482e+00
1.260426104666289238e+00
6.173143077606170204e-01
2.258824173697427273e+00
6.087679893561832589e-01
8.308072614135593170e-01
1.118992207238523218e+00
2.019528552745992744e+00
1.093711252592552308e+00
6.745097928193323211e-01
4.507259197970853726e-01
0.000000000000000000e+00
1.864368524015078243e+00
9.755581298993994122e-02
1.321885995052897389e+00
0.000000000000000000e+00
5.590902000855831888e-01
4.618556390555725866e-01
0.000000000000000000e+00
0.000000000000000000e+00
2.201553541080730536e+00
7.149667164730707514e-01
2.058482676119280930e-01
1.872288630325837699e+00
9.509682822018562520e-01
2.055169338937191892e+00
5.032556371068699352e-01
2.119508426398726719e+00
3.547001268750004099e-01
3.021561513782298203e+00
1.606765557379398413e+00
2.138371950601293481e+00
9.938041039676024369e-01
1.342126655006338654e+00
1.813965249850656436e+00
1.316780333257811186e+00
1.743464827026275366e+00
1.252248347316357036e+00
8.228437354589074326e-01
1.851885394432515541e+00
1.298222986636196064e+00
8.482737967561004844e-01
1.900641135871022680e+00
8.085756598928381944e-01
8.654691907340210655e-01
1.628773994847738882e+00
6.581659844996807784e-01
8.663970179787692238e-01
2.128754806385105169e+00
4.917151900873353854e-01
8.593680862966760481e-01
4.246222615360799035e-01
1.942499935313717341e+00
1.207314975308612315e+00
9.006691351326870931e-01
3.273693142134241618e-02
2.055599850733639489e+00
0.000000000000000000e+00
