# Ensemble A, m = 25.0, lambda = [  4.66023537e-09  -4.11518111e-09   0.00000000e+00   1.24518839e-09]
2.559467063082379035e+00
0.000000000000000000e+00
1.404285056979011959e+00
2.524761089636857747e-01
1.009808374928285093e-03
1.099987109486994658e-01
8.408259841219102304e-01
1.817451082586975519e-01
1.150193660288308717e+00
5.928400338425147131e-01
0.000000000000000000e+00
0.000000000000000000e+00
1.551083375547259058e+00
2.302016435382336912e-01
0.000000000000000000e+00
1.145523932570516212e+00
1.594729720155970698e+00
1.232474287440539218e+00
1.635238231721452440e+00
6.334122097407447471e-01
1.229371336135099302e+00
0.000000000000000000e+00
5.848036736359640830e-01
3.300568292035365586e-02
1.206222290502679921e-02
1.216661741863676927e+00
0.000000000000000000e+00
1.966093497076492946e+00
0.000000000000000000e+00
8.397846529924947179e-01
0.000000000000000000e+00
0.000000000000000000e+00
1.364134196260740062e+00
0.000000000000000000e+00
5.545927094157961784e-02
0.000000000000000000e+00
0.000000000000000000e+00
1.441482673684497451e+00
6.555504992632682493e-01
8.975528706996583894e-01
3.042146725146067654e-01
1.946647095242249985e-03
1.165688363732401367e+00
2.564417174042868952e-01
6.826221554651443757e-01
6.246408107349544769e-01
1.059422016262806521e+00
8.569296414676411677e-01
6.359318647171203764e-01
0.000000000000000000e+00
2.122366891757892782e-01
2.242528217335103616e-02
0.000000000000000000e+00
3.446193895798334572e-01
6.848945771231417234e-01
0.000000000000000000e+00
1.653672146216982775e+00
1.973181055687309449e-01
2.827505449539062798e-01
2.124476845226053179e+00
1.394760964350427512e+00
6.138059163149256481e-01
1.350488132756297865e+00
5.851649880968762263e-01
2.515777993476944197e+00
1.497241152110146301e+00
3.968621000523588349e-01
1.199547538767788968e+00
1.307856280960255857e+00
1.116842507280474184e+00
1.145645236994910388e+00
0.000000000000000000e+00
0.000000000000000000e+00
1.146009363175276130e+00
1.490828061734828847e+00
1.208298986282833498e+00
4.324682185509030052e-01
5.651520062387453969e-01
1.409394292268253412e-01
5.984125552518644309e-01
0.000000000000000000e+00
0.000000000000000000e+00
6.081205309702221173e-01
9.220064312910142279e-01
1.228334852629757723e+00
1.372926066688961111e+00
3.136884168509598281e-01
1.480522273263231714e-01
1.254462232613639205e+00
0.000000000000000000e+00
6.436411162590137680e-01
0.000000000000000000e+00
2.334474819780119059e-02
1.058485703760758234e+00
1.195832631663047430e+00
6.424698544756887175e-01
1.425196493468219971e+00
1.225179048146005228e-01
1.066038796372139164e+00
1.506941675539380077e+00
