# Ensemble A, m = 25.0, lambda = [  6.24643979e-09  -5.82883506e-09   0.00000000e+00   4.12935538e-10]
0.000000000000000000e+00
0.000000000000000000e+00
4.087837589993479903e-01
4.402255996465506693e-01
7.616303059439537559e-01
0.000000000000000000e+00
0.000000000000000000e+00
3.295173481584767194e-01
0.000000000000000000e+00
0.000000000000000000e+00
0.000000000000000000e+00
1.986940967670364211e-01
0.000000000000000000e+00
8.697650064717911134e-01
0.000000000000000000e+00
0.000000000000000000e+00
0.000000000000000000e+00
8.838186958062409504e-01
0.000000000000000000e+00
1.098579779643014780e-02
8.269237648325513668e-01
6.511997272709914020e-01
0.000000000000000000e+00
1.591787045689282198e+00
0.000000000000000000e+00
1.216926077795314143e+00
0.000000000000000000e+00
5.997614159960370506e-01
5.901209375301449400e-01
0.000000000000000000e+00
5.778719981487157042e-01
0.000000000000000000e+00
1.052109362134780346e+00
0.000000000000000000e+00
0.000000000000000000e+00
6.158427620552181514e-01
0.000000000000000000e+00
6.910958025708744401e-01
1.150028095519879612e+00
0.000000000000000000e+00
0.000000000000000000e+00
8.363570789144851858e-01
0.000000000000000000e+00
0.000000000000000000e+00
2.484551628838268800e-01
0.000000000000000000e+00
3.756174252837143901e-01
0.000000000000000000e+00
0.000000000000000000e+00
0.000000000000000000e+00
0.000000000000000000e+00
6.006320335165628022e-01
3.038555506812137819e-01
0.000000000000000000e+00
0.000000000000000000e+00
0.000000000000000000e+00
2.235898437693396301e-01
0.000000000000000000e+00
0.000000000000000000e+00
1.134211436690611974e-01
0.000000000000000000e+00
1.298722032723549358e+00
1.328145877074935477e-01
3.640588162135635630e-02
4.470599928183462413e-01
0.000000000000000000e+00
0.000000000000000000e+00
0.000000000000000000e+00
0.000000000000000000e+00
4.491590717838805369e-01
0.000000000000000000e+00
0.000000000000000000e+00
6.545122199751560732e-01
2.543932755814084512e-01
8.631927586853248568e-01
8.372317242947221461e-01
0.000000000000000000e+00
0.000000000000000000e+00
6.605469322732999693e-01
0.000000000000000000e+00
0.000000000000000000e+00
0.000000000000000000e+00
0.000000000000000000e+00
0.000000000000000000e+00
1.130708545370826990e+00
0.000000000000000000e+00
5.961859751558857834e-01
0.000000000000000000e+00
7.538459014071101638e-01
8.639959145863188722e-03
0.000000000000000000e+00
0.000000000000000000e+00
2.038241429004611638e-01
0.000000000000000000e+00
0.000000000000000000e+00
0.000000000000000000e+00
0.000000000000000000e+00
3.634790509714637130e-01
6.804171322288493640e-01
4.992248904460291348e-01
