# Ensemble A, m = 25.0, c_n/c_p = 0.922580645161, f = -0.984347826087
# lambda = [  5.72389152e-09  -5.19809629e-09   0.00000000e+00   9.30661967e-10]
#  
2.149671669643815619e+00
3.131897894869356325e+00
2.409645932365934495e+00
1.240439663999989506e+00
1.970371150774930413e+00
1.875098696158415290e+00
0.000000000000000000e+00
1.373317304948997952e+00
0.000000000000000000e+00
2.566899407242191344e+00
2.056369895629349021e+00
1.937084566413274977e+00
2.592182697503657152e-01
1.295289498456151600e+00
1.046799068184794068e+00
2.720212783081916719e+00
2.338490918165273769e+00
1.445915012896424878e+00
1.772734023627229982e+00
1.979280298238322633e+00
0.000000000000000000e+00
2.479199781010680503e+00
0.000000000000000000e+00
1.037229444581081557e-03
7.702958235315843227e-01
1.655136575490725015e+00
1.229333717017993877e+00
1.492028643019110756e+00
1.577175903572474391e+00
0.000000000000000000e+00
4.963988659127669956e-01
1.652306985873458700e+00
1.003915295185149770e+00
8.280966494317325566e-01
1.833502222872085197e+00
1.941913753600345238e+00
1.378240622657433967e+00
1.100326255151675703e+00
6.056667247770051166e-01
1.113518082244668417e+00
2.074620916699122297e+00
0.000000000000000000e+00
3.443780091116831699e+00
1.256411235166895679e+00
2.451616883539269320e+00
1.621917520581742878e+00
0.000000000000000000e+00
0.000000000000000000e+00
2.379322196652809751e+00
1.002119813621804134e+00
4.456273196610694987e-01
1.814480953543212038e+00
0.000000000000000000e+00
1.123166146334557247e+00
9.036627378519275222e-01
1.400279885354206666e+00
1.149573984173739793e+00
1.396191347819770945e+00
2.295395716842293155e+00
6.713121874036432901e-01
0.000000000000000000e+00
9.896876581670591699e-01
1.474633141702939465e+00
5.764903416087221455e-01
1.101167230086688154e+00
2.251657166956973377e+00
8.834493400641696415e-01
1.865766673740447912e+00
2.847963131243720358e+00
1.994808516941790177e+00
0.000000000000000000e+00
1.996350143734614502e+00
1.599196684744237817e+00
2.305310618124813971e+00
1.791976636178732818e+00
1.281124146249400797e-01
1.344914111257076605e+00
1.684793406407558702e+00
2.911320789575665424e-01
2.737371613348817956e+00
1.752634491094772207e+00
0.000000000000000000e+00
1.063525532579811195e+00
8.188062944200993343e-01
1.595230340007780523e+00
2.761549833218114536e+00
1.515900204779530247e+00
1.123166146334557247e+00
1.371761166619335892e+00
2.081094119411637688e+00
5.685364691821692684e-01
0.000000000000000000e+00
0.000000000000000000e+00
1.671420309940577997e+00
1.703320537259209511e+00
1.875450634775019276e+00
1.015012142736500644e+00
1.330546170033495068e+00
0.000000000000000000e+00
2.334076070736263997e+00
