# Ensemble A, m = 25.0, c_n/c_p = 0.806451612903, f = -0.983043478261
# lambda = [  8.66036632e-09  -6.86573922e-09   0.00000000e+00   1.28070493e-09]
#  
3.356955776505454736e+00
1.776130925149585371e+00
1.333602751806762132e+00
1.780130737171027988e+00
1.496628114324963121e+00
2.279775576363820111e+00
3.163883749044990701e+00
1.326830947747514866e+00
2.313163849720448972e+00
5.763131011138871163e-01
2.195280795004395102e+00
3.288993140755950506e+00
2.727960502227678941e+00
1.250459090139629303e+00
3.328435958490856272e+00
3.121317983527990059e+00
1.873868506591969574e+00
2.965374551734321074e+00
3.174210552160527943e+00
0.000000000000000000e+00
2.856335764628735951e+00
2.795524105756858724e+00
4.548489885096090646e+00
3.745248581231229945e+00
2.144785820840007684e+00
2.058052941134719038e+00
2.996803792663091048e+00
3.072812746606649714e+00
2.015877354584172831e+00
3.445741336975731706e+00
1.348868283423551251e+00
1.893369486963620174e+00
1.001364510008432074e+00
3.842736384012147788e+00
3.150168836277138951e+00
2.997328863165002133e+00
4.156712814236325215e+00
2.909807452557874541e+00
3.311654734213222540e+00
4.026424662551376876e+00
2.538982201924008031e+00
2.140049161905579034e+00
2.901327604023121065e+00
2.081295907206074602e+00
3.985373961985929636e+00
4.788591969741456289e+00
3.526703435833993705e+00
3.595745472580428537e+00
1.931218136555152842e+00
2.163031958726476578e+00
1.624140825130684584e+00
1.074501958145519520e+00
2.157587800799201982e+00
2.542851012003105371e+00
3.188448268623504944e+00
4.810351398866938410e+00
2.162375746188363035e+00
1.824251118216800638e+00
3.527156627282755252e+00
2.041319180823667701e+00
2.130497598630817890e+00
2.604682501145752394e+00
2.624689118111864339e+00
3.434111004995529903e+00
2.502678901727434901e+00
1.905532753392812806e+00
3.578662138707221274e+00
1.422379032402487420e+00
2.412696134640755385e+00
2.721213219032736941e+00
4.331204845527325098e+00
2.413683734792127833e+00
2.784470454120609784e+00
2.482356325225633320e+00
2.124209274326761321e+00
3.304854020758662525e+00
1.906007013212579704e+00
1.761259693136238758e+00
1.695633719769134462e+00
2.818648069917779164e+00
2.851717026357149631e+00
2.704003102883846932e+00
2.784470454120609784e+00
2.509204026077055172e+00
3.008184226965826547e+00
2.957321935133640167e+00
1.214692684898301511e+00
3.371590403176448980e+00
2.083087232088062901e+00
2.830779410421594200e+00
3.555235212947398971e+00
4.799810544607499452e+00
2.650538339839795032e+00
1.988589145604220398e+00
2.305365016306865300e+00
1.405343356170441593e+00
1.674937178180242237e+00
1.691259985207237415e+00
2.016116833643640582e+00
3.320294605650768283e+00
