# Ensemble A, m = 25.0, lambda = [  7.38197785e-09  -4.87754831e-09   0.00000000e+00   1.47586858e-09]
0.000000000000000000e+00
1.313251448619880080e+00
7.481216690665157820e-01
2.415131529179120606e-01
3.540590193068537395e-01
5.413732004731022229e-01
2.725317910719939452e+00
1.093044573216481075e+00
0.000000000000000000e+00
0.000000000000000000e+00
7.850073092669845876e-01
4.406653033155091270e-01
0.000000000000000000e+00
0.000000000000000000e+00
1.310350846650038870e+00
4.738913429786582032e-01
7.015812297284304000e-01
3.676370402432340700e-01
8.960492401012749852e-02
0.000000000000000000e+00
0.000000000000000000e+00
0.000000000000000000e+00
3.588642357737258926e-01
1.289603923158232079e-01
1.173168608329043572e+00
8.804197852740786034e-01
9.587189685009078755e-01
1.461660470655319344e+00
0.000000000000000000e+00
0.000000000000000000e+00
1.301766997326545106e+00
0.000000000000000000e+00
2.669464921886619546e+00
1.639815055770061925e+00
1.135646151704110540e+00
7.794950847158228502e-01
0.000000000000000000e+00
7.448667409281735097e-01
1.666015287922676169e+00
5.785505230092276019e-01
0.000000000000000000e+00
9.393956202938359423e-01
1.158033553973730090e+00
2.093786981115247858e+00
5.140361486010972536e-01
1.458751333453339460e-01
2.035857405000083276e+00
9.615893080451216601e-01
1.893646154118453939e+00
0.000000000000000000e+00
2.266799367402435803e-02
5.777787999402236307e-01
0.000000000000000000e+00
0.000000000000000000e+00
6.069004056167104366e-01
9.699005981819943667e-01
0.000000000000000000e+00
9.797860882137261751e-02
1.034323437469348406e+00
2.956139129802646814e-01
5.529981177880056824e-03
0.000000000000000000e+00
4.957280855669179975e-01
1.149687956690159663e-01
9.945821542131395576e-01
7.755555704452657961e-01
2.376839691884258698e+00
0.000000000000000000e+00
9.029802607242735091e-01
0.000000000000000000e+00
8.646781721050437186e-01
2.589114158047689962e+00
5.857932972789960946e-01
1.372360997697124496e+00
4.599332267392305940e-01
0.000000000000000000e+00
1.413582888523002623e+00
1.685904163642944487e-01
1.410024670710207761e+00
0.000000000000000000e+00
1.317276625616921049e+00
8.850692887003998033e-01
2.425634709255818144e+00
7.449990317803908274e-03
7.581996276687700265e-01
2.646568976462552847e+00
3.508910792912953713e-01
1.246609262928262234e-02
2.238698153986556694e+00
9.033562477588221729e-01
0.000000000000000000e+00
1.222386415891066447e+00
7.740620199971203208e-01
1.351675315833866575e+00
6.956411212772669606e-01
2.039557037174718701e+00
4.876001617193000404e-01
1.924746355896359562e+00
0.000000000000000000e+00
2.585771488760453887e-02
