# Ensemble A, m = 25.0, c_n/c_p = 0.935483870968, f = -0.981739130435
# lambda = [  5.36457462e-09  -4.92683135e-09   0.00000000e+00   9.54675031e-10]
#  
5.576958133814499119e-01
9.409194007895517187e-01
2.122734805633641919e+00
8.980299369466019366e-01
2.811115129155322467e+00
2.218535263661853385e+00
2.775695978967377964e-01
5.733828721887415103e-01
1.653788236189078997e+00
3.982158288515888489e-01
1.366996252345397567e+00
1.374526319780366990e+00
0.000000000000000000e+00
2.807023639942558546e+00
7.370061156888231269e-01
0.000000000000000000e+00
6.640846280255248146e-01
2.385094432489576644e+00
1.387099214788150014e+00
1.218791855559512749e+00
1.950277338081053191e+00
8.969689611336342239e-01
0.000000000000000000e+00
2.883432445728661087e+00
7.196260518250975347e-01
0.000000000000000000e+00
4.179758077204817623e-01
1.291510646438880361e+00
1.206901951668246653e+00
1.237031423311024003e+00
2.234391750363120821e-01
2.359460602577470478e+00
1.528684678724274049e+00
1.858852208340395773e+00
2.848977599963436802e+00
1.928817866330571729e+00
9.921017308373003551e-01
2.405749570395689041e+00
2.056644385985789913e+00
2.040136213990453751e+00
0.000000000000000000e+00
4.561128778356483560e-01
1.900338245511577595e+00
3.563431623424103467e+00
3.330736525956337513e+00
9.810843142277323459e-01
2.005373745902776506e+00
5.774843445452788604e-01
0.000000000000000000e+00
2.728385624380125218e+00
0.000000000000000000e+00
2.628977670234560637e+00
1.427902952456306052e+00
2.562942208323380378e+00
2.016343196545586025e+00
9.307699361333899857e-01
1.572559363791630194e+00
0.000000000000000000e+00
0.000000000000000000e+00
0.000000000000000000e+00
8.228410565894072048e-01
2.562685455199122053e+00
0.000000000000000000e+00
1.190410009541102987e+00
1.247399571514450578e+00
1.818202066693297647e+00
0.000000000000000000e+00
8.814101530994707945e-01
1.484587105227122894e+00
1.623706179085471213e+00
1.621755582868677825e+00
2.240922682620465067e-01
1.619687518054598208e+00
3.740152738603263471e-01
1.001856628924267634e+00
7.349886860269533306e-01
1.531309919513882845e+00
0.000000000000000000e+00
0.000000000000000000e+00
2.794748310633227817e+00
0.000000000000000000e+00
2.312015446623359338e+00
1.090625539141971245e+00
4.050055514210956775e-01
1.353492524279071407e+00
1.612915167892749357e+00
9.529182797415577388e-01
1.088721478471564419e+00
3.047706915328105559e+00
1.698433431278386418e+00
1.418518696760938003e+00
3.370946599304405655e+00
2.843304903280134077e+00
1.219726921173223566e+00
2.087993302291106357e+00
3.240683288731430522e+00
1.331396440420699268e+00
2.569893486957860240e+00
0.000000000000000000e+00
2.024138381240363049e+00
