# Ensemble A, m = 25.0, lambda = [  8.49114630e-09  -5.06113406e-09   0.00000000e+00   1.21208502e-09]
3.577853505198406725e-01
7.374614602787635809e-01
9.922631266446509946e-01
3.485123957515385285e-01
0.000000000000000000e+00
7.859090768356330470e-01
1.163747489904044308e+00
0.000000000000000000e+00
4.077684378890952810e-01
0.000000000000000000e+00
0.000000000000000000e+00
1.290964983732679094e+00
9.674910404525791652e-01
4.347043833781977784e-01
0.000000000000000000e+00
1.516299891531933008e+00
5.602114654596996868e-01
0.000000000000000000e+00
3.321652158201010008e-01
0.000000000000000000e+00
1.321895741490674236e+00
0.000000000000000000e+00
2.571698122234242212e-01
1.087584546016212350e+00
2.891198616738518967e-01
0.000000000000000000e+00
0.000000000000000000e+00
9.412271327098623575e-01
0.000000000000000000e+00
0.000000000000000000e+00
1.141060380112778549e+00
1.716814051935076746e+00
1.427183899044619286e+00
0.000000000000000000e+00
1.420903029109699123e+00
1.071509069051778118e+00
2.874903300235390979e+00
6.971544537577084588e-01
6.046975894547472752e-01
2.110358058252277846e+00
1.910438601964983274e+00
0.000000000000000000e+00
0.000000000000000000e+00
1.023637604985171423e+00
1.612547484221031613e-01
0.000000000000000000e+00
9.729429615309186374e-01
9.837764049942168132e-01
2.937028931383259822e-01
2.352932727545860025e-01
8.793709896138981463e-01
1.749307263145402302e+00
0.000000000000000000e+00
4.930801450413990206e-01
6.495923577019570017e-01
0.000000000000000000e+00
1.168927172917014534e+00
9.810979775879268283e-01
0.000000000000000000e+00
7.925692684237933827e-01
0.000000000000000000e+00
0.000000000000000000e+00
4.877287866955491991e-01
1.519223487669936645e+00
1.473459475630589433e+00
5.328768584946932257e-02
1.153149207343084015e+00
1.124107194623299888e+00
6.597119941062432602e-01
1.936554140464746276e-01
1.020029357386090352e+00
1.462192374055524047e+00
0.000000000000000000e+00
1.439464532234397964e-01
1.657737513174000421e+00
6.644180704677585814e-01
0.000000000000000000e+00
1.067081700589138232e-01
1.609989315451365144e+00
3.281313967381857544e-01
1.341433301244150833e+00
6.991019099685213956e-01
0.000000000000000000e+00
4.592475832891950716e-01
0.000000000000000000e+00
4.671782865897884385e-01
0.000000000000000000e+00
2.748420141506656700e-01
0.000000000000000000e+00
7.538701381441528238e-01
8.561249675977198326e-01
0.000000000000000000e+00
0.000000000000000000e+00
0.000000000000000000e+00
1.332805948973091237e+00
5.665443983945369633e-01
7.910314864028470394e-01
5.612251443027072018e-01
9.808655251547148124e-01
0.000000000000000000e+00
