# Ensemble A, m = 25.0, c_n/c_p = 0.638709677419, f = -0.977826086957
# lambda = [  9.76523654e-09  -6.09884904e-09   0.00000000e+00   1.30617535e-09]
#  
1.284206606761882030e+00
8.960108548689179608e-01
1.347975009091822329e+00
0.000000000000000000e+00
2.823868425525608128e+00
3.258214879291225330e+00
8.783092179118517917e-01
1.179158096535560807e-01
1.468348706887554478e-01
2.230465430457280983e-03
2.335597533500112455e+00
0.000000000000000000e+00
1.346030295193866966e+00
2.317229285991653676e+00
2.362573354369709444e-01
7.363329271231598971e-01
4.649447139367136606e-01
3.494015582375459283e-01
2.451524963545696156e+00
2.505726709585964218e-01
2.302769964426451266e-01
3.608650067095462433e-01
0.000000000000000000e+00
2.043445667122873566e+00
9.071301969098942708e-01
1.583282151815198269e+00
7.196641846279414612e-01
0.000000000000000000e+00
1.975805010781705340e+00
4.824299318759437891e-03
7.641557669289771315e-01
1.083808479369950846e-02
8.196394201618304454e-01
1.609146552502398020e+00
2.196630812348385309e+00
2.006147717856815671e+00
1.434328069710998355e-01
8.960994840047511456e-01
0.000000000000000000e+00
1.291173743475275693e+00
1.929817131512030048e+00
8.180822673306923365e-01
2.573961801795797699e-01
1.341462708971997930e+00
0.000000000000000000e+00
9.176084935606730886e-01
2.138553019191917315e+00
1.375421220425228519e+00
1.778063478465912839e+00
4.923693322241136650e-01
2.123072268824940600e+00
9.655522142839140232e-01
5.374212864192932093e-01
1.679352470713076251e+00
1.037988399026435138e+00
0.000000000000000000e+00
5.731326927472533139e-01
5.721038400581567318e-01
4.929830258991687100e-03
5.909239319319065098e-01
1.686964865427349691e+00
1.897429338613260796e+00
8.792931859328519950e-01
1.208415389784484262e+00
1.487547475361606697e+00
2.471793868647283787e+00
2.931927021196839567e-02
1.368931861680991569e+00
2.371359449271736863e-01
1.810869127031674797e+00
3.509608382362038870e-01
1.551806617793415777e+00
2.729086401670752338e+00
4.839196538679849113e-01
1.450122806289287247e+00
0.000000000000000000e+00
4.196377219309221362e-01
7.364908212557762512e-01
3.109561176444850972e+00
8.435554475283990605e-01
0.000000000000000000e+00
8.821891054064421311e-01
2.023217912936684293e+00
0.000000000000000000e+00
1.582042111253540578e-02
9.043793014438712419e-01
0.000000000000000000e+00
3.226943127799889455e-01
2.646413511788156203e+00
1.535032618047377007e+00
2.058238317647513860e+00
1.828624430449840910e+00
0.000000000000000000e+00
1.196821741057857214e+00
1.586174693465736363e+00
1.050702172648517951e+00
9.002168798466794186e-01
0.000000000000000000e+00
3.944040930965152514e-01
1.993000310943109366e+00
