# Ensemble A, m = 25.0, lambda = [  4.69464258e-09  -3.99351827e-09   0.00000000e+00   1.33274184e-09]
8.985194966374123737e-01
7.930432681054023769e-01
2.767488513942855666e-01
9.891486136972071908e-01
9.912387383867543589e-01
1.102665588523400686e+00
1.042074099293183398e+00
2.415669769888176832e-01
0.000000000000000000e+00
4.303174991045016773e-01
1.496443144555021920e-01
2.185060369790170043e+00
0.000000000000000000e+00
1.350190158034657436e-03
1.619563324745054433e-01
8.521642082173548349e-01
0.000000000000000000e+00
0.000000000000000000e+00
1.326088911103221246e+00
1.016411682666136018e+00
1.014944687393127681e-01
0.000000000000000000e+00
0.000000000000000000e+00
7.022225957814870467e-01
1.093899752800004510e+00
0.000000000000000000e+00
0.000000000000000000e+00
0.000000000000000000e+00
7.314511353805108751e-01
7.433384324976907154e-01
0.000000000000000000e+00
1.950638189853115989e+00
0.000000000000000000e+00
1.727139916601029723e+00
6.473560165094995877e-01
0.000000000000000000e+00
5.733036133035501747e-01
3.313141133292571427e-01
1.197852371048816922e+00
2.367784762844368784e-01
2.640794359614771492e-01
1.607959543803616276e+00
2.538632214114484142e+00
2.141121271183086261e+00
6.982770145866671330e-01
9.471476410082610986e-01
0.000000000000000000e+00
9.961126526221379951e-01
4.078050108541196872e-01
1.910384636043620299e+00
1.089158933325264700e+00
2.209493993129776346e+00
3.593257906951999314e-01
5.348369722603658893e-02
0.000000000000000000e+00
3.613259002063646808e-01
7.166423073481887566e-04
3.640307408298569286e-04
9.212071670991549555e-01
1.646221172763069340e+00
1.540251666487550741e+00
2.212434856579699627e+00
4.007209521223480397e-01
2.004575216656223624e+00
4.174020978701713513e-01
1.239506647497718994e+00
0.000000000000000000e+00
0.000000000000000000e+00
0.000000000000000000e+00
1.596824050117625848e+00
6.715455136158077210e-01
1.585829823437531871e+00
0.000000000000000000e+00
1.892975261189086211e+00
2.389542141812923525e-03
2.172866153059399785e+00
0.000000000000000000e+00
0.000000000000000000e+00
7.664399979110027017e-01
1.653203836208515520e+00
0.000000000000000000e+00
1.101859541806643028e+00
0.000000000000000000e+00
1.630899234845059276e+00
1.793014835202656698e+00
4.175066706279423889e-01
1.961044906688495404e+00
1.457415353400322910e+00
2.795157452493919781e+00
0.000000000000000000e+00
0.000000000000000000e+00
1.165603087403838806e-01
1.124580461299943046e+00
6.817982643869009707e-02
0.000000000000000000e+00
0.000000000000000000e+00
8.411256622245270043e-01
8.618131626357439234e-01
1.818285661658230579e+00
2.416548741587845495e+00
