# Ensemble A, m = 25.0, c_n/c_p = 0.754838709677, f = -0.990869565217
# lambda = [  1.34516240e-08  -1.00610978e-08   0.00000000e+00   1.36897657e-09]
#  
4.626455443359306585e+00
4.566161968310835206e+00
3.028481877290775781e+00
3.666768288581187640e+00
5.010769271833195759e+00
2.477794268899484287e+00
4.035153718986371096e+00
4.085560159326692364e+00
2.937938805167503276e+00
4.737280370237131777e+00
4.080539242161266955e+00
3.593485353016009576e+00
3.517765547320220954e+00
3.665874854016021089e+00
2.462599256684566917e+00
4.756264176957037293e+00
3.538558584252931016e+00
2.314279899991989797e+00
2.350139473570397541e+00
3.054092201566643627e+00
1.858704761387156568e+00
4.912879094719172279e+00
4.611817289347150961e+00
3.444277478084384114e+00
2.906588404056163810e+00
2.961901399142608415e+00
4.174702539485254604e+00
4.387133576393743795e+00
2.446238903564062817e+00
4.262306051869460433e+00
3.265519092945004864e+00
3.564153317800766718e+00
1.906507927510553646e+00
3.946696424586516372e+00
4.344919606488612196e+00
3.520490816839890513e+00
3.479844942464751512e+00
3.710447199504857796e+00
4.068527817220566334e+00
3.266225790335393064e+00
5.081881578002275468e+00
1.428095071515184111e+00
4.421978408331125543e+00
3.821845966477880108e+00
2.845240976524808563e+00
2.968801947086467052e+00
3.757430483790936471e+00
2.552945224346374609e+00
4.558199575030720041e+00
2.849135909122691768e+00
3.395928454407890928e+00
3.060839373882628500e+00
1.550688931789214742e+00
4.344997891139136037e+00
3.086199474958862154e+00
2.861186348772009058e+00
4.325710852211777535e+00
3.293992188597623105e+00
4.792212431369112124e+00
4.204232230103702506e+00
4.015218289634069571e+00
4.208600823350560738e+00
2.585483835853282564e+00
4.730422878632956518e+00
4.475559907682844951e+00
3.101363695691650157e+00
4.536286848523044313e+00
4.863998661395039669e+00
2.931641395070267997e+00
3.116240610906984898e+00
4.525002275402551177e+00
3.829582688720625683e+00
3.876904049308173672e+00
4.234834935485466190e+00
3.713538682980703776e+00
3.980932604465612812e+00
3.771281945745000641e+00
3.046212747949574418e+00
3.698117568614566419e+00
4.419880869286578751e+00
2.813415876757291656e+00
4.226148487247863628e+00
2.830745877847585579e+00
3.870554499315222330e+00
3.568911564166915351e+00
4.244080215919264987e+00
4.817464237268413996e+00
3.516292655997907968e+00
2.536655216647535127e+00
1.464493835329849780e+00
4.266857240970121978e+00
3.443828110086995853e+00
4.856615504750197765e+00
4.226333004448438402e+00
3.078458549117650378e+00
3.399296811946374230e+00
2.000018141408451466e+00
3.823712936716908928e+00
4.258762903867420846e+00
3.958844092870270615e+00
