# Ensemble A, m = 25.0, lambda = [  8.38369449e-09  -6.63427437e-09   0.00000000e+00   1.30311887e-09]
1.506708742932043821e+00
0.000000000000000000e+00
1.170905359759248032e+00
1.229623911191788821e+00
1.901973219453667152e+00
0.000000000000000000e+00
3.299582416342319302e+00
3.100912769887633313e+00
1.879299445049744222e+00
2.960162619942077189e+00
9.952983870189033855e-01
2.111736819455858338e+00
2.122088213419635327e-01
2.196619930786544828e+00
2.587329241369202837e+00
3.052634180326917690e+00
1.147149256413459106e+00
2.100661709104017394e+00
3.770467455518992317e+00
1.919106161376628664e-02
2.028365904259008534e+00
1.805385690044625679e+00
1.377970557679800478e+00
2.046360718193569461e+00
7.575461178464197864e-01
2.688852942611871022e+00
9.103031587876803110e-01
1.855566343619151848e+00
1.305860960904945856e+00
2.726568887084292458e-01
1.092168158724240667e+00
2.719957853229648226e+00
2.147376587096502032e+00
2.108112975891571761e+00
2.937628052188749006e+00
1.329911223213573024e+00
2.378461144951419470e+00
1.661614462408113280e+00
2.530150594619565041e+00
1.278953298870417088e+00
1.479998020240169687e+00
1.918675501965668273e+00
1.256132370810710608e+00
2.490896311722076817e+00
2.365902259685908615e-01
2.670211916060540425e+00
2.171539808039813835e+00
8.929012866389468561e-01
1.433535931280481623e+00
2.326279952837954745e+00
2.336562953039595047e+00
1.056593521335120744e+00
1.959454013413474804e+00
1.894249764120448987e+00
2.270966610771487204e+00
1.591751899336222742e+00
1.800961547516910732e+00
1.426378320902291108e+00
2.023659842821904586e+00
1.370369706587460046e+00
3.354917332870348545e+00
2.298908624535134226e-02
2.530163761827332713e+00
1.718730560739840207e+00
1.532954313793923884e+00
1.089356143214455397e+00
1.460955757613660699e+00
2.439410726985141498e+00
8.046044288344232909e-01
0.000000000000000000e+00
3.010523137648009606e-01
5.404572621837860913e-01
1.865055435369750825e+00
1.989700301385749492e+00
1.447961579305743873e+00
7.920961422504541050e-01
1.945153661489568808e+00
2.541248104448297962e+00
1.929930350557479635e+00
2.740605328990061151e-01
1.811891834362638676e+00
1.336341450711962420e+00
0.000000000000000000e+00
5.390737471876492215e-01
2.972697096817575435e+00
1.660421682093234708e+00
1.290632007376368406e+00
9.589327074422387964e-01
3.101831478361710026e+00
3.140147523283420838e+00
2.587218812160085868e+00
2.610707823907269187e+00
2.276421613035983338e+00
2.236449333279732166e+00
2.488297590980944829e+00
3.103579486175051194e+00
1.879141589282024905e+00
1.654595357068838535e+00
2.334226006078151894e+00
7.058283002893459557e-01
