# Ensemble A, m = 25.0, c_n/c_p = 0.625806451613, f = -0.979130434783
# lambda = [  9.71724422e-09  -5.95420392e-09   0.00000000e+00   1.23588216e-09]
#  
0.000000000000000000e+00
5.622538757118429598e-02
4.183974205510373467e-01
2.566753325850458789e-01
8.783092179118517917e-01
0.000000000000000000e+00
5.464802531363389670e-01
1.315481187739707014e+00
2.031358181920740247e+00
8.496006057498416142e-02
1.253911779239781144e+00
9.487798654959643530e-02
0.000000000000000000e+00
1.161134661354776831e+00
1.125903549618914173e-01
1.244055986911579148e-01
9.953299387269073373e-01
1.836989206935643715e+00
5.910797136712587774e-01
1.592045829281202751e+00
4.865849847063986600e-01
6.568060741567969922e-03
1.425745115125636175e+00
1.405825092181347991e+00
1.297997007519516410e+00
1.758858451891224473e+00
0.000000000000000000e+00
4.867029511654903939e-01
0.000000000000000000e+00
1.347223924029861797e+00
3.102423989360913570e+00
8.127367854788189461e-02
0.000000000000000000e+00
0.000000000000000000e+00
4.852295415693833602e-01
1.223745281224623838e-01
3.904256455588580588e-01
8.587093717637338530e-01
0.000000000000000000e+00
3.018956696346875024e-01
1.545230856630954996e-01
1.620229062774846351e+00
1.540396439262476047e+00
1.303509749351952074e+00
1.303849728189307555e+00
6.545214548963391721e-01
0.000000000000000000e+00
1.435623054145314548e+00
0.000000000000000000e+00
7.425718195910603336e-01
0.000000000000000000e+00
3.705974206465606491e-01
1.088626669503670374e+00
7.227438898674852785e-01
1.622040606205804369e+00
2.674250565324656215e+00
5.038798950153158263e-01
2.843040850262149366e+00
5.414226646379770580e-01
9.852422618349337968e-01
1.732053202867598785e+00
0.000000000000000000e+00
1.585713085788041266e+00
5.523648915108271273e-01
1.711144313055698030e+00
0.000000000000000000e+00
2.244553671905558989e+00
0.000000000000000000e+00
1.510654680727256283e+00
2.935772654727285325e+00
0.000000000000000000e+00
4.041816238126832439e-01
0.000000000000000000e+00
0.000000000000000000e+00
3.541216816170377757e-01
1.155903079409134504e+00
8.587093717637338530e-01
4.580629545178346862e-01
9.324152556846836484e-03
1.156946981808412822e+00
0.000000000000000000e+00
1.307191567156226419e+00
0.000000000000000000e+00
8.921994801382939766e-01
1.571556678431610177e+00
5.386404880128886630e-01
1.978031889191142825e-02
1.193368148875412871e+00
0.000000000000000000e+00
1.079441051573746924e+00
1.196754274116510697e+00
2.103600169137898046e+00
5.312758783416680064e-01
6.237934426114637859e-02
8.677791631293814145e-01
4.113460719181407099e-01
0.000000000000000000e+00
1.860859668077315468e-02
2.373842340581110155e-01
1.383935950535059023e+00
