# Ensemble A, m = 25.0, c_n/c_p = 0.922580645161, f = -0.996086956522
# lambda = [  6.47876318e-09  -5.95379255e-09   0.00000000e+00   5.28254871e-10]
#  
0.000000000000000000e+00
0.000000000000000000e+00
0.000000000000000000e+00
1.375908715088159484e+00
1.469055770040850639e+00
2.102542458975750872e+00
1.028568996232489763e+00
0.000000000000000000e+00
0.000000000000000000e+00
0.000000000000000000e+00
1.305494558183554643e+00
0.000000000000000000e+00
1.341760240963035589e+00
1.489175399941345290e+00
0.000000000000000000e+00
0.000000000000000000e+00
5.046608927333912087e-01
9.924144124328827532e-01
0.000000000000000000e+00
0.000000000000000000e+00
0.000000000000000000e+00
1.412783281206924979e+00
1.476216915846767952e+00
0.000000000000000000e+00
2.105366285407450633e+00
2.120578104824548671e+00
1.559942148414565466e+00
1.636000118880307941e+00
2.372861372198936447e+00
0.000000000000000000e+00
1.809785117983516045e+00
2.017968942836370072e+00
9.061812892910598993e-01
0.000000000000000000e+00
8.194594262872789692e-01
0.000000000000000000e+00
1.752670341468216986e+00
3.950327514808169571e-01
1.774016353715271999e+00
0.000000000000000000e+00
1.332007240795643810e+00
1.713935252134219045e+00
1.172641058373507184e+00
5.345025750487560900e-01
0.000000000000000000e+00
1.821850791250182011e+00
0.000000000000000000e+00
0.000000000000000000e+00
0.000000000000000000e+00
3.883910374924673392e-01
9.820103929783067231e-01
2.603347831681614544e+00
1.175417575898501488e+00
0.000000000000000000e+00
0.000000000000000000e+00
9.487532296939286125e-01
1.785755086988949580e+00
1.083755964880280587e+00
7.377334011970171357e-01
5.761433625989548224e-01
0.000000000000000000e+00
0.000000000000000000e+00
1.926062230801271369e+00
5.886567895904660785e-01
0.000000000000000000e+00
0.000000000000000000e+00
2.293055549477372779e+00
1.850073137289607095e+00
0.000000000000000000e+00
1.240145284861853270e+00
7.885368363588626250e-01
1.863585080804189609e+00
0.000000000000000000e+00
0.000000000000000000e+00
7.489441581991675978e-01
0.000000000000000000e+00
0.000000000000000000e+00
2.431856490757832834e+00
1.923630272130651742e+00
0.000000000000000000e+00
1.063564257901617349e+00
0.000000000000000000e+00
1.134504566964091854e+00
0.000000000000000000e+00
2.397186219771144433e+00
0.000000000000000000e+00
0.000000000000000000e+00
9.103246907837128088e-01
0.000000000000000000e+00
1.195003317753361660e+00
1.318736285447847933e+00
2.427935183517884177e+00
1.733150583667056044e-01
8.773200622853554176e-01
0.000000000000000000e+00
1.841396848225375082e+00
0.000000000000000000e+00
0.000000000000000000e+00
1.396191347819770945e+00
0.000000000000000000e+00
