# Ensemble A, m = 25.0, lambda = [  9.06724390e-09  -7.76082955e-09   0.00000000e+00   5.49804942e-10]
0.000000000000000000e+00
1.831163787814515498e+00
0.000000000000000000e+00
2.101736409737268385e+00
0.000000000000000000e+00
9.121770379405919060e-01
2.066721500964928904e+00
2.085502563548720545e+00
8.361505644005291504e-01
1.675061650768104871e-01
1.983917137074629355e+00
1.915747655622293211e+00
1.259674219008769747e+00
5.758522832530256208e-01
1.940491522912195732e+00
8.134288126084595616e-01
5.432813613037067446e-01
1.583300117656764261e+00
1.065332750431447595e+00
1.003468948052376852e+00
1.547456103893491530e+00
1.487078516013426999e+00
4.214216349409473095e-01
3.696797328022308760e-01
7.336143916006107046e-01
1.874780490535569166e+00
0.000000000000000000e+00
2.235875298488475771e+00
1.058868010766100376e+00
0.000000000000000000e+00
2.534558777363550064e+00
0.000000000000000000e+00
5.019698425013235932e-01
4.783680109463897545e-01
1.367252254666800004e+00
4.448400406646434435e-01
2.057022653132606127e+00
3.008232007937879371e-01
1.247574373962497596e+00
2.362407408012937360e+00
5.375194765005695263e-01
0.000000000000000000e+00
0.000000000000000000e+00
1.145910792063673106e-01
1.039444121843911828e-01
3.621045214370275378e-01
0.000000000000000000e+00
1.182620192599194375e+00
0.000000000000000000e+00
1.067500107247497221e+00
1.403314306550618840e+00
0.000000000000000000e+00
1.625813281369199670e+00
4.679313842754334596e-01
1.832193204153477417e+00
1.705814604927946565e+00
1.233216633220720171e+00
1.123208903353485333e+00
1.861545023489501016e+00
9.418020032816563913e-02
1.152834130012209579e+00
0.000000000000000000e+00
0.000000000000000000e+00
0.000000000000000000e+00
0.000000000000000000e+00
0.000000000000000000e+00
1.379669944923233471e+00
1.477215462073928176e+00
3.658978618157976981e-01
1.607438861594928436e+00
1.133482784543005994e+00
0.000000000000000000e+00
1.754126649949562688e+00
0.000000000000000000e+00
0.000000000000000000e+00
2.009820326283012992e+00
1.981226736813063605e+00
2.142245697869894272e+00
3.380249369281804195e-01
1.416163247936069514e+00
5.544429150486543945e-01
1.166754719837120646e+00
1.870173829217799177e+00
2.542208288878315958e+00
2.154821906869540893e+00
2.288500391515384980e+00
4.473998601258032809e-03
0.000000000000000000e+00
0.000000000000000000e+00
1.319839834813377966e+00
0.000000000000000000e+00
1.208323440349855726e+00
4.788179273299079108e-01
1.019748112702336895e+00
1.293642370501947969e+00
8.842676643712542583e-01
1.585994553320417833e+00
0.000000000000000000e+00
0.000000000000000000e+00
1.444592777736949163e+00
