# Ensemble A, m = 25.0, c_n/c_p = 0.612903225806, f = -0.94
# lambda = [  6.17928537e-09  -3.56006570e-09   0.00000000e+00   1.29213131e-09]
#  
2.026959480084877252e-01
7.267806871840715166e-01
0.000000000000000000e+00
8.517225693480353632e-01
4.259660034541359330e-01
0.000000000000000000e+00
2.981338795788989193e-01
6.056038267809842335e-01
1.667273098965206923e+00
6.245275439555019181e-01
0.000000000000000000e+00
1.245530716188449460e+00
6.494756464937496698e-01
2.950221312388098927e+00
1.371209976260425734e+00
0.000000000000000000e+00
0.000000000000000000e+00
0.000000000000000000e+00
8.282897616693810638e-01
1.734137402241631154e-01
1.822755926886053812e+00
8.506898201767340018e-01
1.594992278828367471e+00
1.316761157503824720e+00
0.000000000000000000e+00
1.618164454682868403e+00
0.000000000000000000e+00
0.000000000000000000e+00
1.254806626952725157e+00
0.000000000000000000e+00
0.000000000000000000e+00
7.638358854951609045e-01
0.000000000000000000e+00
3.913125571963406713e-01
1.613915383959502847e+00
5.033120252725513666e-01
0.000000000000000000e+00
1.321452432698997370e+00
0.000000000000000000e+00
1.582974160999833513e-01
0.000000000000000000e+00
0.000000000000000000e+00
0.000000000000000000e+00
1.487957614812989826e+00
0.000000000000000000e+00
2.319350475750396878e+00
5.614143317155008139e-01
0.000000000000000000e+00
0.000000000000000000e+00
2.917866855586773167e-01
1.053346319134338849e+00
1.728352346016341468e+00
1.453791894449942557e-01
0.000000000000000000e+00
0.000000000000000000e+00
0.000000000000000000e+00
0.000000000000000000e+00
1.352371329481320217e+00
1.622201212008496027e-02
0.000000000000000000e+00
0.000000000000000000e+00
5.840433783438042648e-01
1.424049569926973291e+00
1.101279121399826533e+00
4.518132512488476915e-01
0.000000000000000000e+00
0.000000000000000000e+00
0.000000000000000000e+00
7.784576097505742087e-01
0.000000000000000000e+00
0.000000000000000000e+00
2.750916002911303337e-01
8.589248508751007316e-01
0.000000000000000000e+00
0.000000000000000000e+00
0.000000000000000000e+00
1.030159111676265171e+00
0.000000000000000000e+00
1.335302189986599775e+00
1.468469000648683215e-02
0.000000000000000000e+00
4.788221129021983380e-01
3.231704379638821855e-03
3.501021246318606339e-01
1.887966993194175158e+00
1.698081505690023807e+00
0.000000000000000000e+00
7.255138496795726644e-01
5.261411036470680092e-01
1.291158822165752618e+00
0.000000000000000000e+00
9.810143280145711131e-01
5.610180945338530956e-01
8.778769046225275430e-01
0.000000000000000000e+00
0.000000000000000000e+00
1.792450455968901846e+00
1.734458905054085121e-01
0.000000000000000000e+00
1.937808644546376913e+00
