# Ensemble A, m = 25.0, lambda = [  1.41582748e-08  -8.48434615e-09   0.00000000e+00   4.24615488e-10]
9.917294862427769031e-01
0.000000000000000000e+00
1.534980253807895767e-01
0.000000000000000000e+00
1.697854068711798670e+00
1.182412235951613599e+00
6.802802792301168022e-01
1.221759480413341370e+00
3.224379453949202667e-01
0.000000000000000000e+00
0.000000000000000000e+00
0.000000000000000000e+00
9.481971472979926485e-01
4.625850888133624106e-01
3.802826716421160436e-01
3.478405020261057246e-01
1.450175024966713799e+00
1.041065728665058865e+00
0.000000000000000000e+00
0.000000000000000000e+00
6.124009529700394916e-01
3.162133002865432641e-01
5.355670234133449309e-02
0.000000000000000000e+00
0.000000000000000000e+00
2.056385749111409589e-01
8.963302742896632758e-01
0.000000000000000000e+00
9.015275270394876861e-01
0.000000000000000000e+00
6.968455247451496581e-02
1.156792279588221950e+00
7.725334159087875463e-01
1.050168574300876845e+00
7.769040285263385526e-01
6.298687198301370360e-01
6.289455346250431012e-01
0.000000000000000000e+00
0.000000000000000000e+00
0.000000000000000000e+00
0.000000000000000000e+00
9.465553168865209477e-01
0.000000000000000000e+00
0.000000000000000000e+00
0.000000000000000000e+00
0.000000000000000000e+00
0.000000000000000000e+00
6.762487256573691541e-01
8.265941528235306590e-01
0.000000000000000000e+00
0.000000000000000000e+00
1.565014151280236465e+00
0.000000000000000000e+00
1.506946082458353597e+00
0.000000000000000000e+00
0.000000000000000000e+00
3.065231565377385739e-02
0.000000000000000000e+00
0.000000000000000000e+00
0.000000000000000000e+00
3.032136284431451667e+00
1.452092677315168778e+00
1.443683506206897338e+00
2.036375572740343476e-01
0.000000000000000000e+00
2.380259234026892851e-02
0.000000000000000000e+00
0.000000000000000000e+00
1.057784606463526123e+00
8.367662741923019218e-03
0.000000000000000000e+00
4.083516613560469466e-01
1.055265139622568960e+00
0.000000000000000000e+00
1.259050222200875702e+00
0.000000000000000000e+00
6.554982402690302523e-01
2.011638238575750304e-01
0.000000000000000000e+00
0.000000000000000000e+00
0.000000000000000000e+00
9.201771715530938645e-01
8.816817228906427273e-01
9.607122935201221070e-01
0.000000000000000000e+00
0.000000000000000000e+00
0.000000000000000000e+00
1.573297341081144163e+00
0.000000000000000000e+00
0.000000000000000000e+00
0.000000000000000000e+00
0.000000000000000000e+00
8.589710386294955313e-01
0.000000000000000000e+00
2.970020077961771920e-01
0.000000000000000000e+00
1.428940810225978186e+00
4.464752989585949600e-02
0.000000000000000000e+00
0.000000000000000000e+00
