# Ensemble A, m = 25.0, c_n/c_p = 0.806451612903, f = -0.988260869565
# lambda = [  9.65351693e-09  -7.69370406e-09   0.00000000e+00   1.18937423e-09]
#  
4.311892137755495291e+00
3.147905653866591713e+00
3.687258648432698571e+00
2.070054580584427484e+00
3.834335138831098444e+00
3.883604580036270626e+00
3.269225679688905206e+00
2.489723847928005274e+00
3.533331286227553214e+00
4.227843995782665232e+00
2.802543968398000906e+00
2.408180249090646985e+00
4.850422732414435778e+00
2.694802952794109530e+00
3.392588723394629024e+00
3.977974807539474078e+00
3.901764422755157558e+00
3.509689788284883427e+00
2.902225075677384414e+00
3.912795242547766339e+00
3.056857434246008864e+00
2.259057350685970800e+00
3.001271581212843209e+00
1.983251269851371568e+00
3.449463972079053420e+00
4.368214672926689524e+00
4.430475047238087605e+00
3.243354236292488757e+00
3.052317805081348201e+00
4.574667217388708629e+00
3.035703881945713167e+00
3.686693325033051583e+00
4.491705442211994637e+00
3.990070431558894182e+00
2.068336112879625599e+00
2.389297039611477214e+00
3.909958764163989464e+00
4.431666002123036741e+00
1.997514126330598661e+00
3.458661569017202009e+00
2.827082022097757275e+00
4.359200013264595164e+00
3.792403746919321250e+00
3.013894074771231946e+00
1.483898071569818899e+00
1.719158200036824846e+00
4.148011711776581123e+00
2.903528968311186897e+00
4.612693826486342630e+00
4.136809766630339169e+00
4.370928274958667537e+00
3.408881291887859266e+00
4.014554317930031146e+00
3.137111111065836067e+00
4.711195929058747289e+00
4.773171118092515819e+00
3.248420984597740535e+00
4.684952434053252901e+00
4.023714753896681096e+00
4.210991192671849070e+00
2.771823259690900709e+00
2.825427712395491842e+00
2.833065666035528452e+00
2.093916380496213758e+00
2.794466625770886559e+00
2.746855968399667169e+00
4.585565734615760114e+00
3.776734601699650806e+00
4.403726603101298487e+00
4.720233025607177169e+00
2.756920857566633298e+00
4.233269907149318279e+00
3.123345068570896554e+00
2.370429353962499430e+00
3.506397232565555910e+00
1.689480614162904182e+00
4.568157028683519805e+00
4.535655273285110312e+00
2.297157774446834111e+00
2.875640465220110187e+00
4.600955053724082866e+00
3.294753292268463252e+00
3.299349763639561228e+00
2.630245416927316615e+00
5.030977815071181247e+00
4.386508370301752002e+00
3.369102086551078123e+00
1.492210919010938053e+00
1.885706365058583023e+00
1.806915603370305989e+00
1.272752814724667614e+00
3.192572245849542245e+00
1.698633781770356732e+00
3.591504077291210795e+00
2.803840009023755631e+00
3.065336669254723923e+00
4.303367004150859820e+00
3.689602224987164725e+00
1.549928473112771821e+00
4.657295504257882968e+00
