# Ensemble A, m = 25.0, c_n/c_p = 0.858064516129, f = -0.97652173913
# lambda = [  6.55175538e-09  -5.48983804e-09   0.00000000e+00   1.21104805e-09]
#  
1.089792754159217836e+00
3.293722519563778039e+00
5.312055285505458135e-01
1.621145753622620589e+00
1.638674750547502779e+00
1.895344596981297869e+00
2.322348538450389910e+00
1.915456100221311742e+00
3.673520533957268963e+00
6.991835546240272592e-01
2.182275854359002398e+00
0.000000000000000000e+00
1.672785033734883520e+00
1.582554832116340293e+00
1.275976664096355739e-01
2.711584974942969239e+00
0.000000000000000000e+00
3.705797755383585801e-01
2.535974110839140039e+00
1.758606207752201556e+00
2.859740391010960447e+00
9.966069800573960080e-01
2.586295683793930600e+00
3.212931504208465405e+00
1.108660024664964050e+00
1.790080028799679424e+00
2.017089443834503726e+00
7.138840077162898756e-02
3.971610298889322044e-01
1.739216370298813485e+00
0.000000000000000000e+00
1.691897704507357325e+00
2.105152788278655596e+00
2.217496769013391322e+00
3.304645983182050273e+00
1.630336485033032634e+00
2.078537541250321752e+00
3.034659932837420637e+00
1.807780872922971405e+00
0.000000000000000000e+00
2.152394930440775234e+00
2.871466209294885275e+00
2.392100276699672179e+00
1.296126497345502226e+00
2.410966327097139317e+00
1.319954621768844483e+00
1.040254132915628515e+00
1.353083640867768445e+00
2.152394930440775234e+00
2.970920556609863983e+00
8.030565386728195643e-01
3.594948062936284217e+00
1.483197283787810239e+00
1.541548788729564023e+00
1.607237778745475465e+00
3.017854958952392419e+00
2.048532837447045729e+00
1.145250535809823944e+00
8.274115462503612850e-01
3.187024520970071606e+00
2.666217594753579778e+00
6.643414509913971866e-01
2.793753585728194544e+00
2.097114600047839783e+00
0.000000000000000000e+00
1.369894234108183007e+00
3.887830155945809496e-01
1.697003032198502570e+00
1.952233775727250986e+00
7.214290878633871085e-01
2.960919674906524968e+00
1.336778209828220376e+00
1.731738830223254366e+00
2.140088042182442418e+00
2.140088042182442418e+00
2.138946408657484533e+00
1.633003450259923772e+00
1.349195620647419602e+00
1.661101501126801772e+00
9.935943443398244090e-01
2.985260278125740463e+00
8.679938352294354065e-01
2.581389375835249633e-01
1.836434614855813718e+00
2.906669171625047898e+00
4.036892163571768610e-01
1.654548455617115943e+00
4.349203395552614926e-01
2.158921290989134878e+00
2.255886790637263495e+00
1.238766925608599134e+00
3.737365663822847406e+00
3.079734212799035475e+00
3.671639829071462913e+00
1.844987874582656229e+00
3.701224112118092435e+00
2.105152788278655596e+00
3.462540784590312448e+00
1.636988653928811432e+00
3.087918282184740626e+00
