# Ensemble A, m = 25.0, lambda = [  1.51604037e-08  -1.05545753e-08   0.00000000e+00   1.50394552e-09]
2.365868204160394672e+00
2.182355006612857196e+00
2.805609535868181403e+00
8.860048962222505375e-01
1.471930694661660377e+00
1.350396971606177221e+00
1.550257338447043054e+00
1.792749418459600008e+00
1.175247709448988542e-01
2.710702149844104181e+00
7.385070644171152221e-01
2.619250368877430013e+00
1.548181453528552076e+00
1.347796149830557511e+00
6.302830867807165394e-01
3.251527456142556449e+00
2.438289511102597285e+00
2.990038270378768903e+00
1.195102308906868860e+00
6.990561476567106469e-01
1.356746964037337300e+00
6.571861084340032688e-01
4.377014673646705822e-01
1.248442422449426381e+00
3.099816416883991899e+00
2.799648982228068572e+00
2.632062203113936683e+00
0.000000000000000000e+00
2.207501997991783982e-01
6.882388194226404243e-01
2.348504877523564627e+00
1.279596690695648409e+00
1.863147462811194810e+00
6.021250715652523011e-01
2.298879708302531633e+00
1.348818938537078349e+00
3.037060680293143911e+00
1.389440859286462882e+00
1.551405637537444537e+00
2.009652549500836827e+00
6.118755268084195148e-02
4.400210167264633210e-01
1.365223753880246083e+00
1.678292683697452770e+00
2.259572934578927494e+00
2.464262654818689668e+00
4.839944571699716230e-02
2.080736198421564431e+00
0.000000000000000000e+00
2.719219230192162051e+00
1.319700195889117911e+00
1.716976922045398535e+00
0.000000000000000000e+00
2.330489363214887977e+00
0.000000000000000000e+00
1.971100932950333284e+00
9.786078340162939204e-01
4.956192280141475948e-01
1.574658751276874602e+00
3.694835115759931843e-01
2.186197210502852872e+00
1.391806637698317584e+00
1.473806741147271282e+00
2.841220705743144670e+00
2.188722572118237952e+00
7.891171171100400672e-01
3.389747455592251768e+00
2.738521158297819724e+00
3.167559764604977790e+00
8.203938057117013960e-01
7.504310083321036329e-01
1.573060647597847694e+00
0.000000000000000000e+00
1.994164041094496520e+00
6.185067414016899301e-01
0.000000000000000000e+00
2.458147652100739045e+00
3.183663718100949058e+00
1.459164342751389842e+00
2.756686395712131254e+00
2.210323995466771052e+00
2.878622757200206550e+00
1.587566044199910431e+00
2.011982407630097835e+00
1.617945997382403966e+00
1.688759053062408366e+00
1.768933850438891620e+00
0.000000000000000000e+00
1.580308930998225447e+00
1.587643983466800357e+00
1.294330040971148232e+00
1.926161681913518775e+00
3.020480554034024490e+00
1.463308087669710655e+00
1.486939814483042577e-01
2.390570825991909398e+00
2.157132980556435875e+00
1.960366339883044207e+00
1.975222128456635806e+00
1.662369660569996910e+00
