# Ensemble A, m = 25.0, c_n/c_p = 0.651612903226, f = -0.985652173913
# lambda = [  1.20641427e-08  -7.74836064e-09   0.00000000e+00   1.32687735e-09]
#  
1.449065410096221251e+00
2.220611600298200372e+00
1.678391266287299732e+00
4.335447477829486584e-01
9.074509554980451087e-01
1.258886316659827198e+00
1.566152452788831528e+00
2.264211421605954455e-01
2.131338692701351345e+00
0.000000000000000000e+00
1.465051348074766668e+00
1.033398070025217885e+00
3.686768994586622217e-01
3.135796745951810571e+00
1.280859009388893410e+00
2.453810131926760507e-01
2.992199149563123939e+00
0.000000000000000000e+00
2.530972867162603279e+00
1.374046989218864478e+00
7.439754406848733126e-01
0.000000000000000000e+00
7.537664716055636482e-01
9.831082492177831145e-02
2.547344885716508855e+00
9.174122514339547729e-01
2.097307723598623053e+00
0.000000000000000000e+00
9.602236021564480861e-01
2.095052225339378182e+00
4.990199684626233645e-01
2.300110142680472869e+00
2.214642656411299981e+00
4.418120736370850787e-01
0.000000000000000000e+00
1.871800317300373662e+00
2.422991167654641842e+00
0.000000000000000000e+00
1.326081171371947587e+00
6.590424372006005171e-01
2.562750071188021561e+00
2.244308507388252494e+00
1.342689284130080818e+00
3.422901164248069450e-01
1.421895734534454503e+00
1.890610065990148803e+00
1.362103820527209297e-01
2.834022758611393744e+00
3.400414093409118266e+00
4.407408734289391949e-01
1.506909325580731540e+00
7.723452686852180227e-01
1.495069107709384060e+00
2.099697578920586061e+00
2.156480279804738054e-01
7.734480623558791512e-01
9.568188620724270566e-01
9.615847890477282611e-01
0.000000000000000000e+00
2.153838214353070324e+00
6.158571900865977833e-01
3.552978159834033756e-01
0.000000000000000000e+00
0.000000000000000000e+00
5.134295490115373672e-01
3.173763646218176748e-01
1.318659500191797562e+00
2.747896236539951964e+00
7.476130787484982498e-01
2.025014084647146717e+00
1.440980529994142278e+00
2.207388620555203185e-01
1.488580513132447214e+00
2.779522529851122137e+00
9.007397949404322146e-01
6.716512383185392343e-01
1.498231592665832501e+00
6.611654556068794486e-01
2.762105568668027367e+00
0.000000000000000000e+00
0.000000000000000000e+00
1.204114450572843165e+00
0.000000000000000000e+00
1.891476412935766183e+00
1.702199646095098329e+00
2.102293223312392545e+00
2.461668391461869998e+00
3.985877462987793551e-01
1.538597814458514179e+00
2.273050374406716312e+00
1.790562901225785541e+00
2.083179866692387083e+00
1.289168969661791175e+00
3.110315369778339223e-01
1.844033691156657273e+00
5.957806205261108046e-01
1.716388219148999639e+00
9.253458719625586859e-01
1.057084200465216117e+00
8.786001963882662524e-01
