# Ensemble A, m = 25.0, lambda = [  2.61142852e-08  -1.89905609e-08   0.00000000e+00   1.34535930e-09]
1.944617861117767355e+00
2.508912708523254320e+00
2.455158589438998895e+00
2.972922177238089159e+00
2.881060745150860747e+00
1.491511536855175457e+00
1.921687133173727080e+00
2.149904178568064150e+00
2.623688164198581418e+00
2.656610029067387302e+00
1.598911082946588458e+00
2.581362894613930870e+00
2.725087872457667260e+00
2.488938035529404846e+00
2.981605917210635504e+00
2.840278596350243934e+00
3.044661877339319034e+00
1.259460786298533641e+00
2.904377639119024135e+00
2.619525783813676068e+00
1.418161202196116744e+00
2.976044523303118083e+00
3.037493220904060376e+00
3.279748321949017331e+00
1.198452670674658105e+00
2.633651342740362389e-01
2.211507662495507009e+00
3.267235595708501528e+00
2.007940089964887598e+00
2.840635567127189898e+00
2.673486563747158318e+00
1.810471515320430269e+00
2.981619078875205719e+00
0.000000000000000000e+00
3.038788456897721257e+00
2.663137481724334954e+00
2.447935848204901177e+00
2.094989903379115503e+00
0.000000000000000000e+00
2.239664227975734168e+00
2.365098228519705081e+00
2.278663653092402264e+00
2.961380762480799955e+00
2.147911268875651647e+00
1.458718704675046940e+00
2.753185384475805630e+00
3.173560881615310247e+00
2.838890030943860054e+00
1.813468727170401085e+00
2.022705881252240268e+00
1.532394325571702742e+00
3.172816791556361871e+00
2.477457981813435239e+00
2.972844761255108992e+00
2.714109416314398615e+00
1.146242567303838111e+00
1.766090835122778646e+00
3.180077023170982287e+00
2.436197726033036304e+00
2.557825113328401123e+00
6.059463849060637841e-01
1.407173753511721026e+00
3.019900012533618394e+00
2.403790193144887954e+00
1.942880198767477307e+00
1.888892345066273570e+00
2.250602904625870426e+00
2.828488946822802053e+00
2.481690967673097603e+00
2.294811926897943444e+00
2.580898312213399048e+00
2.311539799479827906e+00
1.619164286533781860e+00
2.862137184402148815e+00
1.372919947604709812e+00
3.427690225943626601e+00
2.783773836063667240e+00
2.065778929537704478e+00
2.448976602135478409e+00
1.462703925714178288e+00
2.727105164902445367e+00
1.556836336550772915e+00
3.030407060897410965e+00
2.870364746414826751e+00
2.328269489750275145e+00
2.508648828522254348e+00
1.783257358619386723e+00
2.663759676019301637e+00
1.461988926488827945e+00
2.100474867010544866e+00
2.483960685134468438e+00
2.507215782202549370e+00
2.567249019293770473e+00
2.927670042684093143e+00
2.663406983438338038e+00
2.963407672939085469e+00
3.178396355856575983e+00
1.600906036813678268e+00
2.774318844059807443e+00
2.196713313083925811e+00
