# Ensemble A, m = 25.0, c_n/c_p = 0.806451612903, f = -0.975217391304
# lambda = [  7.61687560e-09  -5.99041093e-09   0.00000000e+00   1.35905220e-09]
#  
2.666179268239520450e+00
2.106646388140754222e+00
2.607205723534626873e+00
5.441806132719093636e-01
1.089288164936819570e+00
2.043978406830939232e+00
2.199477337666837951e+00
3.492244770068291260e+00
4.616563009502653081e+00
0.000000000000000000e+00
4.137447443349031029e-01
2.606263794753836738e+00
3.743561950066979005e+00
2.312731856070680436e+00
2.243317653242663301e+00
2.322343330648805271e+00
8.265874817778416928e-01
1.330165006909729497e+00
3.083630118920456020e+00
2.045916940757200653e+00
5.274120919928904083e-01
1.119799688513276159e+00
7.155374353037610158e-01
2.818914603486485593e+00
2.052594139898439529e+00
2.464999787461736425e+00
2.453174330176302931e+00
2.761536749747633745e+00
1.599125518460557505e+00
1.607352920790971806e+00
2.411988026749294356e+00
2.160497796060290465e+00
1.455428204753089316e+00
2.990828636258027196e+00
2.842584478441612106e+00
1.683345775060891114e+00
2.172088960345074149e+00
2.944607755010941297e+00
3.134709664113973115e+00
2.228807603084407951e+00
2.154040162705054051e+00
2.649709980414204580e+00
1.987410544889434139e+00
2.845065897314876135e+00
0.000000000000000000e+00
1.796143681748366472e+00
1.337633927429263014e+00
0.000000000000000000e+00
2.330238826310831346e+00
3.057160220800124062e+00
1.870079781941231367e+00
1.076011961601074596e+00
2.990701051368818142e+00
3.500417796033823414e+00
2.011635679364767171e+00
0.000000000000000000e+00
2.902242466235905649e+00
3.126626177670593254e+00
1.694167208137292491e+00
4.235363844176599279e+00
0.000000000000000000e+00
3.134400402462509394e+00
1.985189550932413338e+00
0.000000000000000000e+00
2.011838784073805009e+00
2.551873588158636963e+00
1.655360240159436946e+00
1.358046725288157619e+00
2.642345982973270058e+00
3.441733868230963278e+00
2.155706975441351592e-01
3.145901848731891715e+00
2.045697611655616033e+00
1.361133077937787483e+00
1.938888430839318833e+00
2.681130894055965719e+00
1.570723422754101817e+00
6.977270388452463390e-01
1.939266777793188012e+00
1.738246972529315926e+00
1.110168480710570726e+00
3.182709875944084388e+00
0.000000000000000000e+00
2.436429771564776026e+00
2.577381300590442792e-01
7.080948573949557012e-01
8.715024869623273496e-01
1.708517575347612061e+00
2.613167071747372283e+00
3.176292633183520397e+00
3.755182700016639341e+00
1.332095257553955747e+00
1.605191908224970376e+00
1.695093724188406092e+00
2.407862513431630269e+00
1.673962946223323423e+00
1.202240481339024614e+00
8.177353822015155371e-01
2.536713655712433457e+00
3.090765142275616828e+00
