# Ensemble A, m = 25.0, c_n/c_p = 0.767741935484, f = -0.981739130435
# lambda = [  9.70489281e-09  -7.31479413e-09   0.00000000e+00   1.41739199e-09]
#  
1.867738589449296827e+00
2.662474069913519870e+00
2.031616644294163443e+00
1.559738140774491244e+00
4.008737584833109047e+00
1.170408568369189162e+00
4.214291511971427262e+00
2.144741941186541823e+00
2.257243351328257042e+00
1.719370121409933061e+00
1.515165161753963652e+00
2.120403136878742600e+00
3.875836659292219988e+00
3.486334051047957239e+00
1.498579703059607082e+00
3.655207326780304911e+00
2.900077544763380644e+00
3.593479426448099812e+00
4.520015482973181342e+00
2.460920309734968559e+00
2.972912577916751342e+00
4.286293136964513195e+00
2.338290501051202064e+00
1.781099995067016550e+00
2.777392559144578499e+00
3.341599344065633304e+00
3.645269445189762259e+00
2.057753833369224239e+00
2.532900611124396129e+00
3.788132171534529746e+00
3.824169285347236880e+00
1.991779488940743192e+00
2.258230547458000892e+00
3.531709274391049203e+00
2.877443482048887002e+00
2.720005740025998708e+00
1.573725804819491092e+00
2.626430326220190459e+00
1.070608666602037795e+00
1.509697341118380942e+00
3.060654012916523392e+00
1.939178596324386827e+00
4.166530524516489642e+00
2.942047695437515209e+00
1.185695378143670098e+00
2.393470978386291748e+00
2.496693265035423881e+00
3.827334143184546011e+00
3.231799651844892818e+00
2.359745287664589686e+00
1.287402369036704020e+00
2.223809453420511950e+00
1.450932197629476672e+00
2.484452831725710631e+00
2.916921831295988810e+00
2.875110420227284802e+00
3.342903741051190813e+00
1.632139874782030597e+00
1.932261410802040613e+00
1.181356833342500856e+00
2.567610514739586236e+00
1.704698453114479539e+00
2.603694318205297176e+00
4.311519427813186311e+00
4.063733855783477900e+00
1.752355110717129349e+00
3.380341623627016290e+00
1.449072301930871998e+00
3.412508212290516596e+00
4.412974167114441570e+00
3.543169171541915574e+00
1.526585276502623323e+00
6.621646523192351586e-01
4.269223080209160415e+00
2.700913307111131534e+00
1.539325006149346198e+00
2.572488741329965745e+00
2.521544586670469990e+00
4.295988638965761552e+00
3.662419327317795403e+00
3.141677316196362035e+00
5.818594848562245181e-01
7.331970731045844847e-01
1.861440428330590757e+00
2.156113125843856171e+00
2.217073200512989395e+00
6.117309557251647822e-01
3.443634231432786130e+00
9.208211510790865750e-01
1.296345423267563746e+00
2.895343367897229570e+00
2.339128420165693445e+00
1.661848067297080123e+00
2.065249941432045322e+00
4.161482870400966760e+00
2.194389980745739432e+00
3.410164249278636373e+00
1.801368968283165728e+00
3.329082196816006256e+00
3.937327274115128173e+00
