# Ensemble A, m = 25.0, lambda = [  7.35206860e-09  -5.98879349e-09   0.00000000e+00   1.25470750e-09]
2.848853337296985977e+00
1.924143116913634044e+00
3.176361188479138953e+00
2.951954863081184044e+00
1.145784001275003572e+00
9.669960795160643663e-01
8.754964733305998781e-01
2.771284808330404470e+00
1.141031200591182238e+00
2.137192396848525355e+00
3.236620147585327345e-01
5.216492199564175536e-01
1.888740220283952054e+00
8.703306128328079927e-01
2.160710900790073108e+00
1.049586790638733058e+00
1.697989429972791786e+00
1.471897097311220204e+00
0.000000000000000000e+00
9.444122292053108714e-01
0.000000000000000000e+00
1.570560837245778218e+00
1.010227988783510389e+00
1.323695555395457024e+00
1.229807759028739067e+00
2.377262036595334749e+00
9.507875767521005717e-01
6.687899048704329941e-01
2.154842830338144222e-01
2.131774295980753298e+00
9.695764717912106478e-01
8.948371363224764119e-01
1.189194134703857930e+00
0.000000000000000000e+00
2.248604514585126779e+00
1.898784197719231681e+00
1.353373700823029990e+00
3.573723441573372073e-01
7.016474459639969741e-01
2.829706035197374625e+00
2.010518987132145607e+00
1.440383801261035934e+00
1.335249669735341316e+00
3.278674561714224112e+00
8.707197183375184890e-01
1.996407108535345643e+00
7.306701322534460141e-01
2.090364819821877163e+00
1.160834667300689960e+00
0.000000000000000000e+00
1.773984130510989798e+00
6.434835519696622264e-01
1.799977697522660680e+00
1.373365798374273750e+00
0.000000000000000000e+00
1.886491727667109819e+00
1.575724348324140767e+00
4.832881557422785135e-01
0.000000000000000000e+00
5.688499356586335098e-01
1.514955030892226828e+00
2.792893714090643326e-02
1.602823263801820552e-01
9.201769197299726200e-01
2.355267617841490857e+00
1.094581554558750947e+00
2.467409482759587824e+00
1.505978457235676915e+00
1.152264942922815338e+00
3.876693750211911323e-03
4.599458275485146519e-01
5.471784510027820625e-01
2.722448980157105680e+00
6.859988569883500586e-01
9.565853081382530432e-01
2.097255411355792187e+00
0.000000000000000000e+00
0.000000000000000000e+00
2.107876238875288077e-01
1.137408495593410063e+00
9.844922244195121186e-01
1.592211281434402492e+00
0.000000000000000000e+00
1.518550354008480152e+00
8.069706556211421189e-01
1.324228224359594641e+00
1.783168131426951186e+00
1.182600206108637808e+00
3.139423025291506963e+00
6.835191707617053192e-01
2.334574566641107740e+00
1.115804056095399233e+00
5.308029640343370215e-01
5.932107006166211782e-01
7.829595210244025827e-01
3.005952556973697565e+00
0.000000000000000000e+00
3.066143090930262272e-01
1.286041400503991960e+00
8.135427094131629788e-01
