# Ensemble A, m = 25.0, lambda = [  3.32822884e-08  -2.42335320e-08   0.00000000e+00   1.21281391e-09]
2.095117059419556949e+00
2.280787993699236793e+00
2.841303301427317685e+00
2.238535008714715335e+00
2.751468351572093241e+00
1.119215371376100610e+00
1.867349985396892009e+00
2.225918930828679532e+00
1.782570308118127000e+00
1.361004368705458489e+00
8.941918274335448613e-01
2.537348664722384850e+00
2.203565816553094248e+00
9.628430030153376507e-01
1.731455617385535550e+00
2.311805827207340513e+00
1.368496877122839184e+00
2.219449682343757502e+00
2.966009573499495566e+00
1.441334289531955415e+00
1.365356869998775924e+00
0.000000000000000000e+00
2.125146626655148641e+00
1.383147745217720104e+00
1.838735496959236437e+00
2.789475447941781816e+00
2.523572268156790699e+00
2.399708545056599363e+00
2.788825631249308490e+00
7.806267078688484684e-01
0.000000000000000000e+00
9.759861940215404097e-01
1.014882860797414743e+00
0.000000000000000000e+00
1.248537559664179841e-01
1.582098397186743943e+00
2.190861024340445162e+00
2.030297397320072417e+00
2.241057479110299511e+00
0.000000000000000000e+00
2.738127679641618961e+00
2.682147763692423137e+00
1.278941909993331905e+00
2.373685587728627144e+00
2.165920278323374859e+00
2.467719005694238632e+00
2.659970428560605171e+00
9.701820214908921658e-01
1.734366414863720784e+00
2.089732475978175685e+00
2.512157180598092232e+00
2.670591957222529622e+00
1.603232723029829998e+00
1.492119573027370860e+00
2.718140528150934543e+00
1.680824939695121922e-01
1.457142462588912446e+00
2.180216862873350703e+00
2.224031427775881031e+00
5.861274185436440298e-01
2.045655483009822806e+00
2.605833989124750172e+00
0.000000000000000000e+00
2.412697360766382637e+00
1.827660676110678395e+00
1.457470671552278940e+00
9.929952987992423097e-01
8.057724734721743998e-01
2.474523731840589491e+00
2.158071460036877554e+00
1.578745003090024746e+00
2.031884639585613161e+00
1.116430900877237731e+00
2.736059220202752496e+00
3.186764749247901651e+00
2.353694768185678132e+00
2.841601285338947402e+00
1.146345557188816588e+00
2.647797753739935089e+00
2.700780985902069276e+00
1.617496525360313298e+00
0.000000000000000000e+00
1.496512503385091897e+00
2.839254005517860779e+00
1.970837170549316397e+00
1.272841106691984914e+00
1.130260767806783306e+00
1.294562083145586406e+00
2.255504761009877512e+00
2.089769938642700886e+00
1.573110961694662580e+00
2.078566752398374184e+00
5.943282906761842010e-01
1.417932230044384401e+00
1.234628196977843650e+00
0.000000000000000000e+00
9.431862343953539840e-01
2.537985305423222204e+00
2.436424797073483806e+00
2.454021566742734972e+00
