# Ensemble A, m = 25.0, lambda = [  8.20582951e-09  -6.48525236e-09   0.00000000e+00   1.31688666e-09]
2.641604627206965983e+00
2.574469613859323491e+00
1.498071092379408498e+00
9.471875783909692315e-01
5.447733302881427875e-01
1.629113648782995138e+00
1.170593110114051871e+00
2.444665525584220678e+00
1.123734313201759649e+00
2.039002669024720937e+00
1.506950659586365981e+00
1.554897439336889953e+00
2.106058052039967432e+00
1.227232017962513133e+00
2.395582544833634753e+00
1.752338041780568734e+00
3.269923592198813900e+00
0.000000000000000000e+00
1.303586627804616871e+00
3.426177853939240681e-01
1.719565862373437337e+00
1.667677517253083774e+00
7.960751433311440417e-01
2.171092390506087710e+00
5.852937489368990054e-01
1.800830604500559984e+00
3.297396267661842462e+00
2.633999593546121787e+00
7.917048538123840906e-01
1.214231086689509728e-02
2.800025802240833528e+00
1.113602855421684801e+00
1.634858319620602352e+00
1.700128750437440051e+00
3.204283874700802670e+00
1.197777796055070620e+00
8.150184520392153020e-01
2.503060502655632291e+00
1.427295561813089753e-01
2.452946084759575651e+00
6.378741881415647130e-01
2.074212528307746606e+00
1.302305037828695999e+00
1.832893544482408155e+00
1.263678415579467362e+00
3.142521075416913945e+00
0.000000000000000000e+00
7.604877330534947077e-01
1.618069709529914135e+00
1.728987352038628078e+00
6.885897457328949978e-01
1.582819577183634641e+00
2.808342526050372712e+00
2.483940412972457601e+00
1.961280034148036533e+00
6.279314042079592317e-01
2.828658387784147799e+00
0.000000000000000000e+00
1.727651035759840692e+00
1.279052113838031079e+00
3.219021256993528923e-02
8.446750939117797508e-01
2.930149229294745084e+00
3.474277995297311517e+00
1.235516369760588429e+00
3.636761181477196625e-01
5.436933497359857093e-01
1.713851691599457494e+00
1.988072979616918090e+00
5.650553121702970305e-01
1.239120499474889864e-01
2.315404502811209575e+00
2.667146812598538475e+00
1.335660620606412552e+00
1.757306305846332961e+00
1.692370201385078321e+00
1.667394798731180128e+00
1.143851943761141632e+00
2.903206516070560461e+00
0.000000000000000000e+00
3.430386578292021760e-01
2.602843922908915975e+00
1.819518344409641220e+00
0.000000000000000000e+00
5.461475949622265347e-01
1.625606059705186679e+00
7.415085845029353306e-01
3.239753910790565072e+00
1.665172171798575018e+00
2.038314349539692927e+00
1.960511817021477476e+00
1.863299598011814773e+00
1.814056738758447640e+00
2.222501187065523354e+00
6.221425906797811711e-01
2.354380650476870951e+00
2.195597829223745467e+00
2.216474557094309183e+00
1.562510693011872620e+00
1.585963888988186188e+00
