# Ensemble A, m = 25.0, c_n/c_p = 0.677419354839, f = -0.984347826087
# lambda = [  1.21186287e-08  -8.08089877e-09   0.00000000e+00   1.44679604e-09]
#  
1.132675131023361814e+00
0.000000000000000000e+00
1.552599874632444976e+00
1.689999332653810069e-02
2.010154473803965836e+00
9.459809369572338422e-01
2.070633861636435480e+00
5.874557555465739211e-01
4.099969573791405253e+00
1.523725801766877552e+00
6.666716237423954139e-01
9.622128214918578282e-01
2.694781777739962969e+00
2.224434720443923652e+00
0.000000000000000000e+00
2.312044589503923220e+00
2.197680476251645310e+00
1.738124778661758851e+00
1.679145026641943872e+00
2.668511233749695677e+00
1.815877800288464350e+00
2.298687060544914118e+00
9.764430849556886560e-01
1.866124388960154645e+00
2.356539891933276287e+00
1.619198535728715083e+00
2.382041463063238940e+00
6.305801219638476063e-01
1.063520322111047189e+00
1.201778966106815671e+00
2.098136072530017771e+00
2.413003846897173510e+00
1.771969147990061499e-01
1.457173589832742922e+00
2.018731142827483171e-01
1.881706221786844768e+00
1.437207671780883489e-01
3.057366826990350894e+00
1.404244672510844560e-01
6.829525118479554679e-01
7.415130796149859149e-01
2.426071870980316181e+00
0.000000000000000000e+00
2.380726844522307761e+00
1.815744586072306488e+00
1.412424875131628621e+00
1.784230796186950352e+00
1.867228129661631320e+00
2.525681293996622667e+00
1.975083640460918888e+00
1.803265464402389107e+00
1.824250710129214692e+00
2.557838538838664633e+00
2.818894423712057229e+00
1.962193391518766372e+00
1.619264247437601778e+00
1.181610521781765843e+00
1.358360152131997012e+00
1.583212618807495975e+00
1.090705159719867146e+00
2.343355743247413692e+00
1.630803289088590180e+00
1.867437916689770105e+00
2.493474789931312330e+00
1.829701214149476396e+00
1.750674938480143661e+00
2.119210954642568812e+00
2.995553387188659045e+00
1.338997138592199043e+00
1.574869234839106014e+00
2.063958224855627410e+00
1.261696514608795727e+00
2.141720186823842020e+00
2.636397678455876026e+00
3.455019504545452369e-01
1.076247934574547260e+00
1.813577530783967218e+00
2.904790395158158844e+00
1.192442689459368044e+00
1.178494282612209676e-01
1.625166762552724631e+00
1.542540308890795409e+00
5.781547512088125451e-01
1.668897917240818485e+00
0.000000000000000000e+00
2.949732271469338585e-01
8.114513922958884740e-01
1.885440714808271467e+00
1.618456720784283265e+00
6.972401351952387527e-01
3.941979219324411865e-01
5.446299868010079370e-01
2.303388249274023192e+00
4.498915342558740815e-01
1.557183120075074978e+00
8.144331169525969027e-01
1.443762356316453666e+00
8.337056981001783607e-01
1.636435013385053150e+00
1.051727301284800076e+00
