# Ensemble A, m = 25.0, lambda = [  6.39201859e-09  -5.65337961e-09   0.00000000e+00   9.47304141e-10]
1.333239368807821457e+00
1.743371777063753125e+00
0.000000000000000000e+00
0.000000000000000000e+00
1.055963622078972763e+00
4.754873321157133126e-01
8.267198618915659880e-01
7.855472759782562431e-01
2.617736239594806058e+00
1.387799412081949457e+00
9.636117229234649750e-01
8.938478427507647872e-01
7.656768254258629058e-01
7.188753053796728132e-01
5.014645367528408615e-01
1.844064454351692861e+00
1.745453592992483871e-01
1.192029367476494350e+00
1.695098516689979462e+00
1.043721682343897283e+00
0.000000000000000000e+00
1.768243002045054801e+00
1.624615035249771688e+00
1.554848868501341741e+00
1.693256599492801939e+00
7.106906303289126647e-01
0.000000000000000000e+00
1.561641866174501958e+00
1.653926593394785538e+00
0.000000000000000000e+00
2.021924553419931936e+00
1.227546997474571633e+00
0.000000000000000000e+00
1.812629070118326080e+00
1.491510709062397133e+00
2.706631675766336675e-01
1.343865884673419719e+00
1.104111179739301285e+00
1.751672603685197727e+00
0.000000000000000000e+00
2.332147633760190519e+00
1.610898513726695569e+00
6.993116434214186050e-01
1.060822836815264125e+00
7.070472879976124059e-01
9.972738775958321991e-03
1.399456189807213313e+00
1.719393744212947661e+00
1.697444993649594780e+00
0.000000000000000000e+00
1.540933028761473922e-01
1.551771405955307825e+00
6.887357366855344498e-01
1.377031652288162267e+00
1.821422446916981741e+00
5.434669076947460375e-01
0.000000000000000000e+00
1.083238308967623631e+00
7.763698056492295274e-01
7.033580307440558468e-03
2.231107306629793730e+00
1.916038619814541155e+00
0.000000000000000000e+00
1.322910850592891041e+00
0.000000000000000000e+00
0.000000000000000000e+00
2.910481514069357956e-01
1.221932902613492633e+00
8.030320001675713693e-01
7.625989807394284448e-01
1.621528634742504194e+00
1.635382206443875219e+00
1.359946832444972165e+00
1.415826411564573117e+00
7.141959927502298244e-01
2.353023348774407442e+00
1.381753951543420733e+00
0.000000000000000000e+00
1.616220618703095857e+00
1.145945230689780825e+00
1.772523789719892218e+00
1.846261422118296469e+00
8.898526211669407493e-01
9.795595816980240400e-02
0.000000000000000000e+00
1.556163671707937235e+00
2.064804393334680910e+00
1.178870583393952121e+00
1.562384391186962818e+00
6.204948845153572812e-01
1.133048480036672911e+00
3.712531174219126928e-01
1.641188727300913586e+00
9.383643170859475857e-01
1.292104732711614634e+00
1.927158868104080547e+00
6.958039854987864425e-02
1.475153434544240305e+00
1.568622430838560566e+00
1.610710140117843636e+00
