# Ensemble A, m = 25.0, c_n/c_p = 0.845161290323, f = -0.977826086957
# lambda = [  6.94770371e-09  -5.74172656e-09   0.00000000e+00   1.22969132e-09]
#  
2.835373090364191384e+00
2.272174459446124839e+00
2.073056897178981561e+00
4.766354566559908079e+00
3.025249088646884132e+00
9.338105741316367059e-01
2.653769085755011581e+00
0.000000000000000000e+00
7.612152932714685294e-01
2.076440742374426662e+00
1.843875939818894416e+00
1.211485476557717877e+00
0.000000000000000000e+00
1.469850212286472058e+00
2.105640090865674718e+00
1.223535979707109700e+00
2.951950859201750710e+00
1.711424105774093984e+00
7.069710314778560045e-01
1.287003827406762113e+00
1.263550760434459796e+00
1.458204758172190640e+00
3.403228674181605129e+00
9.623622443075370292e-01
2.521707857175120804e+00
3.325513930200357571e+00
3.453758213730725446e-01
1.883583157025395582e+00
3.243011626410034154e+00
1.118951484787722217e+00
2.019568412533510493e+00
2.956856152393677828e+00
8.517686628707266117e-01
3.656294041105210724e+00
1.098893763505868648e+00
1.666215093058809771e+00
1.590466824650049737e+00
2.554979274575574610e+00
8.347550733541309054e-01
2.620104045903605794e+00
1.110776439389292047e+00
1.825031861899391039e+00
4.268259799428220980e+00
1.011541714997767683e+00
1.972122210290263133e+00
1.859961528883347537e+00
4.428881758398044433e+00
1.579965591416848891e+00
1.743008451019609772e+00
2.048183988275347200e+00
2.564647807213225938e+00
1.023948033977384542e+00
1.340456104030909312e+00
2.562642303510979769e+00
7.081638521936606256e-01
3.303979410144074258e+00
2.184240431055032072e+00
3.118040539194720129e+00
3.313315708624344325e+00
5.261468458628967282e-01
5.332016938077285273e-01
4.762641656950829944e-02
4.074324172742832317e+00
3.096088528298681197e+00
2.823195434071481991e+00
1.833623092858234882e+00
7.925014896646253026e-01
2.084196967227948782e+00
2.841392250723754564e+00
1.955581865916671713e+00
1.125839204389006643e+00
1.769155533271311587e+00
1.025781191822412231e+00
2.163031958726476578e+00
1.129193025256091332e+00
1.969410106440457664e+00
2.233082326163646769e+00
3.093485538710230909e+00
2.062954430790898463e+00
1.142723452054014821e+00
4.419621891558848326e+00
2.064647786176568189e+00
1.883211885195993585e+00
1.635822372888694254e+00
2.938484231360965482e-01
3.288774771616151504e+00
1.247399571514450578e+00
2.740778116997139247e+00
1.630011505873623090e+00
1.880706337392967331e+00
1.633767350345147751e+00
2.427422993459984468e+00
2.403966446636401244e+00
2.769662366881409543e+00
2.093562820182030659e+00
1.037229444581081557e-03
3.076938759198601936e+00
2.250498984060364194e+00
1.344706920249425508e+00
6.164002114667787025e-01
