# Ensemble A, m = 25.0, lambda = [  7.89254745e-09  -5.99184381e-09   0.00000000e+00   1.43497960e-09]
1.648559980839164607e-01
1.948535157725517886e+00
1.260830781211855545e+00
0.000000000000000000e+00
7.370048657838546013e-01
9.457416706772552306e-01
6.789363867857544088e-01
2.066563352067071868e+00
0.000000000000000000e+00
2.483443480093773026e+00
1.278059057401317311e+00
2.169896666711498057e+00
2.113080653287245370e-01
2.033169573503000649e+00
6.864993449783876600e-03
1.432297584683625669e+00
6.261982827950648423e-01
1.451137424712011015e+00
1.017890799315349870e+00
8.390555228761734652e-01
1.302791321535699876e+00
2.575379447283076217e+00
4.896051943999541467e-01
1.639209554537476030e-03
9.872704379988932466e-01
1.218937099513425215e+00
1.077893160037239451e+00
9.952666902473831234e-01
3.327428936283900462e+00
0.000000000000000000e+00
3.633046882372026332e-02
2.824456847857350628e+00
9.723045467181383739e-01
8.045686110502991983e-01
1.400488337398191563e+00
1.967934347652432026e+00
1.554345586671812551e+00
1.686586935660001174e+00
3.079436026216412881e+00
1.767133273262385451e+00
1.928738097678201591e+00
5.515017112213295158e-01
1.383164581683020256e+00
2.695242754453737177e+00
0.000000000000000000e+00
2.322124573543074888e+00
9.732032219539482609e-01
2.045477772887088985e+00
1.973937461152545925e-01
1.675601685673017593e+00
2.438451606545220862e+00
3.823805066382692797e-01
2.442080234540937145e+00
1.061915493550701139e+00
1.896109821550915120e+00
1.889532116585342258e+00
5.999487457614401942e-01
2.068783614720030695e+00
2.420594801839251797e+00
1.091392412207959461e+00
1.115380994076917931e+00
0.000000000000000000e+00
8.933549273988042883e-01
6.308922804392773642e-01
2.778274392063137643e+00
0.000000000000000000e+00
1.950657368260667601e+00
1.089020718727883086e+00
6.563356022201605189e-01
2.242850831762473351e+00
2.147997506975302340e+00
2.200222558342808110e+00
7.575558802332781339e-01
9.791885453048317922e-01
1.144182510834315547e+00
1.869355025630074607e+00
7.433747563367323341e-01
7.686227237054831241e-01
2.247205005051649884e+00
2.348060748654407170e+00
5.871453527829223473e-01
1.406199708916431090e+00
1.876805011193743544e+00
2.022966844095069217e+00
3.237966201242663988e+00
0.000000000000000000e+00
2.154778183763213784e-01
0.000000000000000000e+00
6.423111813384152491e-01
4.992706584250661273e-02
1.479526166452290070e+00
2.524751795504458940e+00
2.669702727108530738e+00
7.070767628626815071e-01
6.326674152036823040e-01
8.031727715791061595e-01
1.602047256644557383e+00
2.734734944092731990e+00
2.607851133235201679e+00
4.780745351751322647e-01
