# Ensemble A, m = 25.0, lambda = [  3.89697296e-09  -3.72995984e-09   0.00000000e+00   1.12862655e-09]
1.547208533110090538e-02
0.000000000000000000e+00
0.000000000000000000e+00
9.483890873037263969e-01
0.000000000000000000e+00
6.432123020736444374e-01
3.167276694115573332e-01
0.000000000000000000e+00
3.010691966113351881e-01
0.000000000000000000e+00
6.691680127758324881e-01
0.000000000000000000e+00
0.000000000000000000e+00
1.412499532164554150e+00
0.000000000000000000e+00
1.113485247169295977e+00
6.594278385100451612e-01
1.703138161161002806e+00
1.227760558759104059e+00
8.866657900972418904e-01
0.000000000000000000e+00
0.000000000000000000e+00
9.637487723636872783e-01
1.393580224642273935e+00
0.000000000000000000e+00
0.000000000000000000e+00
5.359167323997242605e-01
9.244779212765494858e-01
7.104375223799319627e-01
0.000000000000000000e+00
0.000000000000000000e+00
1.915121619410372622e-01
5.102780651303537862e-01
1.368263770698681103e+00
2.871645583013610614e-01
1.231827676691285234e+00
1.080687550598657509e+00
0.000000000000000000e+00
4.126796085376278067e-01
0.000000000000000000e+00
1.718216000654154474e+00
0.000000000000000000e+00
1.922060186902628143e+00
0.000000000000000000e+00
0.000000000000000000e+00
9.527724232955915307e-01
1.567095607504326527e+00
2.167568450026840843e+00
1.863966080912922152e+00
7.354850905259724403e-01
3.291494484313083890e-01
0.000000000000000000e+00
6.816394563224276171e-01
0.000000000000000000e+00
7.979623072669217443e-01
4.320838430148996601e-01
6.013199188644993143e-01
0.000000000000000000e+00
1.564373789821574157e+00
6.845634780114675522e-01
7.388820707316872127e-01
1.158224139103324557e+00
1.398229553718518980e+00
0.000000000000000000e+00
0.000000000000000000e+00
1.273644341825631798e+00
8.126623455641457383e-01
4.782027340726988096e-01
0.000000000000000000e+00
0.000000000000000000e+00
4.149551859269340337e-01
4.313403463699487170e-03
1.413762456730434991e+00
0.000000000000000000e+00
0.000000000000000000e+00
0.000000000000000000e+00
2.068458022403390217e-01
4.070988797616096333e-01
4.475751035442707693e-01
5.849991569867000196e-01
3.601174230072003435e-01
9.216600407711604825e-01
3.511348013136214585e-01
5.450709255594760050e-01
1.361571162257291912e+00
9.483143637383596447e-01
0.000000000000000000e+00
0.000000000000000000e+00
0.000000000000000000e+00
9.531454007671802398e-02
1.527931130047315289e+00
0.000000000000000000e+00
9.944013660465418347e-01
8.870666461043044682e-02
7.656000466249998082e-01
0.000000000000000000e+00
2.351416578513659261e-01
9.795145820773159401e-03
1.223507679039187668e+00
0.000000000000000000e+00
