# Ensemble A, m = 25.0, lambda = [  7.00245363e-09  -4.97271016e-09   0.00000000e+00   1.50466305e-09]
1.114933479992556986e+00
1.255351695131932566e+00
2.689000949177345667e+00
1.516513115295341496e+00
2.264205246573594843e-01
1.267646331052714181e+00
2.389233231518152145e+00
2.520969249954542468e-02
8.498964198134613124e-01
5.692024661984483869e-01
1.491031323037434353e+00
1.223478583161609734e+00
1.092129628047709744e+00
0.000000000000000000e+00
6.886398946822711586e-01
2.290853110046067620e+00
1.585838512317043980e+00
7.703297345537002405e-01
9.484951408457006350e-01
0.000000000000000000e+00
0.000000000000000000e+00
2.045218064205777952e-01
1.963327345894113618e+00
2.523265813235791022e+00
5.068153133448234648e-02
9.394381486695490002e-01
3.427139509049482724e-01
4.647435563618521059e-01
0.000000000000000000e+00
2.925151252253979539e+00
1.177333686247022809e-01
1.128480206765660077e+00
1.730193465133609942e+00
1.425508511050370686e+00
1.593000134316279848e+00
0.000000000000000000e+00
8.579542969975290090e-01
4.470635266315929612e-02
5.965998944791676140e-01
0.000000000000000000e+00
3.137654813483139460e-01
5.136596921565417251e-01
7.440846306025095114e-01
8.763811539002651640e-01
7.596941716898747421e-01
6.251956417663105947e-01
2.044125489806668750e+00
0.000000000000000000e+00
0.000000000000000000e+00
0.000000000000000000e+00
1.132780901466742485e+00
1.364170809471138446e+00
1.766144717021856936e+00
1.620776103475453755e+00
7.046843053178442062e-01
5.853438824334465940e-01
0.000000000000000000e+00
3.506154656922853136e-02
1.525413159457028378e+00
1.902276118278548811e+00
1.016318776450766265e-01
1.775042312455247906e+00
0.000000000000000000e+00
1.551459600806148198e-01
7.744411985268100374e-01
7.425741716158361649e-01
0.000000000000000000e+00
1.532468961087062542e+00
1.617748900304095905e+00
6.785790718236479613e-01
9.397939264535096759e-01
0.000000000000000000e+00
7.865194400743723557e-01
1.981957715153364941e+00
1.117892981275010911e+00
5.417803471895115131e-01
7.275810928730293003e-01
2.743339395971460815e-01
8.058873291336540179e-01
9.271074135938779381e-01
6.192616827888944853e-01
1.933523193848741828e-01
8.307423944456070464e-01
4.176088439440506783e-01
5.047920206244591590e-01
6.160465823250711459e-01
0.000000000000000000e+00
0.000000000000000000e+00
3.248822840112836730e+00
0.000000000000000000e+00
8.716452080170842276e-01
1.322648909535848460e-01
6.021425078823964272e-01
1.018688456206932935e+00
2.993112249273053749e+00
5.812607515502390410e-01
3.431690302408728410e+00
7.687014044702725757e-01
1.088554994072177436e-02
1.576828262101420020e+00
