# Ensemble A, m = 25.0, lambda = [  1.42648816e-08  -1.08832993e-08   0.00000000e+00   1.22252794e-09]
1.393053054150408476e+00
3.298160251999830539e+00
2.627623420825528466e+00
1.587131349592332041e+00
2.064286564529691503e+00
3.407148037433930021e+00
1.585343821563155231e+00
2.753455033897017401e+00
1.994803655298071465e+00
3.364856570727714935e+00
1.707708699997413149e+00
2.538162836861026506e+00
1.943237649340590290e+00
3.352947929683421702e+00
3.241467879418215237e+00
3.241276746618231286e+00
2.843285809616284077e+00
2.552186045254935642e+00
2.226940556940948834e+00
2.953065820145872156e+00
3.484549580328150320e+00
2.632566652372361204e+00
2.732411427387742897e+00
2.954678505322327009e+00
2.216098805444600472e+00
2.381432891639878591e+00
3.314089959638170768e+00
2.022503303615974968e+00
3.137812740784156063e+00
1.850388043118316617e+00
2.077298591474840528e+00
2.506298326090518280e+00
2.989807913213344825e+00
2.285866465509512224e+00
2.784328292463954746e+00
2.628940550501337459e+00
2.517576249409697375e+00
2.795521583487649231e+00
2.838400396839319662e+00
1.521491460928291239e+00
2.266088063679905229e+00
3.113513632031982947e+00
3.414012838305825248e+00
2.943523649476714965e+00
3.024819816776841641e+00
2.868268757168837890e+00
2.903291340935070686e+00
2.564160738401477957e+00
3.200932800834756176e+00
2.732975442804364441e+00
3.216989184866806628e+00
3.148700378363981756e+00
1.460862994334181764e+00
3.108769350601392478e+00
3.009278764304073484e+00
2.780873831948474706e+00
2.654263624973461244e+00
2.640976121894711870e+00
2.988057483274929815e+00
2.844205038112253003e+00
2.661232477889003523e+00
1.535338939131627001e+00
1.884498233586194615e+00
2.988104871209459557e+00
3.011104168476533616e+00
3.052479705964359802e+00
2.912012985896072159e+00
2.901745183947116224e+00
2.390433938454853635e+00
2.412692307891598276e+00
2.528035691615065250e+00
1.647063182120908964e+00
1.599984787476415260e+00
1.946322132769581437e+00
2.268248185588742416e+00
3.332333309750912687e+00
2.961077118128420338e+00
1.986444559491591377e+00
2.284191689883915632e+00
1.765454872142644849e+00
3.280930895469750030e+00
2.338488431289263314e+00
2.880361870255338186e+00
2.449162592960550278e+00
1.837791968595167802e+00
3.034849002149978325e+00
2.832387104381629328e+00
2.354288558491321570e+00
2.940156987833673519e+00
3.255488331597688578e+00
3.409983322274449336e+00
1.022423628745032786e+00
2.788105423799986049e+00
2.720152441603738147e+00
3.253901246252853596e+00
2.188125272341260974e+00
2.608563458762891418e+00
3.270860469446486452e+00
3.350118597778583229e+00
1.129599973949138469e+00
