# Ensemble A, m = 25.0, lambda = [  1.15280639e-08  -7.81881638e-09   0.00000000e+00   1.48229307e-09]
1.156267517320484606e+00
2.292154492262469034e+00
0.000000000000000000e+00
2.455001684225019076e+00
2.830658128347221414e+00
2.653833387145343004e+00
2.400415169663716597e+00
6.496921015043789494e-01
8.825665847505450579e-01
2.588468446084501107e+00
1.939186672282864787e+00
4.785316798052843129e-02
7.348405485775051371e-01
2.867200899805060765e-01
1.209573389794901477e+00
1.460444804652024198e+00
0.000000000000000000e+00
1.472189063498755557e+00
0.000000000000000000e+00
5.023092689851035297e-01
8.171144725555448129e-01
1.016669647342251626e+00
1.837290716502531618e+00
8.045980688988062512e-01
2.274168517993171434e+00
6.214654880261085701e-01
1.752121204606552629e+00
2.370555033793051880e+00
2.037431480447071674e-01
4.528709768722977702e-01
0.000000000000000000e+00
2.573506872815203739e+00
2.413794590246121086e+00
1.270921280399166964e+00
9.269073334532607067e-01
6.635514462620328846e-02
1.377334154898163687e+00
1.888650289169103158e-01
1.501641107185671009e+00
1.098953062246220913e+00
3.194549176973662252e-01
7.649130240685971804e-01
3.229867064139175237e-01
7.434353111074952780e-01
2.234388212948538455e-01
0.000000000000000000e+00
8.315331829756418269e-01
2.029579769792675403e+00
6.495923577019570017e-01
0.000000000000000000e+00
1.227547413734843662e+00
0.000000000000000000e+00
1.347984545089481623e+00
1.446666947753845855e+00
2.648044941197866819e+00
1.477621440936732533e+00
1.045141640162203567e+00
2.399145562303061363e-01
2.428970377880577569e+00
5.841592714923842244e-01
2.507986821987276960e-01
1.541444232087282540e+00
4.627453639898194138e-01
2.113434546094856703e+00
5.208180618233899661e-01
1.059816726984600832e+00
7.126494830586007634e-01
1.846233926287619287e+00
0.000000000000000000e+00
1.271713992768985779e+00
2.136130788262410041e-01
0.000000000000000000e+00
1.883608569313724779e+00
9.808478578494503886e-01
1.618215390501364093e-01
1.688898038526569723e+00
0.000000000000000000e+00
1.951168424283668212e+00
0.000000000000000000e+00
8.597603425752540218e-01
8.634352982960130651e-01
1.758393099323470210e+00
3.127679266146135895e+00
0.000000000000000000e+00
2.756107553696642842e+00
0.000000000000000000e+00
1.186544768050988630e+00
1.452678911756410063e+00
1.550280623654554990e+00
7.803636802850796306e-01
1.418830590900853172e+00
1.127259252120227893e-02
3.034949734368362906e-01
2.130935266727934430e+00
0.000000000000000000e+00
1.504483312526567307e+00
7.975235646225367070e-01
2.350885468936716904e+00
1.792761264509090902e+00
2.055255658932462648e+00
