# Ensemble D, m = 50.0, c_n/c_p = 0.85, lambda = [  7.05345213e-09  -5.96545714e-09   0.00000000e+00   5.98793533e-10], exposure = 100000kg years (before eff.)
3.110175080423214222e+00
2.067886885700191080e+00
3.330287009962954237e+00
2.686228633801612808e+00
3.960701121297951932e+00
2.282606380108314070e+00
2.935612635840533891e+00
2.859807695275287553e+00
2.604454037475095962e+00
2.978882681984588388e+00
3.334813767849337474e+00
2.990573123895228669e+00
2.156182661945683865e+00
2.151965968190125089e+00
0.000000000000000000e+00
0.000000000000000000e+00
1.646545255898125060e+00
1.337920895724448389e+00
1.363185198673730447e+00
4.141812107099622331e+00
6.615591955119233258e-01
3.530074054975108844e+00
0.000000000000000000e+00
3.021762593988758461e+00
1.147598240828808569e+00
7.929675093397263730e-01
2.326804001638529407e+00
2.016172684380978630e+00
9.037835104537991215e-01
3.285982980064262815e+00
2.637635611597311858e+00
1.691055263426080923e+00
8.877103258226427818e-02
3.351117996495539320e+00
2.804244791996499231e+00
2.302612540213009762e+00
3.370773027256167786e+00
2.524427894992881338e+00
2.207727593553374668e+00
1.019028115821425606e+00
2.600168946852159824e+00
9.304475031910274252e-01
2.819461119196562393e+00
1.776787177451039756e+00
9.840825064612078732e-01
0.000000000000000000e+00
1.797216550877345220e+00
2.084725621817093977e+00
2.106865538714257191e+00
3.993989467089412049e+00
1.252841177739987932e+00
3.490630340924195885e+00
1.257062270312859997e+00
1.853120751932367360e+00
3.174409427320934007e+00
1.022456725381948539e+00
1.839300991839981414e+00
1.864806548702774514e+00
3.157776806674698733e+00
3.054796357217508529e+00
3.362484814454751003e+00
1.581038135164499536e+00
2.423152495112957716e+00
0.000000000000000000e+00
3.654097995524486553e+00
3.128847647775177432e+00
3.198023423012647193e+00
5.035145058521512063e+00
1.926954679518853908e+00
2.283715466783422965e+00
6.053200172874312557e+00
3.271524879945988395e+00
2.286712061562962806e+00
1.403713972073463268e+00
4.861651711349973759e+00
2.875634492253111407e+00
1.218051230380281735e+00
3.775510854733338029e+00
1.108534919678342945e+00
4.054739881676503899e+00
3.377023939145725517e+00
1.326587758978754472e+00
2.813428923705663998e+00
3.360188877132864516e+00
1.638021128788057501e+00
2.900901177919389173e+00
7.936332416079164842e-01
2.289265378985286148e+00
4.216941468839752183e+00
2.667918443548382257e+00
1.590780021882369333e+00
1.766025709809455613e+00
1.103317061910679797e+00
3.750872508149904583e+00
3.450556183178435266e+00
1.636057251329222417e+00
0.000000000000000000e+00
3.356481293715324554e+00
5.145734523323254983e+00
2.360291635362213203e+00
