# Ensemble D, m = 50.0, c_n/c_p = 0.65, lambda = [  1.39374279e-08  -9.01403148e-09   0.00000000e+00   9.04799687e-10], exposure = 2264kg years (before eff.)
1.375908589936419402e+00
0.000000000000000000e+00
7.907808589946403455e-01
0.000000000000000000e+00
5.443769553773314396e-01
4.724190310903050305e-01
0.000000000000000000e+00
9.822163296595225190e-02
0.000000000000000000e+00
1.288712547762989047e+00
4.931561360983273135e-01
0.000000000000000000e+00
0.000000000000000000e+00
2.667044739261004160e+00
0.000000000000000000e+00
1.812331861458615634e-01
2.013872928924193673e+00
0.000000000000000000e+00
0.000000000000000000e+00
1.091509085106608712e+00
7.298730600843937877e-01
0.000000000000000000e+00
1.287683195438634520e+00
0.000000000000000000e+00
1.128830855471209427e+00
2.288382156484853602e-01
1.751454495046995463e+00
0.000000000000000000e+00
0.000000000000000000e+00
6.963810660452908197e-01
0.000000000000000000e+00
0.000000000000000000e+00
0.000000000000000000e+00
6.289462173835553838e-01
1.430612088965617978e+00
1.175132844859491321e+00
0.000000000000000000e+00
4.597872316083704836e-01
3.678140173353828257e-01
3.687167532732227859e-01
1.169916192996989235e+00
0.000000000000000000e+00
4.849986236197627310e-02
8.032535798937937566e-01
0.000000000000000000e+00
1.175570584456610002e-01
0.000000000000000000e+00
5.664263119897724463e-01
1.477393835089308105e+00
0.000000000000000000e+00
1.609402868972848122e+00
0.000000000000000000e+00
0.000000000000000000e+00
1.117608181118419530e+00
0.000000000000000000e+00
9.758886324968730763e-01
4.044941234134325631e-02
6.766654773967510916e-01
0.000000000000000000e+00
1.944720239021301422e-01
8.250010846165516387e-01
1.531124995917522158e+00
0.000000000000000000e+00
0.000000000000000000e+00
9.898053631500381977e-01
1.372808494651423183e+00
0.000000000000000000e+00
2.499251855152682555e+00
2.572074220087863239e-01
8.064278778818144700e-01
1.673551407910422562e+00
4.475154483796720539e-01
0.000000000000000000e+00
0.000000000000000000e+00
1.682114267144896758e+00
0.000000000000000000e+00
1.986590797801886410e+00
7.552097421038193037e-01
0.000000000000000000e+00
6.396602728883875599e-01
7.371499335143643084e-01
2.187740374416717870e+00
4.388547303650441322e-01
0.000000000000000000e+00
2.234033123113258468e-01
2.846001650604447208e-01
0.000000000000000000e+00
2.110954607173735897e-01
0.000000000000000000e+00
2.153622447107719426e-02
8.027803786003046005e-01
6.103105050522185104e-01
0.000000000000000000e+00
0.000000000000000000e+00
7.024721405759506432e-01
8.042150299994595963e-01
8.741204002688763852e-01
1.473048664628004101e+00
1.596863682691289421e+00
0.000000000000000000e+00
