# Ensemble D, m = 50.0, c_n/c_p = 0.65, lambda = [  1.39374279e-08  -9.01403148e-09   0.00000000e+00   9.04799687e-10], exposure = 32819kg years (before eff.)
1.640869102705992510e+00
7.805826870624227309e-01
2.351066666331123489e+00
0.000000000000000000e+00
0.000000000000000000e+00
1.631769434554279918e+00
3.801474334008694278e+00
1.564945584866954231e+00
1.187092572977038074e+00
1.385137030113288148e+00
3.075949079449126211e-01
0.000000000000000000e+00
2.259547171407434440e+00
1.371722060593237202e+00
3.093895411099535586e+00
0.000000000000000000e+00
1.959076160499225949e+00
8.312383896274315731e-01
2.157204827712424944e+00
1.330596124049812534e+00
1.253420243142515211e+00
3.686396862679779840e+00
0.000000000000000000e+00
1.887183738077456097e+00
7.603073395301579440e-01
1.736212471428591808e+00
1.528673093204839573e+00
1.444912741767995890e+00
1.699520895287468747e+00
1.091841768819293845e+00
6.020801181540911262e-01
1.318060606987986549e+00
2.654347148262538703e+00
1.090398262122248108e+00
1.919087600010247030e+00
1.145028036177496045e+00
0.000000000000000000e+00
2.337450542190655511e+00
5.385041241258097244e-01
7.915707638030219373e-01
1.966608713159821109e+00
4.262349328017924766e-01
3.345275161397609942e+00
6.034884173141074060e-01
1.585223140524133489e+00
0.000000000000000000e+00
1.391718775133464758e+00
2.618642325851725960e+00
2.425520796861599049e+00
2.489448122812336628e+00
1.636046818853573503e+00
1.346840947344214445e+00
1.547533870835667402e+00
3.947061585375890025e-01
2.006297345491113937e+00
1.268300893704877419e+00
1.609784871042641452e+00
2.242577555257046829e+00
1.202705448531985244e+00
1.663320224865509234e+00
1.910836598783423046e+00
1.266913230611600882e+00
1.754202809893241621e+00
2.630512172913454627e+00
3.284857028400846257e+00
2.536203637577974401e+00
2.223894250567630682e+00
7.254076147268472274e-01
2.873271016706995695e+00
2.239731041423678626e+00
6.884348968111400069e-01
1.387675070724718740e+00
2.244430205670508993e+00
1.245190100297402624e+00
7.091720488382223797e-01
8.075049566109524513e-01
1.981511615708194229e+00
1.709457408905319609e+00
2.172934510197827684e+00
0.000000000000000000e+00
1.562102272840037553e+00
8.855653747569917078e-01
6.712396520295478286e-01
1.679759234426633441e+00
1.092127973333258256e-01
1.278912608699064979e+00
2.906847075494894961e-01
1.058543980361312808e+00
5.022403181317603993e-01
9.585076529510317966e-01
4.843055773210930837e-01
1.372511448034844594e+00
9.278209628559157540e-01
1.367002281340773617e+00
1.807664558298530011e+00
0.000000000000000000e+00
2.388618830198832477e+00
1.408074529853551748e+00
6.246897399011140939e-01
2.439937634806741418e+00
