# Ensemble D, m = 50.0, c_n/c_p = 0.75, lambda = [  1.35282138e-08  -1.00954295e-08   0.00000000e+00   1.01334697e-09], exposure = 244kg years (before eff.)
0.000000000000000000e+00
0.000000000000000000e+00
5.033692148325497051e-01
0.000000000000000000e+00
0.000000000000000000e+00
0.000000000000000000e+00
0.000000000000000000e+00
1.219053258957576193e-02
8.706452806812882139e-01
0.000000000000000000e+00
7.117166473026871609e-02
0.000000000000000000e+00
2.224995991943461981e-01
1.768836227587487894e-03
0.000000000000000000e+00
3.667640724969274402e-01
0.000000000000000000e+00
0.000000000000000000e+00
7.703473756066050449e-01
6.239190594508087218e-01
9.031885051799650732e-01
0.000000000000000000e+00
0.000000000000000000e+00
7.750630494018622141e-01
8.654310026369588238e-02
0.000000000000000000e+00
0.000000000000000000e+00
3.241951782492438205e-01
0.000000000000000000e+00
2.145457609331908877e-01
0.000000000000000000e+00
4.454756515769834647e-03
0.000000000000000000e+00
0.000000000000000000e+00
0.000000000000000000e+00
0.000000000000000000e+00
1.336545572273040161e+00
4.440237323537015723e-01
0.000000000000000000e+00
0.000000000000000000e+00
0.000000000000000000e+00
0.000000000000000000e+00
7.955709268475161799e-01
0.000000000000000000e+00
4.506940444065823254e-02
8.228514068260567305e-01
5.768670459448461962e-02
1.145947369580930131e+00
0.000000000000000000e+00
0.000000000000000000e+00
9.305430869556873263e-01
0.000000000000000000e+00
1.227692311714344287e-01
0.000000000000000000e+00
0.000000000000000000e+00
1.023765794369804416e+00
1.171502825562473066e-01
0.000000000000000000e+00
3.510507115196534467e-01
0.000000000000000000e+00
0.000000000000000000e+00
0.000000000000000000e+00
2.840822661522350301e-01
0.000000000000000000e+00
0.000000000000000000e+00
0.000000000000000000e+00
0.000000000000000000e+00
0.000000000000000000e+00
0.000000000000000000e+00
0.000000000000000000e+00
0.000000000000000000e+00
0.000000000000000000e+00
0.000000000000000000e+00
7.106542170847222062e-01
1.006025581777206940e-01
1.001891910003557262e+00
0.000000000000000000e+00
0.000000000000000000e+00
0.000000000000000000e+00
9.727122283550000414e-01
0.000000000000000000e+00
0.000000000000000000e+00
0.000000000000000000e+00
5.010885252976186033e-01
0.000000000000000000e+00
1.548185078764438387e-02
0.000000000000000000e+00
0.000000000000000000e+00
0.000000000000000000e+00
0.000000000000000000e+00
1.647770158400630736e-01
2.251291883278796688e-02
0.000000000000000000e+00
8.893329048662271807e-01
0.000000000000000000e+00
0.000000000000000000e+00
0.000000000000000000e+00
0.000000000000000000e+00
0.000000000000000000e+00
8.017120278150935420e-01
