# Ensemble D, m = 50.0, c_n/c_p = 0.7, lambda = [  1.68644389e-08  -1.17460817e-08   0.00000000e+00   1.17903416e-09], exposure = 305kg years (before eff.)
0.000000000000000000e+00
9.104319747345188674e-01
0.000000000000000000e+00
6.754531159206054181e-01
3.781039759414777657e-01
0.000000000000000000e+00
0.000000000000000000e+00
0.000000000000000000e+00
3.894945025960137586e-01
6.668314294275942133e-01
0.000000000000000000e+00
3.015328598761976564e-01
0.000000000000000000e+00
0.000000000000000000e+00
0.000000000000000000e+00
0.000000000000000000e+00
0.000000000000000000e+00
0.000000000000000000e+00
0.000000000000000000e+00
5.689041384508148891e-01
0.000000000000000000e+00
0.000000000000000000e+00
5.147391067958314581e-01
6.563420663780381581e-01
1.942487493205498350e-01
0.000000000000000000e+00
5.711935949692892311e-01
5.657333605480294736e-01
5.306135012626308489e-01
0.000000000000000000e+00
0.000000000000000000e+00
0.000000000000000000e+00
0.000000000000000000e+00
2.223968207002893216e-01
1.190483129392968742e+00
1.875153582166053448e-02
6.552655166089742522e-01
0.000000000000000000e+00
2.639309740556040063e-01
5.185882636692367154e-01
5.572173773104012184e-01
1.256421894412305562e+00
0.000000000000000000e+00
0.000000000000000000e+00
0.000000000000000000e+00
5.438833407039604939e-01
7.121944338532226748e-01
0.000000000000000000e+00
5.392289469722777451e-01
0.000000000000000000e+00
9.122519803706389263e-01
3.169700603397286875e-01
8.088633871414859788e-01
0.000000000000000000e+00
3.190622962228992915e-02
5.265040001025753785e-02
0.000000000000000000e+00
0.000000000000000000e+00
0.000000000000000000e+00
0.000000000000000000e+00
0.000000000000000000e+00
1.191211323280715551e+00
8.136140428165736793e-01
1.392602455329704281e+00
1.269765615156671856e+00
0.000000000000000000e+00
9.474222334357186928e-03
6.103709792725534600e-01
0.000000000000000000e+00
9.621280401476072219e-01
6.114751443345367576e-01
0.000000000000000000e+00
2.792689818205837948e-01
2.223747919139350965e-02
8.846459548240264148e-01
6.775987928923246084e-01
0.000000000000000000e+00
1.200703557765639307e+00
0.000000000000000000e+00
0.000000000000000000e+00
0.000000000000000000e+00
5.538913037036814480e-01
0.000000000000000000e+00
3.688391700942771356e-01
0.000000000000000000e+00
0.000000000000000000e+00
0.000000000000000000e+00
0.000000000000000000e+00
0.000000000000000000e+00
5.885230882030499933e-01
1.285307149770109625e+00
1.288830019687034367e+00
3.959124310068083408e-01
0.000000000000000000e+00
0.000000000000000000e+00
0.000000000000000000e+00
0.000000000000000000e+00
0.000000000000000000e+00
0.000000000000000000e+00
5.240185492090660979e-01
