# Ensemble D, m = 50.0, c_n/c_p = 0.7, lambda = [  1.68644389e-08  -1.17460817e-08   0.00000000e+00   1.17903416e-09], exposure = 10771kg years (before eff.)
2.641295835104386480e+00
2.456711214188309622e+00
2.301210020559244729e+00
1.439917954936021038e+00
2.914966198007748144e+00
4.159086037760125976e+00
3.144221132143603992e+00
3.172512432320115483e+00
2.045334221785790607e+00
2.152507683861444310e+00
2.350080719394394446e+00
3.073069515449315503e+00
0.000000000000000000e+00
3.288829630728651754e+00
4.903872208884462403e+00
2.041742801874563362e+00
4.262100205222545846e+00
1.899706400484993507e+00
2.207133012687945151e+00
2.804173007441569165e+00
2.482996941399490787e+00
2.188421273256692334e+00
3.215796062785702958e+00
1.354674140738320709e+00
1.573967535144203511e+00
4.334758595347783405e+00
2.580000974900733546e+00
4.218071365347954682e+00
1.174410228424618063e+00
4.018706341210156019e+00
3.055253408737176546e+00
1.923919462054926921e+00
2.692519675951407176e+00
2.813821406227422717e+00
2.232513006845584957e+00
1.462115134194013066e+00
3.055493889635924720e+00
2.521479166583352693e+00
2.696990268143383052e+00
4.348693584779020682e+00
3.108118657893240933e+00
1.800425092601952493e+00
4.209062427032163711e+00
2.911926723946069107e+00
1.237025941901974679e+00
2.368871510376680867e+00
1.417566969348402761e+00
2.843822849601420621e+00
3.172184343179968113e+00
2.942372178139427863e+00
1.602400030530960251e+00
2.720984346358820360e+00
4.897640378896397806e+00
3.391056021848175117e+00
3.284182215882989642e+00
2.501994328558678315e+00
2.857732632693895880e+00
2.968516123507813464e+00
2.618944856893810069e+00
3.999304002349405529e+00
2.553334855306915063e+00
2.369942005031737686e+00
2.471404733467005066e+00
3.025024420358739086e+00
5.110754386745437472e+00
3.336569260934458825e+00
3.650285686005345642e+00
4.018206301915415501e+00
2.901454541620064553e+00
3.051638840027041333e+00
2.616300731733638862e+00
3.829086078340406818e+00
1.876801725053306447e+00
2.589856540062511758e+00
2.614439266726021227e+00
3.127245084344179027e+00
3.254509930804239115e+00
3.169964608492981117e+00
4.004997745154028621e+00
3.920083435517597081e+00
2.555327802321085251e+00
3.073576408879080013e+00
4.780910093613014666e+00
3.693471562290455257e+00
3.872768345858013994e+00
7.489918463210680499e-02
4.430990398293071841e+00
2.702555182492347718e+00
0.000000000000000000e+00
2.222939719638877598e+00
3.076327595682188054e+00
3.188053903573497827e+00
4.123575848316322734e+00
1.525046922426897211e+00
2.516559609568144840e+00
2.994855636281751998e+00
3.453575719532771426e+00
1.851662507997711593e+00
3.352602359333535897e+00
2.254498277123865968e+00
