# Ensemble D, m = 50.0, c_n/c_p = 0.65, lambda = [  1.39374279e-08  -9.01403148e-09   0.00000000e+00   9.04799687e-10], exposure = 244kg years (before eff.)
0.000000000000000000e+00
6.477071861658293406e-01
8.331415481896126130e-01
1.030299883576607289e+00
0.000000000000000000e+00
0.000000000000000000e+00
0.000000000000000000e+00
0.000000000000000000e+00
3.917739729791898662e-01
7.595414376312610294e-01
0.000000000000000000e+00
8.372305706840244000e-01
1.004069811771250542e+00
7.317429588034639609e-01
1.811337125969296191e-01
1.072753400261308387e+00
0.000000000000000000e+00
0.000000000000000000e+00
0.000000000000000000e+00
0.000000000000000000e+00
0.000000000000000000e+00
7.573886826103183312e-01
9.652202866390439118e-01
0.000000000000000000e+00
5.677997391168878583e-01
3.451678116028063514e-01
8.356961521610494215e-01
6.713508808667605354e-01
0.000000000000000000e+00
1.417954871296521757e+00
2.591620225894773755e-02
0.000000000000000000e+00
0.000000000000000000e+00
0.000000000000000000e+00
0.000000000000000000e+00
2.438944336043236960e-01
0.000000000000000000e+00
1.547182136566255251e-01
2.290249877176334103e-01
0.000000000000000000e+00
5.849723165505233968e-01
0.000000000000000000e+00
2.299418263832837539e-01
0.000000000000000000e+00
2.295501750979584976e-01
6.313624462265406967e-01
0.000000000000000000e+00
8.100973850625823314e-01
9.531285602800780854e-01
0.000000000000000000e+00
1.454310546135635596e+00
0.000000000000000000e+00
0.000000000000000000e+00
1.496802163187216719e-02
0.000000000000000000e+00
0.000000000000000000e+00
1.442794674156162305e-01
0.000000000000000000e+00
7.156542914324721671e-01
0.000000000000000000e+00
0.000000000000000000e+00
0.000000000000000000e+00
0.000000000000000000e+00
6.351748840201425494e-01
0.000000000000000000e+00
3.363308935706089686e-01
5.834938478340120360e-01
4.719467978982196388e-01
0.000000000000000000e+00
3.577644469453379605e-02
0.000000000000000000e+00
1.297871007806968846e-01
7.300240084327389196e-03
3.570757883882174077e-01
0.000000000000000000e+00
4.037580865495224436e-01
8.522408041707059123e-01
0.000000000000000000e+00
0.000000000000000000e+00
0.000000000000000000e+00
0.000000000000000000e+00
0.000000000000000000e+00
1.049747658661857486e+00
0.000000000000000000e+00
0.000000000000000000e+00
0.000000000000000000e+00
4.134213255936253772e-01
6.243301599165094196e-01
0.000000000000000000e+00
1.485735381506805564e-01
0.000000000000000000e+00
0.000000000000000000e+00
1.385096878444793400e-01
0.000000000000000000e+00
5.832971853385742200e-01
8.936967440594743850e-02
3.059606420869440124e-01
0.000000000000000000e+00
0.000000000000000000e+00
0.000000000000000000e+00
