# Ensemble D, m = 50.0, c_n/c_p = 0.8, f = -0.995
# lambda = [  9.53805438e-09  -7.59229128e-09   0.00000000e+00   7.62089948e-10]
# exposure (of 3rd experiment) = 195kg years (before efficiency cut)
0.000000000000000000e+00
9.541530558249268212e-01
6.427207422815515159e-01
0.000000000000000000e+00
0.000000000000000000e+00
0.000000000000000000e+00
0.000000000000000000e+00
0.000000000000000000e+00
5.633843744387077856e-02
0.000000000000000000e+00
8.155500725810966856e-01
0.000000000000000000e+00
0.000000000000000000e+00
0.000000000000000000e+00
0.000000000000000000e+00
0.000000000000000000e+00
0.000000000000000000e+00
0.000000000000000000e+00
0.000000000000000000e+00
0.000000000000000000e+00
0.000000000000000000e+00
7.256168052731893914e-01
0.000000000000000000e+00
6.974342761117621192e-01
0.000000000000000000e+00
0.000000000000000000e+00
0.000000000000000000e+00
0.000000000000000000e+00
0.000000000000000000e+00
0.000000000000000000e+00
0.000000000000000000e+00
0.000000000000000000e+00
5.231040879903022800e-01
0.000000000000000000e+00
8.103242258655227737e-01
0.000000000000000000e+00
0.000000000000000000e+00
7.946714227582483969e-02
0.000000000000000000e+00
0.000000000000000000e+00
0.000000000000000000e+00
9.515418267008306508e-01
0.000000000000000000e+00
0.000000000000000000e+00
0.000000000000000000e+00
0.000000000000000000e+00
0.000000000000000000e+00
0.000000000000000000e+00
6.133020152856111240e-01
0.000000000000000000e+00
0.000000000000000000e+00
0.000000000000000000e+00
9.725577669950991044e-02
0.000000000000000000e+00
0.000000000000000000e+00
1.912788970530643062e-01
0.000000000000000000e+00
3.640447555893822074e-02
0.000000000000000000e+00
0.000000000000000000e+00
0.000000000000000000e+00
0.000000000000000000e+00
5.166948405766704777e-01
3.825838018964732024e-02
0.000000000000000000e+00
8.655564589734798808e-01
1.627029418677000905e+00
0.000000000000000000e+00
0.000000000000000000e+00
0.000000000000000000e+00
0.000000000000000000e+00
0.000000000000000000e+00
1.202122265206263529e+00
0.000000000000000000e+00
0.000000000000000000e+00
0.000000000000000000e+00
0.000000000000000000e+00
0.000000000000000000e+00
8.547414526364234266e-01
0.000000000000000000e+00
5.042088982450398937e-01
0.000000000000000000e+00
1.057884703238869850e+00
8.491663530943181770e-02
0.000000000000000000e+00
0.000000000000000000e+00
7.281322275598203220e-01
8.714128327694444787e-01
0.000000000000000000e+00
4.537951870083416911e-02
0.000000000000000000e+00
0.000000000000000000e+00
1.367041821813084201e-01
0.000000000000000000e+00
0.000000000000000000e+00
9.416074375156848753e-01
0.000000000000000000e+00
0.000000000000000000e+00
0.000000000000000000e+00
7.778039439833318580e-01
