# Ensemble D, m = 50.0, c_n/c_p = 0.85, lambda = [  7.05345213e-09  -5.96545714e-09   0.00000000e+00   5.98793533e-10], exposure = 32819kg years (before eff.)
0.000000000000000000e+00
2.324050125406955658e-01
2.500933854952672508e+00
1.791744770416118016e+00
3.679975118681041435e-01
1.275868780432927174e+00
1.075829604547321044e-01
1.086759508703668553e+00
1.575148149146597731e+00
0.000000000000000000e+00
4.090229244073291803e-01
3.024000220296799490e+00
1.615050028223320666e+00
6.537334697859995547e-01
4.400449381163820561e+00
3.698092717583011169e+00
1.575514251747248462e+00
1.432435515346649257e+00
4.343905708090045614e+00
2.075476377423487229e+00
2.809168506284572597e+00
3.888466887611935263e+00
1.544963034230540044e+00
1.471303187963958134e-02
1.575034263226252618e+00
1.671679253881027449e+00
0.000000000000000000e+00
1.271343578063494073e+00
2.698429967499555993e+00
0.000000000000000000e+00
4.708169737052409154e+00
1.595049864722598798e+00
2.161936298126772904e+00
8.488811999493353078e-01
2.755304077739188506e-01
2.092039368478376016e+00
2.886402387503914202e+00
0.000000000000000000e+00
2.051742107758210309e+00
0.000000000000000000e+00
3.486771551621233201e+00
8.339632421947673624e-01
1.318058947363001554e+00
2.447237057358108370e+00
3.713291044349078529e-01
1.938015279056029438e+00
4.015579533566157266e+00
2.027401809856322235e+00
8.903843451074717752e-01
1.363421142793046936e+00
1.278357099691194598e+00
1.940763703302053944e+00
0.000000000000000000e+00
2.790641381937463805e+00
5.486085968417818703e-01
1.558689812341756298e+00
1.845598869874310877e-01
1.722689362541694802e+00
0.000000000000000000e+00
0.000000000000000000e+00
9.997908352149664779e-01
0.000000000000000000e+00
4.359513290259079965e-01
1.013966128084820451e+00
1.602140151380158528e+00
0.000000000000000000e+00
1.850438880371983563e+00
0.000000000000000000e+00
8.911608943874623767e-01
7.448290564394365321e-01
0.000000000000000000e+00
5.825472746656115142e-01
4.132010988217309944e+00
0.000000000000000000e+00
0.000000000000000000e+00
0.000000000000000000e+00
0.000000000000000000e+00
0.000000000000000000e+00
1.515096666070871567e+00
1.858291401513927354e+00
2.752417651736593363e-01
1.667864385039445452e+00
7.958743283476011898e-01
3.315490055769640509e+00
1.113383382940070554e+00
3.245393693969621296e+00
5.091182735972828999e-01
7.656732765563624143e-01
1.143246552787500203e+00
1.767303283314598072e+00
0.000000000000000000e+00
0.000000000000000000e+00
1.405099331878442825e+00
0.000000000000000000e+00
1.698690920601607868e+00
3.660752520059952220e-01
8.444906044974246351e-01
0.000000000000000000e+00
2.132119387595648341e+00
2.189827002665015065e+00
