# Ensemble D, m = 50.0, c_n/c_p = 0.8, lambda = [  9.53805438e-09  -7.59229128e-09   0.00000000e+00   7.62089948e-10], exposure = 5520kg years (before eff.)
2.570630268902056592e+00
1.146954517822245556e+00
8.166268976119354095e-01
2.297374899838804385e+00
1.560680175194083086e+00
6.974340180961902114e-01
2.468102204967048685e+00
9.629171538879165437e-01
0.000000000000000000e+00
2.371854103781574796e+00
1.808437069543030518e+00
1.029673236706201811e+00
8.904153903432640016e-01
1.101629954697457947e+00
0.000000000000000000e+00
2.381250225327768089e+00
2.275049344541351548e+00
3.541972387650648812e+00
0.000000000000000000e+00
1.572580556230653182e+00
3.111483165604084888e+00
1.318782626961554127e+00
4.192414632225259119e+00
2.100282381203911530e+00
1.074756889610811950e+00
0.000000000000000000e+00
1.433282749842724968e+00
1.672118385721830691e+00
1.764031283624086566e+00
1.315682453642541549e+00
2.488923645080762359e+00
7.865889845463804875e-01
2.865477006554479344e-01
2.185797519696884628e+00
3.310301608181245303e+00
2.199478091967574489e+00
1.483240027571427033e+00
1.261688345198292094e+00
6.984906849219940650e-01
2.313697118365858341e+00
0.000000000000000000e+00
1.773497741727959320e-01
1.869430158373510897e+00
1.033443512995617208e+00
1.869759315145411493e+00
2.545068747118034214e+00
1.446947214235527301e+00
2.557120616108320199e+00
3.668753999436488389e+00
2.672194742647792332e+00
1.342010023411006170e+00
0.000000000000000000e+00
2.842090696733356459e-01
2.435485851247769507e+00
2.704935197432950300e+00
2.506356686500256448e+00
2.182841406153725572e+00
2.725783839457812441e+00
1.288886797572407428e+00
2.653520599114791434e-01
1.101432459450800705e+00
2.394999799750769931e+00
0.000000000000000000e+00
1.335546587592915779e+00
3.398426901991426163e+00
1.438471335166372045e+00
2.585117259961374092e+00
1.323446229984825084e+00
4.463748631632155295e+00
1.431227232953525608e+00
9.782542852304387804e-01
1.645702268009464841e+00
2.261348956152620104e+00
7.716990858228469641e-01
0.000000000000000000e+00
1.969865685100967490e+00
2.636582888774132716e+00
2.317663694007873421e+00
1.072036438426661187e+00
2.230291068975613467e+00
2.277340432975346385e+00
4.418403115852221896e-01
2.629855985187077305e+00
1.235802218846752343e+00
2.612328862367490956e+00
3.582027341787902053e+00
0.000000000000000000e+00
2.204069895876149765e+00
6.231059544648103188e-01
1.369362323479244026e+00
1.969793483596807393e+00
1.851822598588060753e+00
2.354017353338050622e+00
2.727701063123931124e+00
9.693487086067471559e-01
3.124899490099061872e+00
3.235042571487390273e+00
1.829412428785975875e+00
9.705065404798243200e-01
0.000000000000000000e+00
