# Ensemble D, m = 50.0, c_n/c_p = 0.65, lambda = [  1.39374279e-08  -9.01403148e-09   0.00000000e+00   9.04799687e-10], exposure = 1160kg years (before eff.)
0.000000000000000000e+00
1.102832052420005926e+00
0.000000000000000000e+00
1.225510241087950813e+00
0.000000000000000000e+00
0.000000000000000000e+00
0.000000000000000000e+00
1.369018383613372691e+00
0.000000000000000000e+00
9.596310936473116948e-01
0.000000000000000000e+00
0.000000000000000000e+00
0.000000000000000000e+00
0.000000000000000000e+00
0.000000000000000000e+00
0.000000000000000000e+00
1.783168914834673435e+00
0.000000000000000000e+00
1.126589844535052176e+00
0.000000000000000000e+00
0.000000000000000000e+00
0.000000000000000000e+00
1.229780688175336145e+00
0.000000000000000000e+00
0.000000000000000000e+00
0.000000000000000000e+00
3.973730194604732646e-01
7.163984633099125254e-01
1.084769766736557450e+00
2.309426122218076749e-01
1.050079459183566488e+00
0.000000000000000000e+00
0.000000000000000000e+00
6.162612272903332800e-01
0.000000000000000000e+00
0.000000000000000000e+00
2.906068629212830157e-01
1.327434855001040637e+00
6.815881088240305363e-01
0.000000000000000000e+00
0.000000000000000000e+00
0.000000000000000000e+00
4.177514750125501108e-01
7.785996801712948834e-01
1.112763048274972189e+00
6.680772932945789888e-01
0.000000000000000000e+00
0.000000000000000000e+00
7.152402594799031621e-02
5.291468403474453019e-01
5.125546600308029666e-01
8.111466802399226461e-01
5.875695362564663238e-02
5.960497661191122010e-01
1.214858505305002612e-01
0.000000000000000000e+00
0.000000000000000000e+00
0.000000000000000000e+00
0.000000000000000000e+00
0.000000000000000000e+00
1.788752656395505625e+00
5.506576896092104656e-01
0.000000000000000000e+00
0.000000000000000000e+00
3.865876436359085844e-01
0.000000000000000000e+00
0.000000000000000000e+00
5.720849459808045046e-01
1.414868669250473054e+00
0.000000000000000000e+00
3.332369154586841686e-01
0.000000000000000000e+00
0.000000000000000000e+00
0.000000000000000000e+00
0.000000000000000000e+00
1.815377733986038411e+00
0.000000000000000000e+00
1.392552540937349814e+00
5.381705607978768402e-01
4.530302053703949561e-01
0.000000000000000000e+00
0.000000000000000000e+00
0.000000000000000000e+00
1.857348385309518290e+00
1.753024198067563155e+00
9.053777490088394941e-01
0.000000000000000000e+00
0.000000000000000000e+00
0.000000000000000000e+00
1.369883721857661385e+00
5.171769291544159319e-01
1.133327531558978141e+00
1.168599206337182395e+00
9.868179999838005978e-01
1.910444254946581655e+00
0.000000000000000000e+00
0.000000000000000000e+00
7.860298144596237213e-01
0.000000000000000000e+00
0.000000000000000000e+00
