# Ensemble D, m = 50.0, c_n/c_p = 0.65, lambda = [  1.39374279e-08  -9.01403148e-09   0.00000000e+00   9.04799687e-10], exposure = 51248kg years (before eff.)
4.624492602485787418e-01
1.399663857629248609e+00
2.310980727679001756e+00
4.255757037620637284e+00
1.470704228332677443e+00
9.684786244915318809e-01
2.621292332461024444e+00
1.993108103013433441e+00
0.000000000000000000e+00
2.374876634727987934e+00
2.220953229512324878e+00
1.464430935849791116e+00
7.694137230435715846e-01
3.630978524241244010e+00
1.768473614822629658e+00
0.000000000000000000e+00
4.280104762078932867e-01
2.132463643169201895e+00
4.512120905769383405e-01
2.048487902535061522e+00
2.051024925210654659e-01
1.479915294506668699e+00
2.300684977511236795e+00
2.371050403287913166e+00
1.923943859213880669e+00
4.950203494238671897e-01
1.118139192192704634e+00
1.976993873280265213e+00
1.364771163590865921e+00
2.132297426393660267e+00
8.677085554714435434e-01
1.906446519384607408e+00
1.641874248988965945e+00
1.101851413907573463e+00
1.642033429654843335e+00
4.096595040675533816e+00
1.158228263429012417e+00
1.606395070166908745e+00
8.917340900587122920e-01
2.298901116698011560e+00
1.632595853526252361e+00
1.380348559597361469e+00
2.427571053792366484e+00
2.384001778449600817e+00
2.368790089851749991e-01
9.571300984235119325e-01
2.016338699032032000e-01
6.962264292808810762e-01
3.900651940308186294e-01
2.132326544015092473e+00
7.076447908356517935e-01
2.487190972213773499e+00
7.636715837294051346e-01
3.889338626061636273e+00
1.635511515882991818e+00
2.672959539638241289e+00
1.700590058809998251e+00
1.718696913587569153e+00
1.574852339354601227e+00
0.000000000000000000e+00
3.579253037734588361e+00
1.966999387918010322e+00
3.103502019807953705e+00
1.095705120911690145e+00
1.796588542273976685e+00
1.002193350366288316e+00
1.033829459649836302e+00
1.151210234014740541e+00
3.281376031551073713e-01
3.398473982172865338e+00
2.385234640105894588e+00
2.393305992333330856e+00
3.309150878728832623e+00
1.862038742869396080e+00
2.112447977929906351e+00
1.009297689800019882e+00
7.543419289162424102e-01
7.169510424449537789e-01
1.259629042988440473e+00
2.822317150351349113e+00
2.306804697669885496e+00
1.233600742592104282e+00
1.004654203161024606e+00
0.000000000000000000e+00
2.414226940312087510e+00
2.626069511532948209e+00
1.835469649523165270e+00
1.909319093754352714e+00
1.581445796360833711e+00
1.404985836285888690e+00
1.209492333060888880e+00
9.253402063385011145e-01
3.784267323313789344e+00
1.601513407678694101e+00
1.335741682169285793e+00
1.230135243493232222e+00
2.348029191544921179e+00
2.371030834023938105e+00
2.662098512435661313e+00
7.767576812026144584e-01
