# Ensemble D, m = 50.0, c_n/c_p = 0.65, lambda = [  1.39374279e-08  -9.01403148e-09   0.00000000e+00   9.04799687e-10], exposure = 476kg years (before eff.)
4.859971170612674141e-01
0.000000000000000000e+00
0.000000000000000000e+00
0.000000000000000000e+00
6.412656756928459822e-01
8.570101771091638565e-02
1.071445228632724289e+00
7.832872633823216857e-01
9.969935503832138002e-01
8.413139117034682535e-01
9.980505758002253258e-02
1.362693510817059472e+00
9.855190649432390426e-01
6.387150070679115110e-01
0.000000000000000000e+00
0.000000000000000000e+00
4.548672456880127613e-02
9.966468847047982305e-01
0.000000000000000000e+00
0.000000000000000000e+00
0.000000000000000000e+00
1.155865176947854511e+00
6.147143207083691913e-02
6.220454993903700575e-02
0.000000000000000000e+00
2.767316141471020119e-01
0.000000000000000000e+00
0.000000000000000000e+00
1.299608319475410667e+00
6.386931384813028245e-01
0.000000000000000000e+00
1.382107821082838139e+00
4.802262363523001065e-01
0.000000000000000000e+00
0.000000000000000000e+00
4.523466798748928541e-01
0.000000000000000000e+00
5.253552939921553033e-01
1.515729049853621335e+00
0.000000000000000000e+00
8.285648457237820841e-01
2.048286556159212013e-01
6.597523936026851443e-02
6.022386874514344957e-01
8.312424861151433975e-01
0.000000000000000000e+00
3.717767898034823326e-01
0.000000000000000000e+00
0.000000000000000000e+00
1.167940176908293548e+00
0.000000000000000000e+00
0.000000000000000000e+00
1.058577840752123356e+00
2.936728263235515168e-01
5.508477800851724338e-01
1.080968244824202396e+00
3.796435711688053716e-01
0.000000000000000000e+00
0.000000000000000000e+00
3.018222577025611031e-01
0.000000000000000000e+00
8.312930728515802725e-01
1.261279309228215073e+00
9.253168372674985820e-01
0.000000000000000000e+00
1.546764293068455531e+00
0.000000000000000000e+00
0.000000000000000000e+00
1.599338559221317180e-01
0.000000000000000000e+00
0.000000000000000000e+00
6.875119736239971857e-01
5.915681822800967771e-01
0.000000000000000000e+00
6.294582375534716334e-01
0.000000000000000000e+00
0.000000000000000000e+00
1.058684767537242832e+00
0.000000000000000000e+00
0.000000000000000000e+00
0.000000000000000000e+00
9.614490544848480758e-01
0.000000000000000000e+00
0.000000000000000000e+00
0.000000000000000000e+00
0.000000000000000000e+00
4.848757921391225745e-01
5.168877187588557520e-01
0.000000000000000000e+00
5.765109749980237286e-01
0.000000000000000000e+00
0.000000000000000000e+00
0.000000000000000000e+00
0.000000000000000000e+00
2.969430533364578184e-01
0.000000000000000000e+00
0.000000000000000000e+00
3.552816471004385801e-01
0.000000000000000000e+00
9.616131642767172805e-01
