# Ensemble B, m = 1000.0, c_n/c_p = 0.870967741935, f = -0.975217391304
# lambda = [  1.57423827e-08  -1.33713105e-08   0.00000000e+00   3.03356634e-09]
#  
1.058620653446923354e+00
8.246080017153217812e-02
0.000000000000000000e+00
0.000000000000000000e+00
0.000000000000000000e+00
0.000000000000000000e+00
0.000000000000000000e+00
1.167511956766184689e+00
0.000000000000000000e+00
0.000000000000000000e+00
0.000000000000000000e+00
1.248153277994844768e+00
0.000000000000000000e+00
1.750259474486656863e+00
0.000000000000000000e+00
0.000000000000000000e+00
1.366354452354866744e+00
6.349467296849797826e-01
4.206493496257981968e-01
0.000000000000000000e+00
1.357503642672713395e+00
0.000000000000000000e+00
3.442516360245673895e-02
1.745471457652981506e+00
3.103389220949915650e+00
0.000000000000000000e+00
0.000000000000000000e+00
8.154499834186372809e-01
0.000000000000000000e+00
0.000000000000000000e+00
8.031024150976863174e-01
0.000000000000000000e+00
0.000000000000000000e+00
0.000000000000000000e+00
9.326556655768987181e-01
0.000000000000000000e+00
4.006099887317289276e-01
0.000000000000000000e+00
0.000000000000000000e+00
0.000000000000000000e+00
0.000000000000000000e+00
2.030078314460284972e+00
0.000000000000000000e+00
8.976707167229455164e-01
2.109210724340484233e-01
1.138101568452083434e+00
0.000000000000000000e+00
0.000000000000000000e+00
6.699411603602208887e-01
2.369396984699212727e-01
7.345710006755953314e-01
1.212596400495962845e+00
0.000000000000000000e+00
8.784419976081550563e-03
1.075831913085415259e+00
0.000000000000000000e+00
1.240908891616823162e+00
0.000000000000000000e+00
0.000000000000000000e+00
1.746331136571569020e+00
0.000000000000000000e+00
6.442301141247651630e-01
2.432162048097381291e-01
0.000000000000000000e+00
0.000000000000000000e+00
3.583007623698212019e+00
1.701582754608807202e-01
2.812829336478769870e-01
1.597802230362211695e+00
0.000000000000000000e+00
0.000000000000000000e+00
0.000000000000000000e+00
1.001797470854517647e+00
1.043020097077139940e+00
3.713963966158127794e-02
0.000000000000000000e+00
9.645170644568219487e-01
1.580917274103831538e+00
3.445141056092417831e-01
0.000000000000000000e+00
0.000000000000000000e+00
0.000000000000000000e+00
0.000000000000000000e+00
0.000000000000000000e+00
0.000000000000000000e+00
2.058053883748041657e-01
0.000000000000000000e+00
8.914457939181712476e-01
1.343562729686456292e+00
1.893851405666969523e+00
0.000000000000000000e+00
0.000000000000000000e+00
1.377862149222712329e+00
1.169904201753499517e+00
0.000000000000000000e+00
0.000000000000000000e+00
0.000000000000000000e+00
0.000000000000000000e+00
3.226016472194195295e-01
0.000000000000000000e+00
