# Ensemble B, m = 1000.0, c_n/c_p = 0.703225806452, f = -0.998695652174
# lambda = [  1.06509813e-07  -7.48027528e-08   0.00000000e+00   3.82432211e-09]
#  
9.279486087281819673e-01
0.000000000000000000e+00
2.301410911628575029e+00
9.385944480594333728e-01
3.558342717181953052e+00
2.711042090038016106e+00
2.112527243514839004e+00
3.619807531583770999e+00
1.432081315428202828e+00
3.336163368272736740e+00
3.023694248244393368e+00
1.656482816547125037e+00
1.012674117596491286e+00
1.128790056340813974e+00
1.312824278125904964e+00
1.627801794149696057e+00
2.749246354428093397e+00
1.226355599335949398e+00
1.865442086869945282e+00
4.124121328562260658e+00
2.859065756477201070e+00
2.806937582650994578e+00
4.261258228346758159e+00
2.166328004297826126e+00
3.221745315700971446e+00
2.472338601447079398e+00
2.792720349215867870e+00
1.613231980686912648e+00
3.339921942544600508e+00
3.215432818182935915e+00
3.820258152130231899e+00
1.903268651820225532e+00
1.685407057217185312e+00
2.340612861401544897e+00
5.359738450587548941e-01
5.325911665823791497e-01
3.145822597394343223e+00
2.871872920963387532e+00
1.605287889857794470e+00
2.659145030817805289e+00
2.151668204731857603e+00
1.461311523222870390e+00
3.495338212503900532e+00
2.449991031026927057e+00
2.460396038234608618e+00
3.058769393869169129e+00
7.397739950039133872e-01
1.562922899806486576e+00
2.915633535801056109e+00
2.877145625305684185e+00
1.886381507214290654e+00
2.848411033751761856e+00
3.414674426251469441e+00
1.129754930813071656e+00
4.673735003514225106e+00
2.134310450907477286e+00
2.681306832790747663e+00
9.954624387825506959e-01
3.741623811487363227e+00
1.841535855555011869e+00
2.098917667493322980e+00
2.715176978882284153e+00
3.405531750848544981e+00
1.932016087029230000e+00
1.540879191766324041e+00
1.899957363172200431e+00
3.327991871718707362e+00
2.673389896518672870e+00
3.885767530094452749e+00
2.727143530882037759e+00
1.967949060339412748e+00
3.417564220007939024e+00
2.035552350115056530e+00
1.802090714473112865e+00
1.219452546778065027e+00
2.715430368976541775e+00
3.030855876704670493e+00
1.576117518910553184e+00
2.603703094510422922e+00
3.192611074521168657e+00
2.042227886422488758e+00
4.674132322621091795e+00
3.237253010292040489e+00
2.327555342895847090e+00
3.991850750836390294e+00
2.440531875365466785e+00
2.078254072370790961e+00
2.529578274863526044e+00
2.475908392758084720e+00
3.205010746571121505e+00
2.939538415771621782e+00
1.319060297424340611e+00
1.286806049729180224e+00
2.103652396098425914e+00
2.391536541467104371e+00
1.621188250984347379e+00
1.209238004892710494e+00
3.969932230902216475e+00
9.228567307128197061e-01
1.199059322654470128e+00
