# Ensemble B, m = 1000.0, c_n/c_p = 0.961290322581, f = -0.985652173913
# lambda = [  1.29752038e-08  -1.22939783e-08   0.00000000e+00   2.10529712e-09]
#  
9.585855208632297897e-01
9.562721138920073916e-01
0.000000000000000000e+00
0.000000000000000000e+00
0.000000000000000000e+00
3.090394407851265179e-01
7.150805696251520682e-02
3.885254706335717900e-01
2.099747321175377657e+00
0.000000000000000000e+00
3.433344108615895562e-01
4.406484374122831560e-01
7.893213593136864104e-01
1.212164650769771868e+00
2.466412432375356012e+00
5.431798726666251659e-02
1.405230739919391403e-02
1.153654214880551088e+00
0.000000000000000000e+00
0.000000000000000000e+00
4.964969366509894844e-01
4.256759375146078050e-01
0.000000000000000000e+00
7.936928857227368850e-01
0.000000000000000000e+00
2.586350564298879884e-01
1.133473700213187968e-01
1.524691418565800483e+00
0.000000000000000000e+00
1.793915887318130675e+00
1.325502936913656171e+00
7.605060443890107047e-01
0.000000000000000000e+00
4.991085038875926472e-01
3.024508735538655735e-01
4.818917077398703896e-01
7.172302655652427195e-01
8.134514679045512509e-01
7.909865892141711985e-01
3.334011333256508558e-01
0.000000000000000000e+00
8.710708462842110533e-01
7.062328344125606838e-01
0.000000000000000000e+00
0.000000000000000000e+00
0.000000000000000000e+00
0.000000000000000000e+00
0.000000000000000000e+00
1.417838352760748322e+00
0.000000000000000000e+00
7.940576806678788513e-01
0.000000000000000000e+00
9.636973295019116703e-01
1.361880419824092470e-01
7.369524906393652985e-01
1.334873444519686474e-02
1.230329023132181288e+00
5.741711341718247485e-01
0.000000000000000000e+00
2.164065734524591167e-01
1.696135210706024132e+00
1.182864000972020158e+00
1.633042426802387356e-02
1.554981384280517354e+00
1.106916429631913612e+00
0.000000000000000000e+00
1.098201819267552004e+00
0.000000000000000000e+00
0.000000000000000000e+00
2.828158509595543602e-01
1.824584594770859214e+00
1.708252879249913536e-01
1.500279599452895241e+00
1.217293133123874327e+00
0.000000000000000000e+00
1.929133182718534956e+00
3.028965742618506263e-01
1.430155143862803790e-01
0.000000000000000000e+00
1.380774942133733418e-01
0.000000000000000000e+00
4.404306567021764041e-01
1.840060855520697203e+00
5.218329829389758423e-01
3.580912748782017624e-02
1.083347104638089503e-01
2.502504740599736710e+00
2.620037316214120504e-01
4.048920339124620904e-01
0.000000000000000000e+00
2.479187351523463173e-02
0.000000000000000000e+00
6.216208240596460266e-01
1.482247872086085216e+00
0.000000000000000000e+00
0.000000000000000000e+00
1.340645226381433464e+00
0.000000000000000000e+00
5.321541573235406553e-01
0.000000000000000000e+00
