# Ensemble B, m = 1000.0, lambda = [  2.20271901e-08  -1.55968494e-08   0.00000000e+00   3.82292364e-09]
5.567176062321018554e-02
3.464329463376118745e-02
0.000000000000000000e+00
0.000000000000000000e+00
9.841630872287301379e-01
7.387965003907280837e-01
0.000000000000000000e+00
1.113467910241548176e-01
1.595798597281661069e+00
0.000000000000000000e+00
0.000000000000000000e+00
0.000000000000000000e+00
6.919457914820439370e-01
5.123114656331106964e-01
1.929712619205732560e+00
8.631445342534013188e-01
0.000000000000000000e+00
2.313174783017097891e+00
0.000000000000000000e+00
0.000000000000000000e+00
3.437161291122299844e-01
0.000000000000000000e+00
3.548794104761681528e-02
4.007180292244141157e-03
0.000000000000000000e+00
0.000000000000000000e+00
0.000000000000000000e+00
0.000000000000000000e+00
1.450254804578491097e+00
1.933257704934704613e+00
6.968510235652369822e-02
0.000000000000000000e+00
0.000000000000000000e+00
0.000000000000000000e+00
6.608157733267285006e-02
1.115003808538881147e+00
1.615712416098939563e+00
5.447984044454443620e-01
2.880599822916736219e-01
1.166056251152555845e+00
4.501960366064444163e-01
9.026772020879324510e-01
9.391330577461924900e-01
1.819244933398073971e-01
0.000000000000000000e+00
2.099459209352891431e+00
9.807212122137258792e-01
1.168670598151851481e+00
1.343740160314826237e+00
3.244846127539323000e+00
0.000000000000000000e+00
0.000000000000000000e+00
1.093674267656855825e+00
1.273943105297744294e-01
0.000000000000000000e+00
6.081571435591634489e-02
1.091740236483888626e+00
0.000000000000000000e+00
2.063034194643049435e-01
1.291711332172617910e+00
0.000000000000000000e+00
8.769481202664672903e-01
0.000000000000000000e+00
1.754501461615715074e-02
0.000000000000000000e+00
5.756833530210346828e-01
3.150161137896601710e-02
3.816547903589980750e-01
0.000000000000000000e+00
5.085991076047156056e-01
9.934952718093259527e-01
7.495161711739345423e-01
0.000000000000000000e+00
1.895273123042490626e+00
5.745271976675304648e-01
5.395945039037075563e-01
1.268543624861064423e+00
0.000000000000000000e+00
6.479255318650776196e-01
1.594407342742075961e+00
3.463345995153929713e-01
1.446742949029802050e+00
0.000000000000000000e+00
1.083092779605888900e+00
1.417359618160295653e+00
0.000000000000000000e+00
3.817908233737934975e-01
8.064337656374607199e-01
1.003975488559611662e-01
0.000000000000000000e+00
0.000000000000000000e+00
1.121634294606871141e+00
1.392504752031237691e+00
7.014370610800751971e-02
0.000000000000000000e+00
2.428207790720327830e-01
7.176668561216542619e-01
1.440106471647659259e+00
0.000000000000000000e+00
0.000000000000000000e+00
