# Ensemble B, m = 1000.0, lambda = [  1.29125970e-08  -1.15555247e-08   0.00000000e+00   2.89608747e-09]
0.000000000000000000e+00
1.258048773145595600e+00
0.000000000000000000e+00
8.981178824382177184e-02
0.000000000000000000e+00
2.543359171027406607e+00
1.630456071890895364e+00
1.111635532624604572e+00
8.193273885414755764e-01
1.181581898712735779e+00
0.000000000000000000e+00
0.000000000000000000e+00
8.064091055059081636e-01
4.343297276843241517e-01
0.000000000000000000e+00
2.826270123668719325e-01
0.000000000000000000e+00
1.564189326913334455e+00
5.875957427432998426e-01
2.987035036161359014e-01
0.000000000000000000e+00
2.022843572611929264e-01
5.089164133136226953e-01
0.000000000000000000e+00
1.031057864659268741e+00
1.469457938209234879e-03
3.722872042142760241e-01
0.000000000000000000e+00
5.400126286323964075e-01
0.000000000000000000e+00
0.000000000000000000e+00
0.000000000000000000e+00
1.101079178133191894e+00
6.355320011604439490e-01
2.734201300461187034e-01
4.745148760427601031e-01
8.840494070780315905e-01
9.834719173905295264e-01
0.000000000000000000e+00
1.892027075875376108e+00
8.799385277416369236e-03
1.636127785458681316e+00
5.497170094634176163e-01
0.000000000000000000e+00
1.750097889944785656e+00
1.640378809520885106e+00
4.244186667161011228e-01
9.672072567082314054e-02
5.336678727588632931e-01
0.000000000000000000e+00
1.902665258244243610e-02
0.000000000000000000e+00
0.000000000000000000e+00
1.252361042556291160e-01
0.000000000000000000e+00
8.859523904009879436e-01
6.664387360931742776e-01
6.709177879839093306e-01
0.000000000000000000e+00
0.000000000000000000e+00
2.097684668018323095e-01
3.509528022238806999e-01
8.943104876862011388e-01
2.106710224128258702e+00
7.548070639290979100e-01
0.000000000000000000e+00
6.615945736535221514e-03
0.000000000000000000e+00
0.000000000000000000e+00
2.214786458555860982e+00
1.521509869242005042e+00
1.866564437498952067e+00
0.000000000000000000e+00
6.525430018458266632e-03
1.378035250403415457e+00
8.257465073209617756e-01
1.953561285243932799e+00
0.000000000000000000e+00
1.779565337184734197e+00
0.000000000000000000e+00
0.000000000000000000e+00
0.000000000000000000e+00
0.000000000000000000e+00
2.711578631345910040e-01
4.769582910458440052e-03
7.289654373960028355e-01
4.206418236510825470e-01
2.135295703985392368e+00
3.725739427508991675e-01
0.000000000000000000e+00
1.264194591207208118e+00
9.121757055512402790e-01
4.210422102241332953e-01
0.000000000000000000e+00
0.000000000000000000e+00
8.172273034271355652e-01
2.533826493596513241e-01
4.829864129645340398e-01
1.813884233472104368e+00
0.000000000000000000e+00
