# Ensemble B, m = 1000.0, lambda = [  3.31014580e-08  -2.42828559e-08   0.00000000e+00   3.67349644e-09]
2.565559450445434209e+00
1.766706191119991942e+00
2.284325250808517005e+00
1.756941456256930767e+00
0.000000000000000000e+00
1.684371342306759223e+00
5.719542619439086373e-01
1.930212514141655067e+00
0.000000000000000000e+00
2.613374273898996680e+00
0.000000000000000000e+00
1.783451742818568775e+00
0.000000000000000000e+00
1.801776908254135501e+00
1.316901622818290374e+00
2.655532873683155715e-02
1.405528700210680604e-01
1.534072013787247668e+00
2.733486862972776127e-02
1.840207491812228646e+00
1.441628516240015312e+00
1.471010664723124695e-01
1.032060949399669220e-01
0.000000000000000000e+00
1.221356150416833986e+00
1.167980563638822966e+00
4.725034051920357636e-01
1.580632673593598048e+00
2.031136382532346296e+00
1.783728475819306825e+00
0.000000000000000000e+00
4.832989346058916280e-01
1.893604030921969716e+00
1.821524849360763865e+00
1.329881010270176134e+00
2.147201814699083222e+00
2.076720918759323853e-01
2.196440463757676653e+00
1.113805404784977249e+00
3.375258664953281196e-01
1.685553378034238214e+00
7.558718030781578223e-01
2.061467130624959232e+00
9.995753471575988258e-02
1.179882287548349673e+00
1.245886074383140585e+00
1.925788692331751095e+00
1.234934689278953890e+00
2.580202792355988706e+00
2.551718006569520192e+00
1.165058819330830664e+00
5.239064044758741101e-01
1.753123820787022336e+00
1.536770791292564553e+00
1.748016709330625362e+00
4.605999993675204407e-01
1.349460074204703597e+00
1.457657377291276646e+00
1.703014455738565802e+00
1.222728404881052278e+00
1.862945177981564782e-01
1.087832486587368086e+00
2.133739547436220574e-01
9.917515898707334257e-03
2.240709983669001204e+00
9.007853061751170953e-01
0.000000000000000000e+00
1.063585899245315380e-01
1.909022112909259938e+00
2.844578640303101036e+00
5.851661534971023398e-02
2.515328464568042044e+00
4.943121488312393619e-01
0.000000000000000000e+00
5.133208175423634861e-02
8.680440597500326261e-01
1.291323036925182244e+00
7.123661597106153431e-01
2.230919524374365359e+00
9.418376729306801032e-01
1.051442668117432699e+00
2.134967291852813975e+00
2.106240341859994647e+00
1.339118375668732153e+00
2.339878651285142386e+00
9.418196077997448290e-02
9.027283490436376345e-01
1.328687844902749049e+00
2.174072216448187156e+00
4.397319985125484609e-01
1.979235959585086135e+00
1.066263176322405970e+00
8.649192325022192485e-01
2.716638028338603572e+00
1.283967911020570174e+00
2.035489037175085336e+00
1.041555615263414447e+00
1.032005033047074916e+00
1.575320085640292467e+00
9.398259824018853070e-01
