# Ensemble B, m = 1000.0, c_n/c_p = 0.612903225806, f = -0.971304347826
# lambda = [  2.12277367e-08  -1.26372021e-08   0.00000000e+00   3.09442876e-09]
#  
0.000000000000000000e+00
2.378360284116756707e-02
1.115487458536208010e+00
5.270648416866087205e-01
4.745736988994894712e-01
1.390145018745282179e+00
4.140481752905600388e-01
1.982159680608228891e+00
0.000000000000000000e+00
0.000000000000000000e+00
2.795229796526684574e+00
0.000000000000000000e+00
2.487937782767349670e+00
1.479328548455042525e-01
9.533858183319056379e-02
9.073938708243057816e-01
0.000000000000000000e+00
2.605287725142361732e-01
6.696881379774586307e-01
7.011268631865924528e-01
7.812493472077949308e-01
1.398675575997908371e+00
1.153954980950231857e+00
0.000000000000000000e+00
0.000000000000000000e+00
1.664901520836147952e+00
6.770397118831800176e-02
0.000000000000000000e+00
1.555931467860704132e+00
0.000000000000000000e+00
1.104195118856375668e+00
1.485208287582100439e+00
6.360121664424498444e-01
1.883438826095850394e-01
1.382351223553786035e+00
6.722565868442608172e-01
0.000000000000000000e+00
0.000000000000000000e+00
5.228002337495883944e-01
0.000000000000000000e+00
8.890556059621744778e-01
0.000000000000000000e+00
6.333538018886990528e-01
0.000000000000000000e+00
9.619614737706315699e-01
0.000000000000000000e+00
1.040598268825226214e+00
1.883838566396118380e-02
1.412213249961681516e+00
1.763350475981574128e+00
1.487887955060039680e+00
3.784537953099057495e-01
1.863726479490576682e-02
5.027892656836954743e-02
1.304667818429073645e+00
3.757247956563489200e-02
1.341519810789551181e+00
0.000000000000000000e+00
1.929026648694522672e+00
0.000000000000000000e+00
0.000000000000000000e+00
7.659928360860998042e-01
0.000000000000000000e+00
1.730816628248352806e+00
0.000000000000000000e+00
1.768173252277353003e+00
0.000000000000000000e+00
7.747363875588069160e-01
3.367312637514049412e-01
7.420026633028358187e-01
0.000000000000000000e+00
1.208359385070679082e+00
1.328838817594369726e+00
0.000000000000000000e+00
1.089432592560107306e-02
0.000000000000000000e+00
0.000000000000000000e+00
7.421750669453613947e-01
0.000000000000000000e+00
3.338049601162347280e-01
3.026482667286116701e-01
1.646797555178913353e+00
0.000000000000000000e+00
7.730002511420578371e-01
6.443779764481152306e-01
1.067988884148844297e+00
4.687179008528984392e-01
5.632029068037981007e-02
6.130996701590399889e-01
1.219031757958861650e+00
0.000000000000000000e+00
0.000000000000000000e+00
1.249764698302702204e+00
5.178182273172891037e-01
0.000000000000000000e+00
0.000000000000000000e+00
4.993663390098105337e-01
6.119404990744754524e-01
8.769619415811474861e-01
9.473717521915409751e-03
