# Ensemble B, m = 1000.0, c_n/c_p = 0.729032258065, f = -0.988260869565
# lambda = [  3.38518172e-08  -2.43893560e-08   0.00000000e+00   3.77036486e-09]
#  
1.388902386454244464e+00
6.916827381277296238e-01
3.387421306916635899e-01
4.883113510718202210e-01
0.000000000000000000e+00
1.360796343651289098e+00
1.499624690200288768e+00
2.992564686343800240e+00
0.000000000000000000e+00
1.629462810623961921e+00
1.624513114746791498e+00
1.501748935022000797e+00
1.065559093313607208e+00
1.130063193104441588e+00
3.049433379651284248e+00
5.968170296827957078e-01
1.749854668544804204e+00
9.712450069672017294e-01
9.412582538801506082e-01
7.390260340200827116e-01
8.067664494674591236e-01
9.983289116562086285e-01
1.265116339358682840e+00
0.000000000000000000e+00
1.262772520820292232e+00
7.739524884976416441e-01
3.680491912725293524e+00
2.779704483447486218e+00
3.910596898959999290e-01
0.000000000000000000e+00
8.852973041319366354e-01
1.347920264908296417e+00
8.934486133380277195e-01
0.000000000000000000e+00
0.000000000000000000e+00
1.635191514992409001e+00
7.788034635015356200e-01
1.220110223352193213e+00
1.032409641099969022e+00
2.397061658662757999e+00
9.946749120749731610e-01
0.000000000000000000e+00
9.832504912571748967e-01
4.757713721550478336e-01
1.434590656057027624e+00
9.712450069672017294e-01
0.000000000000000000e+00
9.120026705413333268e-01
9.013423022657189865e-01
7.446343559608997742e-01
1.262674246061167960e+00
7.003358192672215488e-01
0.000000000000000000e+00
6.381763426065306666e-01
3.652898250039734451e-01
2.036538005818651964e+00
2.615497669114949186e+00
0.000000000000000000e+00
1.524787832467311977e-01
2.378411360517877160e+00
1.448572368955606704e+00
1.526932540966700724e+00
0.000000000000000000e+00
1.492263832756561381e+00
2.224440901714441754e+00
8.711155847052232115e-01
1.486362547713168780e+00
7.048387280484741391e-01
1.319690516278751780e+00
1.362566628880883757e+00
1.066404821070475517e+00
1.513790849429378138e+00
4.847377439115903575e-01
2.047258315319989919e+00
7.784183340792399930e-01
0.000000000000000000e+00
6.377084515205740933e-01
0.000000000000000000e+00
1.631808967958877199e+00
2.679043266172450810e+00
0.000000000000000000e+00
9.229019086537091354e-01
1.531982826203414083e+00
1.719880949005872850e+00
1.480667816552781346e+00
8.644280042564491673e-01
0.000000000000000000e+00
1.685442426015518080e+00
3.163300624742734879e+00
1.685897531284695217e-01
2.512841094986109081e+00
9.155444714056707456e-01
7.290093499292686907e-01
2.412128150653970682e+00
0.000000000000000000e+00
1.227384812928151270e+00
2.282650802100909537e+00
2.007862373592458560e+00
1.507749257040534641e+00
1.146027619998960523e+00
