# Ensemble B, m = 1000.0, c_n/c_p = 0.948387096774, f = -0.97
# lambda = [  1.20407628e-08  -1.10767250e-08   0.00000000e+00   2.77608896e-09]
#  
6.229635179627872610e-01
0.000000000000000000e+00
0.000000000000000000e+00
1.321970127250506888e+00
0.000000000000000000e+00
0.000000000000000000e+00
0.000000000000000000e+00
0.000000000000000000e+00
1.216236982894482316e-01
0.000000000000000000e+00
2.725408302592997045e-01
2.562877597566927790e+00
0.000000000000000000e+00
0.000000000000000000e+00
0.000000000000000000e+00
7.994400563297621165e-01
2.045690809521179432e+00
9.010627603677967556e-01
0.000000000000000000e+00
5.117169457406188782e-01
1.652709537037432952e+00
0.000000000000000000e+00
0.000000000000000000e+00
3.610169055862962662e+00
0.000000000000000000e+00
8.449584384847940166e-01
0.000000000000000000e+00
0.000000000000000000e+00
0.000000000000000000e+00
3.100280867847771571e+00
4.484526076710285691e-01
2.028853872870678976e-01
3.272026319372200454e-01
1.987135086048618549e+00
0.000000000000000000e+00
1.659128072006326393e+00
2.409707658050966039e-01
0.000000000000000000e+00
0.000000000000000000e+00
0.000000000000000000e+00
1.042139931277123344e+00
3.322619776049315021e+00
1.732610407424628685e+00
3.047092526741182472e-01
1.727857706560322670e+00
1.549986621938298725e+00
0.000000000000000000e+00
0.000000000000000000e+00
0.000000000000000000e+00
0.000000000000000000e+00
0.000000000000000000e+00
0.000000000000000000e+00
0.000000000000000000e+00
4.128222120724944072e-02
9.045502055728671387e-01
1.105882819385286098e+00
0.000000000000000000e+00
6.585756929990708476e-03
0.000000000000000000e+00
7.779360493058992132e-01
6.152867596764786118e-01
1.437325082787435537e+00
0.000000000000000000e+00
0.000000000000000000e+00
0.000000000000000000e+00
1.187092335989758524e-01
1.556455339525074644e+00
2.873973837511405449e-01
0.000000000000000000e+00
1.025985997107399461e+00
8.095616504976338446e-01
1.894279681725994161e-02
4.452739119018944147e-01
1.623186292300653699e+00
7.513600846203273287e-01
1.356137548808633575e+00
1.368626087476692232e+00
1.316825280434627821e-01
2.527738066022073848e-01
0.000000000000000000e+00
1.537864796696170933e+00
0.000000000000000000e+00
0.000000000000000000e+00
3.237778734471559172e-01
0.000000000000000000e+00
1.598715010583016349e+00
2.116408384701859102e+00
4.464260733704640272e-01
1.043032477964990434e+00
0.000000000000000000e+00
1.332255892453526602e+00
0.000000000000000000e+00
1.027065448530664282e+00
0.000000000000000000e+00
3.513340957982135082e-01
7.269254483290678026e-01
8.297377491957806939e-01
0.000000000000000000e+00
0.000000000000000000e+00
1.920562161491944919e-01
