# Ensemble B, m = 1000.0, c_n/c_p = 0.909677419355, f = -0.984347826087
# lambda = [  1.51952313e-08  -1.36064025e-08   0.00000000e+00   2.43607672e-09]
#  
0.000000000000000000e+00
1.948956396035303740e-01
1.204092050820412929e+00
1.453254907012934971e-01
0.000000000000000000e+00
0.000000000000000000e+00
0.000000000000000000e+00
1.084697235381205882e+00
0.000000000000000000e+00
1.786194736401711669e+00
1.172252935201876456e+00
2.132214951314330975e-01
0.000000000000000000e+00
2.201931801873395322e+00
1.735938631735282289e+00
1.790573188357233336e+00
0.000000000000000000e+00
5.612332219708022762e-01
1.691683290352855584e+00
0.000000000000000000e+00
1.774895011010757806e-01
6.201220093796836474e-01
1.336422736888125185e+00
1.399575242842784617e-01
2.347169512877286479e+00
0.000000000000000000e+00
0.000000000000000000e+00
3.043098311269851197e-02
3.285172976098907904e-01
1.251386762345795489e+00
1.071310886035163445e+00
5.524501836393366228e-01
0.000000000000000000e+00
1.949805828041303535e+00
0.000000000000000000e+00
1.297188598381286084e+00
1.976388249831438071e-01
1.288084733677102411e+00
1.244391515996429387e+00
0.000000000000000000e+00
4.930785151561734581e-01
1.396119015042711409e+00
0.000000000000000000e+00
0.000000000000000000e+00
3.886103444330680223e-01
1.612881050050008369e+00
9.061694777894611086e-01
3.086096034733877280e-01
0.000000000000000000e+00
4.157064708368968797e-01
5.683856682332378250e-03
1.291987482306179658e+00
0.000000000000000000e+00
1.290706976171752007e+00
0.000000000000000000e+00
5.099861380632861874e-01
0.000000000000000000e+00
3.759954310863485860e-01
0.000000000000000000e+00
1.361225384372368452e-01
2.787226292686811324e-01
3.033144984616696349e-01
4.802109751265238313e-01
2.000764463751717237e+00
0.000000000000000000e+00
7.383564651877875251e-01
0.000000000000000000e+00
0.000000000000000000e+00
5.231784355205781889e-01
8.251461403617955659e-01
0.000000000000000000e+00
2.097017801991446273e+00
4.712303098618317865e-01
8.609382855354990038e-01
0.000000000000000000e+00
7.249589668500109330e-01
0.000000000000000000e+00
1.233699281658871133e-03
4.585710651220096801e-01
1.484664664501107456e+00
1.594983523847371201e-02
1.274307841054773127e-01
2.491707119423366201e+00
0.000000000000000000e+00
1.242554469059280908e+00
2.082676150459690234e+00
5.284525074366707154e-01
3.611165559375473788e-01
0.000000000000000000e+00
3.678216467058467720e-01
3.673516926331180099e-01
1.903556867124994056e+00
0.000000000000000000e+00
5.891378432028980816e-01
6.482242060483541790e-01
2.654441881961970839e+00
1.258794637828209995e+00
2.357320740439728390e-01
6.294670562771405020e-01
7.525507898027022913e-02
