# Ensemble B, m = 1000.0, lambda = [  3.30288968e-08  -1.97430231e-08   0.00000000e+00   1.71462210e-09]
9.465484654765480288e-01
3.277506710896104652e-02
0.000000000000000000e+00
0.000000000000000000e+00
0.000000000000000000e+00
0.000000000000000000e+00
3.916687109704373726e-01
1.582066683150288797e-02
6.847133973935445317e-01
0.000000000000000000e+00
9.268043717592542308e-01
6.298488362907027627e-01
0.000000000000000000e+00
3.861914135075363852e-01
0.000000000000000000e+00
0.000000000000000000e+00
3.916870436433036451e-01
4.928000424648017186e-02
5.835199270083352152e-01
7.819222064857386245e-01
2.669964919034152340e-01
8.579560363975263781e-01
2.231943373012099108e-01
0.000000000000000000e+00
1.115577963969930142e+00
3.352406365066098459e-01
1.670846479779906912e-02
0.000000000000000000e+00
0.000000000000000000e+00
8.100080123287821676e-01
0.000000000000000000e+00
8.933221356228846499e-01
0.000000000000000000e+00
1.019704105651680681e+00
1.319119276301598198e+00
0.000000000000000000e+00
1.367118490928418639e+00
0.000000000000000000e+00
0.000000000000000000e+00
9.364674195759521425e-01
0.000000000000000000e+00
7.110776095123987339e-01
1.322978015024845799e+00
6.508567054911651439e-01
0.000000000000000000e+00
0.000000000000000000e+00
1.357304974769729000e+00
0.000000000000000000e+00
1.197929469743443942e+00
0.000000000000000000e+00
0.000000000000000000e+00
5.958469754646820160e-01
1.938372431832996234e+00
0.000000000000000000e+00
9.438768926877693088e-01
1.164621774973071844e+00
0.000000000000000000e+00
0.000000000000000000e+00
1.421780160779848590e+00
1.313109909444888646e-01
0.000000000000000000e+00
3.536896018989608703e-01
0.000000000000000000e+00
6.832117673581372674e-01
4.185793004284765750e-01
0.000000000000000000e+00
1.305813894603327086e+00
0.000000000000000000e+00
0.000000000000000000e+00
0.000000000000000000e+00
4.655717306821788304e-01
1.576933152305477037e+00
9.535086631310193406e-01
1.069929178767332845e+00
1.605403905898299399e+00
2.513092680095129622e-02
0.000000000000000000e+00
6.215851400406928740e-01
2.035412320418837684e+00
5.740868525315531018e-02
0.000000000000000000e+00
3.871600036398638589e-01
5.143744887709059688e-01
5.505719588170405673e-03
0.000000000000000000e+00
0.000000000000000000e+00
0.000000000000000000e+00
9.673229426400858921e-02
0.000000000000000000e+00
0.000000000000000000e+00
0.000000000000000000e+00
0.000000000000000000e+00
5.361581948713661783e-01
1.000024836153458496e+00
0.000000000000000000e+00
1.503372186089918516e+00
0.000000000000000000e+00
0.000000000000000000e+00
6.181630986475113998e-01
3.961253563839007286e-01
