# Ensemble B, m = 1000.0, c_n/c_p = 0.651612903226, f = -0.979130434783
# lambda = [  2.60662661e-08  -1.66306434e-08   0.00000000e+00   3.45193341e-09]
#  
2.374291476068742135e+00
1.402157779255496672e+00
4.200623170334839007e-01
2.171897171839809904e+00
7.717021418538024813e-01
6.345327327886370883e-01
1.095959158267180822e+00
1.806384460122993474e+00
0.000000000000000000e+00
5.867257219554444791e-01
4.212486039640502833e-01
1.081967526145392489e+00
1.852874340214241355e+00
4.446549184681251599e-01
8.128888757374870266e-01
1.595888686610439811e+00
0.000000000000000000e+00
1.589816469579504288e+00
3.936882165231790978e-03
0.000000000000000000e+00
2.112053067677681195e+00
1.406674086741441787e-01
4.844606126285946890e-01
1.257394991267082762e+00
1.600010247056817381e+00
7.351175031565374551e-01
4.479370667509136039e-01
2.448211261409767303e-01
1.690769613303485519e-01
9.948231444685836644e-01
2.158530393066996622e-01
1.798758123568570566e+00
0.000000000000000000e+00
9.384104529065268041e-01
0.000000000000000000e+00
0.000000000000000000e+00
2.095334394796799782e-01
0.000000000000000000e+00
0.000000000000000000e+00
0.000000000000000000e+00
2.439723254006401776e-01
1.165656288918981431e+00
2.240159957699509263e+00
9.069208707467181219e-01
1.820044237243392704e+00
3.082649900562845491e-01
3.292112489798009189e-01
0.000000000000000000e+00
0.000000000000000000e+00
5.907236403889691567e-02
1.049480408642744722e+00
1.166855538769308698e+00
2.463385733601112515e-01
6.661504391923055435e-01
3.901844632892482734e-01
1.098654772903252752e+00
7.585209934939889376e-01
1.711700611692249741e+00
8.241487794838929792e-01
5.494249758055418376e-01
7.024118617031596123e-01
0.000000000000000000e+00
1.136496678936040894e+00
0.000000000000000000e+00
0.000000000000000000e+00
0.000000000000000000e+00
0.000000000000000000e+00
0.000000000000000000e+00
4.812902454942230568e-01
7.247534374261840329e-01
5.443082934416557661e-01
4.907684888656742572e-01
0.000000000000000000e+00
0.000000000000000000e+00
6.628924471535467822e-01
0.000000000000000000e+00
4.187918715971095662e-01
1.653488250553342587e+00
1.426933048221814326e+00
1.040678118494450910e+00
4.207955188116724657e-03
6.819050622303389764e-01
6.392129233525009058e-01
8.224869503082959943e-01
1.372819490285324129e+00
0.000000000000000000e+00
0.000000000000000000e+00
1.158422610802622321e+00
1.227126126447846133e+00
9.373618489320664215e-01
2.152793597456152674e-01
0.000000000000000000e+00
7.407525915769781477e-01
2.563745253326820350e+00
2.393683687783960609e-02
0.000000000000000000e+00
0.000000000000000000e+00
0.000000000000000000e+00
7.676862474904114775e-01
0.000000000000000000e+00
