# Ensemble B, m = 1000.0, lambda = [  2.22983332e-08  -1.76903107e-08   0.00000000e+00   3.22864926e-09]
0.000000000000000000e+00
2.844603753667785950e-01
4.351361665126848161e-02
0.000000000000000000e+00
6.864227397154100130e-01
6.369437540850557689e-01
1.727374854369595036e+00
0.000000000000000000e+00
0.000000000000000000e+00
7.701994118640738129e-01
2.544039496114350651e+00
2.093323738467648132e-01
0.000000000000000000e+00
0.000000000000000000e+00
4.648382975881897861e-01
2.666653241117738826e+00
1.255705364843216376e+00
3.521322088117677218e+00
0.000000000000000000e+00
0.000000000000000000e+00
0.000000000000000000e+00
8.143908190595062352e-03
5.098329668853722740e-01
8.932456017765233458e-01
0.000000000000000000e+00
2.012072062344452128e+00
9.849966363827187266e-01
5.827082372012118983e-01
1.342245474315246767e+00
8.718880507448116823e-01
1.348248198057315772e+00
0.000000000000000000e+00
2.542823689391142672e+00
1.126073722392409993e+00
7.145944106625687908e-01
1.115694372719831851e+00
0.000000000000000000e+00
0.000000000000000000e+00
2.652857035397578223e+00
7.532769000857952868e-01
9.407751749868559221e-01
1.142727197078104551e+00
4.988346129553508645e-01
3.339146330591733491e-01
1.762442830895675883e+00
1.372817390481924527e+00
5.577620817611642634e-01
1.957550256879813322e+00
0.000000000000000000e+00
8.261831810889750383e-01
1.741490892695951143e+00
8.548322617468496754e-01
8.854165616582067022e-01
7.436719723621040279e-01
1.241776796074254063e+00
1.262889580707505233e-01
0.000000000000000000e+00
1.191075746732795704e+00
7.149497891312839304e-01
1.518895656739098765e-01
2.556533924201048968e+00
5.393483226740395514e-02
0.000000000000000000e+00
5.365045248277346968e-01
4.199499109420355980e-01
1.090978075398913560e+00
0.000000000000000000e+00
0.000000000000000000e+00
8.445476237980825696e-01
1.036647638345675526e+00
0.000000000000000000e+00
2.010018825047529489e+00
0.000000000000000000e+00
4.091982812076633835e-01
1.177860342673180405e+00
0.000000000000000000e+00
0.000000000000000000e+00
2.339576869063750841e+00
0.000000000000000000e+00
6.367295975372797567e-01
5.837546191592990485e-01
1.062316591378297259e+00
0.000000000000000000e+00
0.000000000000000000e+00
3.427560660971576967e-01
1.010553811543638769e+00
1.980904717915827007e+00
1.126849754892961686e+00
0.000000000000000000e+00
1.385780552701755708e+00
0.000000000000000000e+00
2.512473616575763846e-01
3.240905236920511856e-02
6.996012149881550846e-01
1.067116355386693805e+00
2.498926206969550368e+00
0.000000000000000000e+00
7.933961387743760918e-01
0.000000000000000000e+00
2.994041931309502358e-01
