# Ensemble B, m = 1000.0, c_n/c_p = 0.922580645161, f = -0.986956521739
# lambda = [  1.49096620e-08  -1.35759478e-08   0.00000000e+00   2.21443547e-09]
#  
0.000000000000000000e+00
8.813638861006710679e-01
0.000000000000000000e+00
0.000000000000000000e+00
7.814628684252197255e-01
0.000000000000000000e+00
1.290172701701290725e+00
1.008509563010845822e+00
2.071339410609133402e+00
0.000000000000000000e+00
1.206406027273447534e-01
5.130347697595771805e-01
1.119420009504626723e+00
0.000000000000000000e+00
2.273241655313012477e-01
0.000000000000000000e+00
6.924943004013425774e-02
2.375128184892011163e+00
0.000000000000000000e+00
8.354945585678872355e-01
0.000000000000000000e+00
0.000000000000000000e+00
0.000000000000000000e+00
1.342401065964963891e+00
1.219567832229590643e+00
5.379531574570893815e-01
0.000000000000000000e+00
2.588707174153022095e+00
1.135588660623192192e+00
0.000000000000000000e+00
0.000000000000000000e+00
0.000000000000000000e+00
6.134826602321732242e-02
0.000000000000000000e+00
6.979226068189022802e-01
3.446771008736831954e-01
2.581872559792115052e+00
0.000000000000000000e+00
5.008400694390039432e-01
7.026884730269431500e-01
0.000000000000000000e+00
0.000000000000000000e+00
2.454438124383829578e+00
0.000000000000000000e+00
5.066947503565800703e-01
0.000000000000000000e+00
0.000000000000000000e+00
0.000000000000000000e+00
0.000000000000000000e+00
4.037155598133804202e-01
7.062906761177805137e-01
1.563124344859743442e-01
1.914779417224301339e+00
0.000000000000000000e+00
1.749596990045338751e+00
1.170174012323085710e+00
5.174671303746446183e-02
1.082006728637568527e+00
0.000000000000000000e+00
3.057701129010079871e-02
1.210313021032272951e-01
0.000000000000000000e+00
0.000000000000000000e+00
9.595383852216835541e-01
0.000000000000000000e+00
1.825162000961107756e-01
0.000000000000000000e+00
0.000000000000000000e+00
1.007573214812979900e+00
8.268348492153382301e-01
1.379161522852738964e+00
1.211560269057623263e+00
0.000000000000000000e+00
5.109210980120890699e-01
6.611498848503000181e-02
0.000000000000000000e+00
0.000000000000000000e+00
0.000000000000000000e+00
0.000000000000000000e+00
1.258833933766947188e+00
0.000000000000000000e+00
0.000000000000000000e+00
1.672168796083011166e-01
4.339914868811974857e-01
8.620306049762231915e-01
0.000000000000000000e+00
0.000000000000000000e+00
7.552702650415137331e-01
8.615510582374392712e-01
2.666653355813475290e-01
7.228437364346118610e-01
0.000000000000000000e+00
0.000000000000000000e+00
2.677796762685331622e-01
1.855636409310605361e-01
0.000000000000000000e+00
7.096950128217225373e-01
7.088124454911098882e-02
3.372927705396736031e-01
0.000000000000000000e+00
