# Ensemble B, m = 1000.0, lambda = [  1.72071643e-08  -1.10569907e-08   0.00000000e+00   3.69000794e-09]
0.000000000000000000e+00
0.000000000000000000e+00
2.788456957723358109e-01
1.983230528005477833e+00
0.000000000000000000e+00
3.805286504953308557e-01
0.000000000000000000e+00
5.088476394823940666e-03
0.000000000000000000e+00
0.000000000000000000e+00
2.707047629261340460e-01
3.678915107229465131e-01
0.000000000000000000e+00
0.000000000000000000e+00
5.991850463330969032e-03
2.242964174583112591e+00
0.000000000000000000e+00
0.000000000000000000e+00
9.056626731521716378e-01
0.000000000000000000e+00
0.000000000000000000e+00
0.000000000000000000e+00
2.086814888631474407e-01
0.000000000000000000e+00
8.639667468043340515e-01
0.000000000000000000e+00
0.000000000000000000e+00
0.000000000000000000e+00
2.025433077990886677e+00
0.000000000000000000e+00
1.715631752803871368e+00
1.859563355493625059e+00
1.517857800264706125e-03
1.259276089522927966e-01
0.000000000000000000e+00
0.000000000000000000e+00
7.113030338204344716e-01
8.868449293531751598e-01
0.000000000000000000e+00
1.005061714587289767e+00
8.101598189324719923e-02
5.318658141551741991e-01
6.180951372087266880e-03
4.211813157534400331e-01
1.192807784605274701e+00
0.000000000000000000e+00
1.332952195573570364e+00
0.000000000000000000e+00
6.518319586616462269e-01
5.984899784160134795e-01
1.100540831561520383e+00
1.184931499212694916e+00
1.742024862978537758e+00
1.589444151986683096e+00
2.553796555146684577e-01
7.748840891880153237e-01
1.502282717415147628e+00
0.000000000000000000e+00
6.380507233794967537e-01
0.000000000000000000e+00
8.168818900742628175e-01
8.481345240139523955e-01
0.000000000000000000e+00
0.000000000000000000e+00
0.000000000000000000e+00
2.421730661831265952e+00
6.940060911602808913e-01
0.000000000000000000e+00
5.875294499578879170e-01
2.826726516677051104e-01
8.276313195124965771e-01
9.972539874835422147e-01
1.540168569956070099e+00
1.835945348368010155e+00
1.752491103685818619e+00
2.212328717267563194e-01
8.072475534300391775e-01
5.041471328733646562e-01
3.303109117649886683e-01
9.762052768111219025e-01
0.000000000000000000e+00
4.737801135275172548e-01
5.555168583564333851e-01
2.855680844819524777e-01
2.274413508007530726e+00
1.654195297469090997e-01
3.979932664596194658e-01
1.989860900799386018e-03
0.000000000000000000e+00
3.878260325109114115e-01
0.000000000000000000e+00
0.000000000000000000e+00
9.692571551304191013e-01
0.000000000000000000e+00
0.000000000000000000e+00
0.000000000000000000e+00
3.126376726037696230e+00
0.000000000000000000e+00
1.702180067038946421e-01
5.689567781785632716e-01
