# Ensemble B, m = 1000.0, c_n/c_p = 0.987096774194, f = -0.952857142857
# lambda = [  9.98025581e-09  -9.38705148e-09   0.00000000e+00   2.98912855e-09]
#  
0.000000000000000000e+00
0.000000000000000000e+00
0.000000000000000000e+00
8.173537441793876646e-02
9.636642704124438463e-01
5.417514950894261050e-01
9.634214114901321416e-03
1.415743362292304575e+00
0.000000000000000000e+00
2.360763797600345937e-02
1.772078024348361647e-01
1.663187156367180730e+00
4.988549667879333405e-01
0.000000000000000000e+00
1.036429580994630228e+00
1.924889107886372519e-01
1.174793900236051236e+00
6.712537858610549968e-01
1.721657730114391160e+00
1.313746161012389058e+00
4.667301926221952696e-02
0.000000000000000000e+00
8.270188450911014622e-03
3.946898911744983196e-01
0.000000000000000000e+00
1.316846206151727205e+00
1.113891459909195580e+00
0.000000000000000000e+00
0.000000000000000000e+00
0.000000000000000000e+00
1.516787366801630066e+00
0.000000000000000000e+00
1.274195256989116808e-02
6.292605786307056692e-02
0.000000000000000000e+00
0.000000000000000000e+00
1.142821020529004805e+00
1.601913771799147804e-02
1.243968834901471476e+00
1.731484035967968182e+00
1.267577089647266231e+00
0.000000000000000000e+00
0.000000000000000000e+00
1.021818175734361178e+00
9.977351791304202022e-01
0.000000000000000000e+00
0.000000000000000000e+00
5.014123594982246024e-01
8.716911170809679144e-01
0.000000000000000000e+00
6.856896684477135073e-01
1.461756502728113472e-02
0.000000000000000000e+00
0.000000000000000000e+00
1.835507297873815169e+00
0.000000000000000000e+00
1.578444610028324480e+00
0.000000000000000000e+00
5.922725765696418287e-01
9.914190793592634332e-01
1.260546023925917525e-01
0.000000000000000000e+00
8.497948932098020602e-01
6.042668897046106213e-01
9.845123302507733376e-01
1.728580779004664558e+00
9.617903045931078809e-01
6.851644437614152865e-03
2.410139105946276672e+00
1.053537555848276103e-01
1.431344667024109750e-02
0.000000000000000000e+00
0.000000000000000000e+00
9.596167347849644536e-01
1.008443339734905075e+00
0.000000000000000000e+00
0.000000000000000000e+00
0.000000000000000000e+00
0.000000000000000000e+00
9.853007973111974627e-01
4.976729968315224961e-01
2.460907881694289201e-01
1.145325089812754049e+00
2.442611722698214471e+00
0.000000000000000000e+00
0.000000000000000000e+00
1.162454994231190142e-01
0.000000000000000000e+00
1.581797834605246089e-02
2.597318445261709741e+00
2.482941159116448526e-01
1.979778147172016167e+00
0.000000000000000000e+00
7.495190691655466697e-01
0.000000000000000000e+00
0.000000000000000000e+00
0.000000000000000000e+00
1.459495881050439703e+00
0.000000000000000000e+00
1.015985856789186181e+00
