# Ensemble B, m = 1000.0, c_n/c_p = 1.0, f = -0.983043478261
# lambda = [  1.13808869e-08  -1.11879066e-08   0.00000000e+00   2.08694311e-09]
#  
0.000000000000000000e+00
6.270036914265370021e-01
0.000000000000000000e+00
2.807044106154329421e-01
4.527802439201947804e-01
0.000000000000000000e+00
0.000000000000000000e+00
0.000000000000000000e+00
1.668965662767088187e-01
7.411122108449590407e-01
7.911773306680813800e-01
3.207852042933804215e-01
0.000000000000000000e+00
0.000000000000000000e+00
0.000000000000000000e+00
0.000000000000000000e+00
1.507865033437468583e+00
0.000000000000000000e+00
1.421502689846108947e+00
0.000000000000000000e+00
1.070794658424860213e+00
0.000000000000000000e+00
0.000000000000000000e+00
0.000000000000000000e+00
0.000000000000000000e+00
1.033045051079852339e+00
0.000000000000000000e+00
5.484937643913017080e-01
1.339904316828141040e+00
0.000000000000000000e+00
1.097613729587944634e-02
1.001950850210258981e+00
1.061321820396087023e+00
9.326948944580361056e-01
1.510765367325790087e-01
1.390097204051211399e+00
5.345858877042167778e-01
0.000000000000000000e+00
0.000000000000000000e+00
0.000000000000000000e+00
1.060230518274094091e+00
0.000000000000000000e+00
1.276914496321318149e+00
5.528339332826928132e-01
5.283877191250863081e-01
1.971641314289524827e+00
0.000000000000000000e+00
0.000000000000000000e+00
0.000000000000000000e+00
6.197952100950161469e-01
2.649786255790809175e-01
0.000000000000000000e+00
9.590349599822067805e-01
0.000000000000000000e+00
0.000000000000000000e+00
0.000000000000000000e+00
1.167674429395112234e+00
0.000000000000000000e+00
0.000000000000000000e+00
0.000000000000000000e+00
1.020899254577921411e+00
0.000000000000000000e+00
1.871088870573018648e+00
0.000000000000000000e+00
3.502912881625170477e-02
1.640747662563984521e+00
0.000000000000000000e+00
0.000000000000000000e+00
0.000000000000000000e+00
6.705773938761928621e-01
0.000000000000000000e+00
7.295938404678349309e-01
1.916678658571664418e+00
3.267718400375976828e-01
0.000000000000000000e+00
0.000000000000000000e+00
0.000000000000000000e+00
0.000000000000000000e+00
2.356694731696052161e-02
3.956190011646033011e-01
0.000000000000000000e+00
0.000000000000000000e+00
0.000000000000000000e+00
0.000000000000000000e+00
0.000000000000000000e+00
1.788347706366096579e-01
2.503887534106464252e-01
1.485459034211901973e-02
0.000000000000000000e+00
0.000000000000000000e+00
0.000000000000000000e+00
0.000000000000000000e+00
1.084260304180963974e+00
0.000000000000000000e+00
0.000000000000000000e+00
1.139248650087335279e-01
2.109094440767492890e-02
5.207760039100429728e-01
0.000000000000000000e+00
0.000000000000000000e+00
