# Ensemble B, m = 1000.0, c_n/c_p = 0.922580645161, f = -0.957142857143
# lambda = [  1.18393426e-08  -1.04546306e-08   0.00000000e+00   3.16340502e-09]
#  
1.821548811783814559e+00
0.000000000000000000e+00
0.000000000000000000e+00
4.663382968255164879e-02
0.000000000000000000e+00
1.063523846596215947e-02
5.914420854077858010e-03
0.000000000000000000e+00
9.477345698269242641e-03
4.044957842052037122e-01
3.055129679905438031e-02
1.877837437538487364e-01
7.018375996174990306e-01
3.380839598226046405e-01
1.104232405335213496e+00
0.000000000000000000e+00
7.285091234355607348e-01
1.186444727415801648e+00
3.036342190281792613e-02
0.000000000000000000e+00
0.000000000000000000e+00
4.115270731858688968e-01
1.294074723229349910e+00
0.000000000000000000e+00
0.000000000000000000e+00
0.000000000000000000e+00
0.000000000000000000e+00
0.000000000000000000e+00
1.372613076967515111e+00
7.300178991085950336e-03
0.000000000000000000e+00
2.844242042991293462e-01
0.000000000000000000e+00
0.000000000000000000e+00
1.002668667428961019e-02
2.343404156736813793e+00
0.000000000000000000e+00
0.000000000000000000e+00
1.170330345868591387e-02
0.000000000000000000e+00
4.210914744593662329e-01
2.464968999413654806e-03
0.000000000000000000e+00
6.578053783239848351e-02
1.162331873363222634e+00
1.642683936956755630e+00
7.184046145374365366e-01
0.000000000000000000e+00
1.322976747081623383e+00
7.593506821040494348e-01
2.975280516550666832e-01
0.000000000000000000e+00
8.433609726410820073e-01
1.899130197936769404e+00
0.000000000000000000e+00
0.000000000000000000e+00
8.737116164480385194e-01
1.885352668088651207e-01
8.624805011357347673e-02
0.000000000000000000e+00
2.058402362750978210e+00
7.324279952886297851e-01
0.000000000000000000e+00
1.627481492075090186e+00
0.000000000000000000e+00
1.123385752451794950e+00
0.000000000000000000e+00
1.417345550457168146e+00
0.000000000000000000e+00
9.505276575103628334e-01
0.000000000000000000e+00
0.000000000000000000e+00
0.000000000000000000e+00
1.329959776881572742e+00
8.583896173234472488e-03
0.000000000000000000e+00
0.000000000000000000e+00
0.000000000000000000e+00
9.126949927630534365e-02
4.682196315043854300e-03
0.000000000000000000e+00
2.884917804073591219e-01
2.034437461740551178e+00
1.637856164170792495e+00
2.255721385704455573e-01
0.000000000000000000e+00
8.754594958139257921e-01
1.376746725013517914e-01
1.668067222834655805e+00
4.419360714873930562e-01
8.029774553629608347e-01
3.212326064835309691e-01
1.420497237759502929e-01
8.938575072524456155e-01
0.000000000000000000e+00
8.240004444354831481e-01
4.376763358631282075e-01
1.303272213622026943e+00
2.210694484325990139e-01
6.575523397150156990e-01
