# Ensemble B, m = 1000.0, lambda = [  4.05902512e-08  -2.72560263e-08   0.00000000e+00   3.62949548e-09]
0.000000000000000000e+00
2.590524424976045736e+00
0.000000000000000000e+00
2.037175455442036487e+00
3.624957138137947510e-01
1.160441558707779874e-01
1.553137116168168186e+00
0.000000000000000000e+00
0.000000000000000000e+00
0.000000000000000000e+00
9.687963864901132371e-01
3.130684552010149502e-01
8.613271403381208557e-01
0.000000000000000000e+00
1.306032300594869522e+00
6.555068842637531423e-01
1.759045375691972835e+00
0.000000000000000000e+00
1.235101726010175760e+00
7.209235509031224343e-01
8.968494605344285997e-01
1.163530605315138411e+00
2.391598790584362533e+00
0.000000000000000000e+00
3.796911153786505788e-01
9.744509093147084577e-01
0.000000000000000000e+00
1.486322735714657117e+00
2.515062486156786903e-02
2.504230473140444335e+00
0.000000000000000000e+00
5.183990501722212096e-01
1.669697704365323554e-01
7.709208659982115242e-01
2.826882314878116920e-01
1.409529463634111135e+00
0.000000000000000000e+00
1.332499401125639416e-01
0.000000000000000000e+00
1.653741668767447992e+00
1.739567312746068406e-01
9.386329178748685775e-01
2.711173026412776466e+00
1.604999384152426156e+00
2.104847191413809604e+00
1.868308258318296611e+00
6.404862911916919810e-01
7.819989490114570563e-01
8.392409491317182058e-01
0.000000000000000000e+00
0.000000000000000000e+00
1.451343310412148480e+00
1.015966446750307117e+00
0.000000000000000000e+00
1.893760028200971002e+00
3.209030651107836807e+00
2.392887380815054144e+00
1.080395546414049779e+00
1.668718588375838197e+00
2.269570803559045336e-01
1.350291853388192395e-02
1.574647568333332082e+00
3.658661001448733630e-01
2.575447156395819781e-01
7.602628951254085665e-01
6.070922252874958458e-01
8.784806754145669805e-01
0.000000000000000000e+00
6.340927844492752485e-02
0.000000000000000000e+00
8.870785452301900298e-01
5.710149421440445794e-01
3.644084325109287481e-01
1.266853825596578664e+00
0.000000000000000000e+00
0.000000000000000000e+00
1.631660962074236165e+00
0.000000000000000000e+00
3.116729637337368741e-01
1.089955962639751752e-01
0.000000000000000000e+00
1.198126055983891186e-01
1.698581778997627190e+00
9.713514512300263082e-01
0.000000000000000000e+00
3.156254819104525322e-01
2.136370264690231835e+00
6.514303520355804178e-01
1.297692930906057737e-02
0.000000000000000000e+00
0.000000000000000000e+00
0.000000000000000000e+00
0.000000000000000000e+00
0.000000000000000000e+00
0.000000000000000000e+00
1.875578589184200007e-01
0.000000000000000000e+00
1.564013728786584900e-01
0.000000000000000000e+00
2.533616326268927743e+00
