# Ensemble B, m = 1000.0, lambda = [  1.66197700e-08  -1.50052397e-08   0.00000000e+00   1.84817129e-09]
0.000000000000000000e+00
3.136196550523309590e+00
2.199892638478955498e-01
1.097293005534631938e+00
2.757984265043867400e-01
5.610675195707732765e-01
9.678104619426870503e-01
0.000000000000000000e+00
0.000000000000000000e+00
1.369962544688545947e+00
8.218512425751426376e-01
0.000000000000000000e+00
1.699129064713208459e-01
3.028083003976977938e-01
1.056825676195252139e+00
1.063380164776413644e-01
8.053478694103628488e-01
0.000000000000000000e+00
1.681720278353538323e+00
2.040640073922707298e+00
0.000000000000000000e+00
0.000000000000000000e+00
0.000000000000000000e+00
4.644380175771630759e-01
0.000000000000000000e+00
0.000000000000000000e+00
0.000000000000000000e+00
0.000000000000000000e+00
0.000000000000000000e+00
0.000000000000000000e+00
0.000000000000000000e+00
8.083659365942923447e-01
1.632747242636586604e-01
0.000000000000000000e+00
0.000000000000000000e+00
2.101785944852947452e+00
4.250434553438010021e-01
1.226969839840089227e+00
7.736177693934340183e-02
1.362100895751412910e+00
7.567271415904741616e-01
2.237549740119762921e-03
1.301764410030869623e+00
0.000000000000000000e+00
0.000000000000000000e+00
6.056980843906407674e-01
1.168441470754758127e+00
0.000000000000000000e+00
0.000000000000000000e+00
1.135316507399120711e+00
0.000000000000000000e+00
1.288690547731777603e+00
8.247647820190772139e-01
1.084151775239906135e+00
9.385269360101228253e-02
1.381549857013936400e+00
0.000000000000000000e+00
0.000000000000000000e+00
0.000000000000000000e+00
9.023763667129542920e-01
0.000000000000000000e+00
1.996680605618645687e+00
6.301010864052545291e-01
1.130898506774831030e-01
0.000000000000000000e+00
0.000000000000000000e+00
0.000000000000000000e+00
1.067947566038546903e+00
1.562332272567583114e-01
0.000000000000000000e+00
1.300106268722711622e+00
8.186197040587600560e-01
9.930481738049056206e-01
1.255645013724366432e+00
0.000000000000000000e+00
1.727242494093090830e+00
0.000000000000000000e+00
1.367544499883639242e+00
6.522774081322774142e-01
0.000000000000000000e+00
0.000000000000000000e+00
6.008459806368238176e-01
2.058882112374902373e-01
5.361240236638435963e-01
1.450570258946202173e+00
9.559934969220954537e-01
0.000000000000000000e+00
4.731335678018341317e-01
1.857431148623373218e+00
1.270085439851153630e+00
0.000000000000000000e+00
0.000000000000000000e+00
5.094580312413106160e-01
8.739286732152127257e-01
0.000000000000000000e+00
0.000000000000000000e+00
0.000000000000000000e+00
0.000000000000000000e+00
2.013893642356019698e-02
5.051976983758330597e-01
