# Ensemble B, m = 1000.0, c_n/c_p = 0.961290322581, f = -0.990869565217
# lambda = [  1.35343007e-08  -1.28916017e-08   0.00000000e+00   1.75411283e-09]
#  
1.930767637522663671e+00
0.000000000000000000e+00
1.563124344859743442e-01
7.180282803621982346e-01
8.971150163514766129e-01
4.232841347917610797e-01
0.000000000000000000e+00
1.281667827053528219e+00
8.221549287282176044e-01
0.000000000000000000e+00
0.000000000000000000e+00
1.460340804679403526e+00
0.000000000000000000e+00
0.000000000000000000e+00
0.000000000000000000e+00
7.910460160243081296e-01
3.588651205395251148e-02
2.003390265378591772e-01
8.816500847253100348e-02
0.000000000000000000e+00
0.000000000000000000e+00
0.000000000000000000e+00
0.000000000000000000e+00
0.000000000000000000e+00
1.990310503723681457e+00
0.000000000000000000e+00
6.703496037267601959e-02
3.671052616256005319e-01
1.071445691024131425e-01
3.678080320205516229e-01
0.000000000000000000e+00
0.000000000000000000e+00
0.000000000000000000e+00
9.533798515729208223e-01
3.871944748591558683e-01
0.000000000000000000e+00
0.000000000000000000e+00
0.000000000000000000e+00
0.000000000000000000e+00
0.000000000000000000e+00
0.000000000000000000e+00
0.000000000000000000e+00
1.342215166296064632e+00
8.717785470639244361e-02
1.463690302907656005e+00
0.000000000000000000e+00
0.000000000000000000e+00
7.190980380980481756e-01
0.000000000000000000e+00
4.687135499467279254e-01
1.836613203753050538e-01
1.613514742928950696e+00
4.063221170817291408e-03
7.973842482700407297e-01
0.000000000000000000e+00
0.000000000000000000e+00
0.000000000000000000e+00
0.000000000000000000e+00
7.270180291710471865e-01
1.457874414219111792e+00
0.000000000000000000e+00
1.832658787892456953e+00
1.068830515854490848e+00
0.000000000000000000e+00
1.162151409836361893e+00
0.000000000000000000e+00
6.844661681320585167e-01
0.000000000000000000e+00
0.000000000000000000e+00
0.000000000000000000e+00
3.986147167126845581e-01
1.001474817822728125e-01
0.000000000000000000e+00
0.000000000000000000e+00
8.625995367284383653e-01
0.000000000000000000e+00
9.150665884110575909e-02
2.030202846856116738e-01
0.000000000000000000e+00
0.000000000000000000e+00
1.059526728848741994e+00
0.000000000000000000e+00
1.534497884793687206e+00
2.413237562224839761e-01
0.000000000000000000e+00
0.000000000000000000e+00
0.000000000000000000e+00
6.370842617074794489e-01
2.462387491292647113e+00
3.851983364637318608e-01
6.093021866270120768e-01
5.640153966828674870e-01
0.000000000000000000e+00
8.810618655730039217e-01
5.984207978036822917e-01
1.776102324847060432e+00
0.000000000000000000e+00
0.000000000000000000e+00
0.000000000000000000e+00
0.000000000000000000e+00
