# Ensemble B, m = 1000.0, lambda = [  1.63510713e-08  -1.39386290e-08   0.00000000e+00   2.92027140e-09]
0.000000000000000000e+00
0.000000000000000000e+00
9.413124748969625699e-02
5.225274279074655359e-01
1.132476200889779738e+00
4.134514079797776409e-01
4.410197034787123327e-01
0.000000000000000000e+00
7.498236866128820712e-03
8.202849118426535080e-01
0.000000000000000000e+00
7.327812501834513569e-03
4.499196920652758780e-01
5.615162381493463695e-01
0.000000000000000000e+00
1.774781724187032061e+00
0.000000000000000000e+00
1.740869339157577800e+00
2.946297107676941751e-01
1.632189696513290267e+00
0.000000000000000000e+00
2.963318071912526830e-01
1.003796851596423512e+00
9.890363130861700158e-01
1.605829014917924624e+00
6.861481824403917740e-01
6.034269483615813945e-01
0.000000000000000000e+00
9.263197867668657715e-01
0.000000000000000000e+00
8.080439884505606629e-02
2.035006814282859788e-01
3.212294885230807528e-01
0.000000000000000000e+00
9.563430243737108816e-01
1.027723417578175757e+00
1.517354382692156722e+00
6.911409715334646542e-01
0.000000000000000000e+00
1.701700036906023117e-01
1.490662181518788376e+00
0.000000000000000000e+00
1.205435570407807466e+00
5.629827291893386293e-02
8.738022331957043254e-03
0.000000000000000000e+00
9.175193845363105449e-02
9.057050570033313708e-01
0.000000000000000000e+00
1.721008501409497127e+00
0.000000000000000000e+00
0.000000000000000000e+00
0.000000000000000000e+00
2.375395342441129487e-01
8.086663076965024954e-01
4.482893327432361796e-01
1.218318442106238075e+00
0.000000000000000000e+00
0.000000000000000000e+00
1.735050123357186891e+00
0.000000000000000000e+00
0.000000000000000000e+00
1.238216110976578799e-01
3.408947871609828151e-01
0.000000000000000000e+00
2.840373674211759125e-01
0.000000000000000000e+00
5.850027379237500158e-01
2.518840299695683349e+00
1.832550703477539233e+00
0.000000000000000000e+00
0.000000000000000000e+00
2.018204563007163499e-01
1.148553436590698862e+00
9.325560493817336427e-01
1.911686111137491872e+00
0.000000000000000000e+00
5.735000636691347520e-01
5.654880011815952567e-01
3.618862619412503423e-01
2.036628895110103699e+00
0.000000000000000000e+00
1.516847981899304809e+00
6.158220522627859683e-01
7.868325717259806451e-01
8.594807608976783309e-01
5.941504200927194557e-02
1.970143648908049272e+00
0.000000000000000000e+00
0.000000000000000000e+00
0.000000000000000000e+00
0.000000000000000000e+00
3.532359220820753265e-01
9.501136810685327505e-02
1.248531736413980520e+00
1.873930758634932525e+00
0.000000000000000000e+00
9.446361965524757709e-02
0.000000000000000000e+00
0.000000000000000000e+00
