# Ensemble B, m = 1000.0, lambda = [  3.27644397e-08  -2.18900807e-08   0.00000000e+00   3.66799428e-09]
1.164626440729564560e+00
0.000000000000000000e+00
4.691113670080557241e-01
6.265042988287368164e-01
8.598050979351998802e-01
6.019374609026728606e-01
0.000000000000000000e+00
1.165722560697392662e+00
4.478022315352536142e-01
6.195464383381935614e-01
1.753840651899301051e+00
6.974428199773221593e-01
0.000000000000000000e+00
1.627562271633874680e+00
2.916295961939041170e+00
1.805990612714720722e+00
1.180958414531079192e+00
7.430027268866804977e-04
1.719691268040893561e+00
1.920633160273833795e+00
1.235834334652657018e+00
3.225599725743331092e-01
0.000000000000000000e+00
3.827036354367030491e-01
0.000000000000000000e+00
0.000000000000000000e+00
0.000000000000000000e+00
7.520201357034455025e-01
0.000000000000000000e+00
2.332410549418416856e+00
2.054681559200624452e+00
4.023276248239293085e-01
1.560130440761008964e-02
0.000000000000000000e+00
1.621438816250179438e-01
1.491633914708640374e+00
1.560286150651402082e+00
0.000000000000000000e+00
0.000000000000000000e+00
2.028300015257217481e+00
9.066080898100336016e-01
8.716094083222036826e-01
2.093850151932217685e+00
1.867864326434062194e-01
0.000000000000000000e+00
0.000000000000000000e+00
1.068840173999785481e+00
6.049300251384576860e-03
0.000000000000000000e+00
1.285815268905686759e+00
1.219558910576096000e+00
1.805474319852334419e+00
1.949634954987145008e+00
8.586775145600226145e-01
0.000000000000000000e+00
0.000000000000000000e+00
0.000000000000000000e+00
3.696491522810566727e-02
3.254725117460285921e-01
1.201121830246504540e+00
1.569323570492729303e+00
2.271766468579539677e-01
1.109069740407044202e+00
1.077280582693010524e+00
9.250287751914293422e-01
8.212438194914105649e-01
9.394146236950517981e-01
0.000000000000000000e+00
6.746801199930485549e-01
7.654579107483527878e-01
0.000000000000000000e+00
2.495322397188957375e-01
9.142734929247871012e-01
0.000000000000000000e+00
4.176221247733609698e-01
6.499577769214674033e-03
0.000000000000000000e+00
0.000000000000000000e+00
2.136256691745225034e+00
1.344025427019217567e-01
7.681704397119266670e-01
2.965946720819754745e+00
1.488407725746243804e+00
1.004439589246249431e+00
0.000000000000000000e+00
1.644346103947707527e-01
7.872627468152443297e-01
0.000000000000000000e+00
2.452385903402150014e+00
2.013938983720502396e+00
0.000000000000000000e+00
1.798274585547085247e-01
1.260248743330633969e+00
0.000000000000000000e+00
0.000000000000000000e+00
9.937328035409500604e-01
8.694427117504680558e-01
7.430952133150284800e-01
0.000000000000000000e+00
0.000000000000000000e+00
