# Ensemble B, m = 1000.0, c_n/c_p = 0.845161290323, f = -0.979130434783
# lambda = [  1.79484816e-08  -1.48527839e-08   0.00000000e+00   3.08291267e-09]
#  
9.768742500862744871e-01
7.709987778842269934e-01
1.024936433373155875e+00
4.790832703989517799e-02
1.462884193722284287e+00
0.000000000000000000e+00
0.000000000000000000e+00
0.000000000000000000e+00
4.382976116652979592e-01
0.000000000000000000e+00
0.000000000000000000e+00
7.674582676454011487e-01
0.000000000000000000e+00
1.838567045452038293e-02
1.221750245700605753e-01
4.986208058460799009e-02
5.250654569151258499e-01
4.410947923624023992e-01
7.481498935281062357e-01
0.000000000000000000e+00
1.034738951565302933e+00
1.466456086843110906e+00
4.349985300806333832e-01
4.463732776780747757e-01
0.000000000000000000e+00
4.602059384706030931e-01
1.112279229928831020e-01
4.695489259521852254e-01
1.170247712336165841e-01
5.205778037414042769e-01
1.545947524484990732e+00
1.235522792657129006e-02
2.542653231024122329e-01
2.433697723130623658e-01
7.995223549965176923e-01
1.953784593843397532e+00
5.431810040772545589e-01
6.262536501025222080e-01
0.000000000000000000e+00
3.262382059474822071e+00
0.000000000000000000e+00
1.480445986406678127e+00
0.000000000000000000e+00
0.000000000000000000e+00
5.444356476139344814e-01
2.519777285799040811e+00
5.591013132803616253e-02
1.295301075382117029e+00
1.089703587103902249e+00
5.451564578042980003e-01
6.955840764429119805e-01
6.334570987028527167e-01
0.000000000000000000e+00
9.049780043142336972e-01
0.000000000000000000e+00
2.341341351058923992e-01
3.602043926474953698e-03
1.443344764156020421e+00
1.094735224659610706e+00
5.943399680648431271e-02
2.666737853184367735e-01
1.299517258692288457e-02
0.000000000000000000e+00
1.698716624587530699e+00
1.616303929860959832e+00
0.000000000000000000e+00
1.222290430227963576e+00
4.310706315816261736e-01
4.296819782715084468e-01
3.505814270575974279e-01
1.793780826434698161e+00
1.621545696669887682e-02
4.994253969996648168e-01
1.217784501060047653e+00
1.519045714287670767e+00
1.068292704538855720e+00
0.000000000000000000e+00
6.998222540282613702e-01
7.307163392125620716e-01
1.720216901449821645e+00
2.863267634834587017e-01
3.834079240277623590e-01
1.085442142069624527e+00
1.008900472478082566e+00
8.556972220699827769e-01
1.548948993441610966e+00
3.377145291823334117e-01
2.034987062033239980e+00
1.259167538491040794e+00
2.864169020075452821e+00
0.000000000000000000e+00
0.000000000000000000e+00
1.225654490126174417e-01
6.461842558313778406e-01
5.871270204802325754e-01
0.000000000000000000e+00
0.000000000000000000e+00
1.123219304394720730e+00
1.936459246133680479e+00
2.233367677662287498e+00
