# Ensemble B, m = 1000.0, lambda = [  2.11853869e-08  -1.70762761e-08   0.00000000e+00   3.11658213e-09]
6.766900287011866633e-01
1.206184741516213244e+00
0.000000000000000000e+00
5.725621416442124856e-01
0.000000000000000000e+00
0.000000000000000000e+00
0.000000000000000000e+00
1.605176728584215784e+00
0.000000000000000000e+00
0.000000000000000000e+00
2.209687776444680729e+00
5.890450733300643948e-01
4.198338748555239738e-03
1.770814148103998953e+00
1.385742620805000325e+00
0.000000000000000000e+00
3.411263965191800307e-01
2.635953455767219733e+00
9.333484026501750463e-01
1.024313026158148870e-01
1.593554665405451765e+00
2.204836346268395531e+00
1.875604453005182137e-01
0.000000000000000000e+00
0.000000000000000000e+00
0.000000000000000000e+00
0.000000000000000000e+00
0.000000000000000000e+00
4.505777669924590501e-01
0.000000000000000000e+00
1.164076765400175795e+00
0.000000000000000000e+00
4.880617577468456258e-01
0.000000000000000000e+00
1.430017348611731354e+00
7.916959732781829739e-01
2.937577370432456370e+00
0.000000000000000000e+00
0.000000000000000000e+00
0.000000000000000000e+00
1.481576294648976777e+00
1.077753327945290440e+00
4.810203672927860774e-01
9.134995515011820610e-02
9.271634254297976552e-02
1.854550201523172959e+00
1.670291887056020164e+00
1.077982307407522100e+00
7.131988195192868508e-03
4.497338407868607946e-01
0.000000000000000000e+00
1.897061495931798181e+00
0.000000000000000000e+00
1.269044971417103929e+00
0.000000000000000000e+00
4.636162548110906584e-02
1.314113036507821020e-01
0.000000000000000000e+00
1.595201989126282083e+00
7.866185003960701749e-01
3.999430088161110564e-01
0.000000000000000000e+00
0.000000000000000000e+00
1.854590975069337677e+00
0.000000000000000000e+00
4.792666906608771260e-01
2.952772626481622864e-03
0.000000000000000000e+00
1.063319088185497474e+00
1.593102644159298364e+00
0.000000000000000000e+00
3.559262613735216796e-01
0.000000000000000000e+00
1.743983542650972218e+00
1.793391652798326463e+00
8.869380404933252526e-01
0.000000000000000000e+00
1.441120218423121102e+00
2.032280144507974118e-01
1.185408818118803831e+00
1.717400260950945334e+00
0.000000000000000000e+00
7.257261395584583274e-01
1.433500343538449018e+00
5.962579888821534224e-01
0.000000000000000000e+00
1.318138344395492378e+00
2.132417832105062416e+00
1.251342081547448082e+00
4.073295377014924390e-01
0.000000000000000000e+00
1.348181221644389360e+00
0.000000000000000000e+00
1.360393997068972460e+00
1.380886573841821674e+00
1.372419943825031297e+00
0.000000000000000000e+00
6.406079402583698679e-01
1.701479528390016593e+00
1.208069876720815117e+00
