# Ensemble B, m = 1000.0, c_n/c_p = 0.703225806452, f = -0.94
# lambda = [  1.57261712e-08  -1.03955064e-08   0.00000000e+00   3.77306501e-09]
#  
4.216203717607248935e-02
4.884913931092495915e-02
3.100376299938634173e-01
3.101311457034018615e-02
0.000000000000000000e+00
2.730176008094324300e-02
5.764851440444177522e-01
0.000000000000000000e+00
0.000000000000000000e+00
0.000000000000000000e+00
0.000000000000000000e+00
0.000000000000000000e+00
1.871810882548706478e-02
1.320401372890736447e+00
0.000000000000000000e+00
1.775779298613202051e-01
7.579520101342877014e-01
1.023403860633841367e+00
3.294609091369776754e-02
0.000000000000000000e+00
0.000000000000000000e+00
2.894633406099171857e-01
1.610451045132182957e+00
0.000000000000000000e+00
2.312809945204952200e-02
1.045842892844150163e-01
0.000000000000000000e+00
3.644416457615978072e-02
3.796848593686133477e-01
1.908741074410422456e-01
1.348835019006227265e+00
1.100857749018754467e-01
1.550301114264156510e+00
2.102114879149250340e-02
6.075203928656202484e-02
1.969341493318880421e+00
0.000000000000000000e+00
3.751033249882985143e-01
1.371475091213262720e+00
5.145008503931966862e-03
1.525188893229589837e-01
0.000000000000000000e+00
0.000000000000000000e+00
0.000000000000000000e+00
7.957561877192642630e-02
0.000000000000000000e+00
1.470871879893538223e-02
1.059294760317835982e+00
1.747690343451988593e+00
0.000000000000000000e+00
0.000000000000000000e+00
1.138879281194701970e-01
1.519832736251414129e+00
1.128416636210777257e+00
0.000000000000000000e+00
1.723810387411548239e+00
2.970498171845845081e-03
0.000000000000000000e+00
1.032723589250271606e-01
5.893085968267861574e-01
1.452499965483630140e-01
5.839589430542962978e-01
0.000000000000000000e+00
9.516662735660450512e-01
2.292524722391230119e-02
8.509752408882423902e-01
0.000000000000000000e+00
2.566111153118539462e-02
1.508095184691323198e-01
2.959377149810946683e-01
0.000000000000000000e+00
0.000000000000000000e+00
1.455488525484423201e+00
1.355943534224000047e+00
0.000000000000000000e+00
0.000000000000000000e+00
4.955677705568495295e-01
0.000000000000000000e+00
2.765093228894099919e-01
0.000000000000000000e+00
4.801189405014560929e-03
3.166238603111055094e-01
0.000000000000000000e+00
6.557374474270606657e-02
1.388911974751094736e-01
2.907358175906636991e-02
0.000000000000000000e+00
1.728417304106388830e+00
6.957560611667219785e-02
0.000000000000000000e+00
0.000000000000000000e+00
2.840447638223067561e-01
0.000000000000000000e+00
4.597518509515332447e-02
1.149753964168990367e-02
2.506135869154127449e-01
7.005666315961339707e-01
0.000000000000000000e+00
8.460341424595735349e-02
1.357072693710924538e+00
