# Ensemble B, m = 1000.0, c_n/c_p = 0.716129032258, f = -0.972608695652
# lambda = [  2.29735800e-08  -1.60014046e-08   0.00000000e+00   3.82425449e-09]
#  
2.185595751340830173e+00
3.627309614440009655e-01
2.088473642644268491e+00
0.000000000000000000e+00
1.576995893825812622e+00
2.028574000684860490e+00
7.775179591941860924e-01
3.111926719566779354e-01
0.000000000000000000e+00
0.000000000000000000e+00
1.186670362437685228e-01
2.429010527527172558e-01
2.177977999033533230e-01
1.360822096514368029e+00
8.666360064703922950e-01
0.000000000000000000e+00
0.000000000000000000e+00
4.158971196230510370e-01
9.591597319701745672e-01
1.307999900169965479e-01
0.000000000000000000e+00
7.118985633708651006e-01
2.438110375108315964e+00
0.000000000000000000e+00
0.000000000000000000e+00
1.771831063064623013e+00
4.985615553078391327e-01
6.484245827526325945e-01
1.599980869411911089e+00
1.097117136060922427e+00
6.270957015334749363e-01
6.859620189371436368e-03
7.194539965875239584e-01
2.084698507351390173e+00
1.954618065831846899e-02
1.311849667980915068e+00
1.757942770091652340e+00
2.223734524688597836e-01
9.313105426987702828e-02
8.667378809190184885e-01
0.000000000000000000e+00
0.000000000000000000e+00
2.903593030552340526e-01
0.000000000000000000e+00
0.000000000000000000e+00
5.118497771860126555e-01
1.916235628502218180e+00
7.750973194592774007e-01
1.280310299822192466e+00
8.855894434734967735e-02
7.593158979685703247e-03
1.444172847054675524e+00
1.072050963529727063e+00
3.363133861151535342e+00
5.853968999204500756e-01
2.184633191950708653e-01
0.000000000000000000e+00
3.367872716782687181e-01
0.000000000000000000e+00
0.000000000000000000e+00
4.306385646757557861e-01
1.373444217356581953e+00
1.395545069793613369e+00
2.279309004010171336e+00
2.817529243206338685e-01
3.684393649442005980e-01
1.742461584427549948e+00
0.000000000000000000e+00
0.000000000000000000e+00
2.161350184851925371e-01
5.712586531330029853e-03
9.392893772154169429e-01
0.000000000000000000e+00
1.658495868659622730e+00
0.000000000000000000e+00
0.000000000000000000e+00
8.669959116851063685e-01
0.000000000000000000e+00
0.000000000000000000e+00
0.000000000000000000e+00
2.057233069555885585e+00
2.467085014284298716e-01
3.410307691520976792e-01
0.000000000000000000e+00
0.000000000000000000e+00
2.615503338190623972e-01
0.000000000000000000e+00
0.000000000000000000e+00
0.000000000000000000e+00
2.127751007397532312e+00
0.000000000000000000e+00
1.750874922517140497e+00
0.000000000000000000e+00
2.218052817574106272e-01
8.719120833143085836e-01
0.000000000000000000e+00
0.000000000000000000e+00
0.000000000000000000e+00
2.217406881042567890e-01
9.760622889222385010e-03
