# Ensemble B, m = 1000.0, c_n/c_p = 0.870967741935, f = -0.952857142857
# lambda = [  1.30174025e-08  -1.08032443e-08   0.00000000e+00   3.44008830e-09]
#  
7.764503393472907966e-01
0.000000000000000000e+00
0.000000000000000000e+00
1.826541491085180713e+00
0.000000000000000000e+00
1.698159437099337754e-02
1.822355756091923462e+00
8.120151909371594451e-03
7.896296108252834900e-01
2.306120779176894509e-01
0.000000000000000000e+00
3.066038988889086686e-02
9.702215861270466757e-01
4.938154295495070234e-01
0.000000000000000000e+00
4.404112785065318891e-01
2.734777859404483591e-01
1.020546349337266401e+00
7.384460538325935408e-01
2.372743682417393085e+00
4.717908791454361039e-01
0.000000000000000000e+00
0.000000000000000000e+00
5.143542460365517766e-01
0.000000000000000000e+00
1.088343396768501892e+00
1.157970780608836847e+00
2.737847710726427075e-01
0.000000000000000000e+00
0.000000000000000000e+00
3.645895064540820019e-01
2.096100238723785480e+00
1.325243028121221078e+00
0.000000000000000000e+00
3.235807968923162803e-01
0.000000000000000000e+00
2.170391938707804114e-01
2.327743630281989162e+00
0.000000000000000000e+00
2.579145879688988341e+00
0.000000000000000000e+00
0.000000000000000000e+00
0.000000000000000000e+00
0.000000000000000000e+00
3.417800532505843591e-01
1.252635922173422622e-01
9.400362685756481484e-01
0.000000000000000000e+00
0.000000000000000000e+00
1.230295301025383203e+00
1.456017182883022398e+00
7.280554199595552500e-01
0.000000000000000000e+00
0.000000000000000000e+00
9.785391461407619285e-02
1.425289387701404120e+00
1.413445338028047171e+00
2.777162863985638275e-01
2.985343824591638384e+00
1.668067222834655805e+00
2.954618402855898468e-02
0.000000000000000000e+00
5.462053079048111437e-01
1.517012839721524120e+00
0.000000000000000000e+00
8.694433812937577555e-01
1.497357712060436719e-01
0.000000000000000000e+00
1.496954583013685447e+00
1.496052287780932133e+00
1.057682820328214923e+00
0.000000000000000000e+00
8.926263529029933030e-01
0.000000000000000000e+00
5.296128049999773157e-01
2.099831227002601164e+00
8.529147917948796120e-01
0.000000000000000000e+00
5.247264362848534924e-01
3.600431575349845037e-01
8.753143175091425698e-01
1.339515897410231915e+00
1.566447982881892909e+00
0.000000000000000000e+00
1.278615842597822905e+00
1.996159117713939501e+00
0.000000000000000000e+00
0.000000000000000000e+00
1.162338037744340725e-02
0.000000000000000000e+00
9.187291029821003097e-01
0.000000000000000000e+00
0.000000000000000000e+00
3.765895851525852961e-02
6.182678457428990304e-02
0.000000000000000000e+00
0.000000000000000000e+00
2.360351440997271677e+00
6.560908250242063477e-01
0.000000000000000000e+00
