# Ensemble B, m = 1000.0, lambda = [  1.22935795e-08  -1.01107610e-08   0.00000000e+00   3.52406370e-09]
0.000000000000000000e+00
1.201766191090624547e+00
3.717833456385823913e-03
0.000000000000000000e+00
7.414196910919225447e-02
1.890029334747135234e-02
8.465286348077161183e-01
4.730296401790837213e-01
5.633880182635760958e-01
0.000000000000000000e+00
7.988733777415490955e-02
0.000000000000000000e+00
0.000000000000000000e+00
1.533655942178552944e+00
3.101077479443164475e-01
1.216086718216557866e-01
1.383549226335736959e+00
1.636613653236023591e+00
0.000000000000000000e+00
0.000000000000000000e+00
0.000000000000000000e+00
6.534717391021498401e-01
1.001131315329754079e+00
0.000000000000000000e+00
0.000000000000000000e+00
1.691536358956652109e+00
0.000000000000000000e+00
1.529221220864156017e+00
0.000000000000000000e+00
1.076180676040779938e+00
6.359352219803372508e-01
0.000000000000000000e+00
9.896370500536432191e-01
7.741003988132030278e-01
2.103472026622962149e-02
0.000000000000000000e+00
2.191516184300202674e+00
7.184126673044318734e-01
0.000000000000000000e+00
2.885459256797192479e-02
5.645460563140343169e-01
0.000000000000000000e+00
1.600693273324961807e-01
1.482219825317719453e+00
1.478203116648095783e+00
0.000000000000000000e+00
3.586716658574384820e-01
0.000000000000000000e+00
5.218651361521345344e-03
0.000000000000000000e+00
5.254436041313974570e-01
0.000000000000000000e+00
1.222992617682747696e+00
0.000000000000000000e+00
4.289655374143004352e-01
0.000000000000000000e+00
2.296175334396278078e+00
6.206856833503580084e-01
0.000000000000000000e+00
1.596364294865260991e+00
1.109583805006197688e+00
5.336686795674008277e-01
2.711509452777261520e-01
1.066445884741232808e+00
3.732599398811047298e-01
1.400212987569299239e+00
5.976825307765667450e-01
0.000000000000000000e+00
0.000000000000000000e+00
0.000000000000000000e+00
0.000000000000000000e+00
0.000000000000000000e+00
3.619646921865075917e-02
0.000000000000000000e+00
0.000000000000000000e+00
0.000000000000000000e+00
1.511942893610850394e-02
0.000000000000000000e+00
0.000000000000000000e+00
9.828532249241289653e-01
5.669483688771781438e-01
0.000000000000000000e+00
0.000000000000000000e+00
2.184161264675441860e-01
1.995543153998593056e+00
1.084306779556301475e-01
7.528997818386481966e-02
0.000000000000000000e+00
1.415151740829909244e+00
1.033902542725453899e-01
2.060959007288027389e-01
6.485363375148547327e-01
5.346093251830917881e-01
1.291573430573791592e+00
0.000000000000000000e+00
4.956764914359839125e-01
7.717578685395609650e-01
5.777723773664060758e-01
1.685504317057031409e+00
0.000000000000000000e+00
