# Ensemble B, m = 1000.0, c_n/c_p = 0.845161290323, f = -0.97652173913
# lambda = [  1.73671942e-08  -1.43334645e-08   0.00000000e+00   3.16193558e-09]
#  
0.000000000000000000e+00
0.000000000000000000e+00
1.838810044386224085e+00
0.000000000000000000e+00
0.000000000000000000e+00
8.164987642321400729e-01
4.241802064254239779e-01
2.442029208783829120e-01
1.688332728456888310e+00
0.000000000000000000e+00
0.000000000000000000e+00
1.259276759282295988e+00
6.401511674450361955e-01
0.000000000000000000e+00
7.936940687333134126e-02
1.011141713506547690e+00
1.639801174863134259e+00
0.000000000000000000e+00
4.605668616546513272e-01
2.072664763796629728e-01
0.000000000000000000e+00
3.721679856108728868e-01
1.715401351955697873e+00
4.292638415857633616e-01
1.471599988038628792e-01
9.184451439876037959e-01
7.458262756255638060e-01
0.000000000000000000e+00
5.870455236666931587e-01
1.876880318380854007e+00
6.595614981940005617e-01
0.000000000000000000e+00
6.851738497299919572e-02
0.000000000000000000e+00
0.000000000000000000e+00
3.631198400940114368e-01
0.000000000000000000e+00
0.000000000000000000e+00
2.194381689543059288e-01
0.000000000000000000e+00
0.000000000000000000e+00
4.206001213607936662e-01
0.000000000000000000e+00
9.394441331168946752e-01
7.073292496624391523e-01
2.050484299448069592e-01
5.890602622692032719e-01
2.776561044514231358e-01
0.000000000000000000e+00
0.000000000000000000e+00
1.555510836364424554e+00
1.614566396943199755e-01
1.900025603355731674e+00
4.432002112847629322e-02
8.088228327737438939e-01
7.467899389565810786e-01
0.000000000000000000e+00
2.297055703385263437e-01
9.422380346908900695e-01
1.206692580495817221e-02
1.229975827292767616e-02
7.888029469778522484e-01
2.961459126617899118e-01
1.355545547936816420e-02
2.229347621139425861e-01
1.081176761675328585e-01
1.891904643823985599e-01
0.000000000000000000e+00
0.000000000000000000e+00
4.586243670681589557e-01
8.169243273998526567e-01
5.779995022906768698e-01
1.164537624599954357e+00
1.837960214674609905e+00
0.000000000000000000e+00
8.088432456339286203e-01
1.795867287446259120e+00
1.129478645994001829e+00
5.097889160462144575e-01
1.957377183863873160e+00
0.000000000000000000e+00
4.950336249056891957e-01
1.082514067514073863e+00
1.032642086693773775e+00
2.073998217123129262e+00
0.000000000000000000e+00
0.000000000000000000e+00
0.000000000000000000e+00
1.567506145278376284e+00
2.361976944875624797e-03
0.000000000000000000e+00
1.067888717774114760e+00
1.025245119174143626e+00
9.479560698465777993e-03
2.775973865513905903e+00
0.000000000000000000e+00
1.091317626769863214e+00
0.000000000000000000e+00
7.436670979839898887e-01
0.000000000000000000e+00
