# Ensemble B, m = 1000.0, lambda = [  1.86320124e-08  -1.46126065e-08   0.00000000e+00   3.49955588e-09]
0.000000000000000000e+00
0.000000000000000000e+00
3.657604148507764275e-01
0.000000000000000000e+00
0.000000000000000000e+00
0.000000000000000000e+00
3.124268115684890379e+00
5.228452669943467468e-01
0.000000000000000000e+00
2.059873549086538524e+00
8.737175484716197538e-01
1.441796292369673660e+00
3.429149634549761294e-01
0.000000000000000000e+00
2.913409081119423316e+00
1.717535211113319749e+00
1.163993747780986521e+00
0.000000000000000000e+00
1.694918875737584152e+00
5.831884173848893571e-01
1.491076111437526164e+00
2.473771023341323705e+00
2.061331043375029815e+00
2.073418050833054860e+00
0.000000000000000000e+00
7.011250719157378075e-01
0.000000000000000000e+00
1.301778160166312315e+00
1.115947407893587151e+00
3.633865622170006082e-01
0.000000000000000000e+00
6.044865476615819411e-01
4.972653124980231931e-01
1.296401108422200243e+00
4.866116371178013517e-02
1.176578742617569784e+00
6.030775942731612105e-01
0.000000000000000000e+00
0.000000000000000000e+00
9.069202941324912282e-02
1.578568955053092804e+00
0.000000000000000000e+00
0.000000000000000000e+00
1.399081648855017290e+00
5.695281383874130077e-01
8.580267029233971110e-01
1.362297465491091319e+00
3.521166576731294406e-01
8.631906840505375600e-01
1.931693008795837552e-01
1.522578726374753888e+00
2.137713607323487697e+00
9.887226962970580013e-02
0.000000000000000000e+00
0.000000000000000000e+00
1.973632461372176294e+00
2.181018892692375921e+00
0.000000000000000000e+00
1.780383141367680722e+00
1.530058095877766533e+00
1.005751976550189331e-01
0.000000000000000000e+00
2.725994558540018264e+00
2.051680690824073228e+00
4.267733029226996044e-01
9.808732283772250149e-01
1.651838559115860194e+00
0.000000000000000000e+00
9.849116358057535825e-01
0.000000000000000000e+00
3.818786117323300644e-01
0.000000000000000000e+00
4.510396351154740691e-01
0.000000000000000000e+00
3.086454589382003899e-01
4.650634037271826338e-01
1.860778122729030704e-01
1.168242794255932304e-01
5.153503888347564510e-02
1.600658409461748199e+00
0.000000000000000000e+00
1.459155230434971084e+00
1.092180695817887293e-01
0.000000000000000000e+00
0.000000000000000000e+00
0.000000000000000000e+00
0.000000000000000000e+00
2.112492251636670648e+00
9.677449866359166819e-01
2.309354031329046986e-01
7.950811975559531064e-02
1.811090485552855567e+00
1.501945781883071984e-01
0.000000000000000000e+00
2.230503460388263637e+00
1.091525211435547815e+00
7.259574621627852276e-01
5.591257645086469136e-03
4.381078690335981074e-01
2.929288806261023836e+00
