# Ensemble B, m = 1000.0, lambda = [  2.19499796e-08  -1.31000664e-08   0.00000000e+00   3.06222257e-09]
0.000000000000000000e+00
1.266979971329541099e+00
0.000000000000000000e+00
6.262023608422323528e-01
0.000000000000000000e+00
0.000000000000000000e+00
0.000000000000000000e+00
5.154485927483756225e-01
8.009894584459420486e-01
5.733153358779193853e-01
0.000000000000000000e+00
0.000000000000000000e+00
2.613732954240148842e-01
1.636863978342197046e-01
1.005098013923140465e+00
4.929752251256938611e-01
3.200289012837954639e-01
3.264719983518363233e-01
1.157820330235637546e-01
0.000000000000000000e+00
3.012533616444799667e-01
0.000000000000000000e+00
2.689670360821553308e-01
1.637000260064337853e+00
0.000000000000000000e+00
2.125083206785625567e+00
0.000000000000000000e+00
8.155586055521860667e-01
0.000000000000000000e+00
1.965949986480796552e+00
7.609489407469448574e-01
5.603425460200525121e-01
2.079149095783054069e+00
1.673531280604032334e+00
3.705714572121365236e-01
0.000000000000000000e+00
0.000000000000000000e+00
8.216226549194985962e-01
3.358281029802409612e-01
8.004035899680218558e-01
1.306084530826275014e-02
3.179080007293481058e-01
0.000000000000000000e+00
0.000000000000000000e+00
0.000000000000000000e+00
1.118129515083891690e+00
9.012358659913434211e-01
7.083234013398290729e-01
0.000000000000000000e+00
0.000000000000000000e+00
0.000000000000000000e+00
1.074630553319011916e+00
0.000000000000000000e+00
0.000000000000000000e+00
0.000000000000000000e+00
1.071172309847790993e+00
0.000000000000000000e+00
0.000000000000000000e+00
0.000000000000000000e+00
0.000000000000000000e+00
8.401374423021243931e-01
1.617613886905275411e+00
3.034180356481641638e-01
0.000000000000000000e+00
1.441486735242995199e+00
9.209103030156085001e-02
5.277387559761064217e-01
0.000000000000000000e+00
1.291214124039479216e+00
0.000000000000000000e+00
0.000000000000000000e+00
0.000000000000000000e+00
9.735320502524444919e-01
1.882545404481279772e-01
5.967342878658404848e-01
6.527816761876066298e-01
4.375276790655650005e-01
3.677096388247904080e-01
2.362605523952418518e-01
0.000000000000000000e+00
0.000000000000000000e+00
9.487458166027767925e-01
0.000000000000000000e+00
1.193023485784452595e-02
0.000000000000000000e+00
1.102610799356905424e+00
1.041316426556768149e-02
0.000000000000000000e+00
0.000000000000000000e+00
0.000000000000000000e+00
0.000000000000000000e+00
0.000000000000000000e+00
8.096078304607068343e-01
2.310039327296305733e-01
0.000000000000000000e+00
1.074838689997626773e+00
0.000000000000000000e+00
1.511780726066428659e+00
1.319854553181457835e+00
0.000000000000000000e+00
