# Ensemble B, m = 1000.0, lambda = [  1.37708966e-08  -1.08715200e-08   0.00000000e+00   3.62811149e-09]
0.000000000000000000e+00
0.000000000000000000e+00
7.826269422782703433e-01
3.984610831620811755e-01
0.000000000000000000e+00
0.000000000000000000e+00
1.684247202467905158e+00
7.223099884574220031e-01
3.042537931987109534e+00
1.261176599255370068e+00
0.000000000000000000e+00
1.855894290605828445e+00
5.925841381269700836e-01
4.697695316455862691e-01
1.367707484649763883e+00
1.063303144960257685e+00
1.210929249702523414e-02
0.000000000000000000e+00
0.000000000000000000e+00
1.453683471171557828e+00
2.250236186825352869e-01
4.707325649883707941e-01
8.855576073609939813e-01
1.476462243080091774e+00
9.345592996780799355e-01
1.031262620195503521e+00
0.000000000000000000e+00
9.685621826942003576e-01
1.729575002291666164e-01
7.954366941033358396e-02
0.000000000000000000e+00
4.285265269132563226e-01
1.477404290163901956e+00
1.176173157690077797e+00
0.000000000000000000e+00
0.000000000000000000e+00
9.749550566542297680e-01
0.000000000000000000e+00
3.170231342087992399e-01
7.879677016757435926e-01
4.667935484035207194e-01
0.000000000000000000e+00
0.000000000000000000e+00
0.000000000000000000e+00
0.000000000000000000e+00
2.787488831696914304e-01
2.209459221449210364e+00
0.000000000000000000e+00
1.765758909184453440e+00
2.009216268827388241e+00
1.694604473080888907e+00
0.000000000000000000e+00
1.009623603246366130e+00
2.242817023854732472e+00
7.885633097731759023e-02
1.970742520620044624e-01
8.180717392090381956e-01
1.688930229040494391e+00
0.000000000000000000e+00
7.665351897040730833e-01
0.000000000000000000e+00
0.000000000000000000e+00
0.000000000000000000e+00
0.000000000000000000e+00
0.000000000000000000e+00
0.000000000000000000e+00
1.911524380136732315e+00
0.000000000000000000e+00
7.197996325499299297e-02
5.301456016015315686e-01
5.312848884015897166e-01
1.477060531873459759e+00
6.430409768817022843e-03
1.222311471376474223e+00
0.000000000000000000e+00
1.172698248353302830e+00
0.000000000000000000e+00
0.000000000000000000e+00
1.022678956505374437e+00
0.000000000000000000e+00
3.281411740220611106e-01
1.940291321674000757e+00
1.695896180018125587e+00
1.484182391857948424e+00
0.000000000000000000e+00
3.976310426152571131e-02
0.000000000000000000e+00
5.268518248525908554e-01
0.000000000000000000e+00
1.743902098668611123e+00
0.000000000000000000e+00
0.000000000000000000e+00
4.899526817187142003e-01
0.000000000000000000e+00
2.383032503682539716e+00
0.000000000000000000e+00
0.000000000000000000e+00
1.850192065624323423e-01
1.063633483736514673e+00
6.150291640334549781e-01
