# Ensemble B, m = 1000.0, c_n/c_p = 0.651612903226, f = -0.996086956522
# lambda = [  4.92070995e-08  -3.19385132e-08   0.00000000e+00   2.83376941e-09]
#  
0.000000000000000000e+00
0.000000000000000000e+00
2.482683597995124281e+00
0.000000000000000000e+00
6.591282313405245619e-01
0.000000000000000000e+00
4.134588455027221054e-01
0.000000000000000000e+00
0.000000000000000000e+00
3.289561293450571355e-01
1.026117927584788037e+00
3.841021037785328218e-01
1.720130675245950203e+00
1.160939765519296341e+00
0.000000000000000000e+00
1.097243775215099415e+00
1.354520963313393889e+00
3.617702830298212269e-01
0.000000000000000000e+00
0.000000000000000000e+00
3.991977887896380195e-01
1.091086792261031002e+00
6.300295213733168032e-01
0.000000000000000000e+00
0.000000000000000000e+00
2.134395020536033805e+00
0.000000000000000000e+00
4.008040366959121914e-01
3.030244201813737437e+00
1.189102791199588616e+00
0.000000000000000000e+00
1.474204917807067639e-01
0.000000000000000000e+00
1.287172184846654410e+00
0.000000000000000000e+00
0.000000000000000000e+00
7.308162771762582999e-01
1.634223653917518948e-01
1.820067589583447720e+00
0.000000000000000000e+00
5.716282626166618863e-01
1.107982296641883080e+00
1.397314157904415488e+00
7.062348503857223125e-01
1.199900452186108968e+00
0.000000000000000000e+00
0.000000000000000000e+00
6.275031573572853461e-01
7.832740804094113773e-01
0.000000000000000000e+00
0.000000000000000000e+00
3.846474945135345269e-01
4.658010352155027012e-01
0.000000000000000000e+00
1.308858773697843425e+00
1.386951765306808859e+00
1.477756642857693148e+00
0.000000000000000000e+00
1.871685565215318370e+00
0.000000000000000000e+00
0.000000000000000000e+00
3.173591899792258531e-01
1.787579671821503124e+00
0.000000000000000000e+00
9.348139477073624803e-02
7.588925811314171099e-01
9.574555551222712069e-01
6.956858360981900136e-01
2.399251102646397182e+00
2.986177670393395100e-01
0.000000000000000000e+00
1.658801428739671735e+00
1.299569924142187638e+00
9.698773009100541964e-01
2.060455874904258522e+00
1.548152785782118124e-01
0.000000000000000000e+00
9.601806958330526554e-01
0.000000000000000000e+00
1.429727216875129381e+00
0.000000000000000000e+00
0.000000000000000000e+00
2.037965375243345340e-02
2.261456710459824326e-01
1.701111671857751917e+00
0.000000000000000000e+00
0.000000000000000000e+00
2.578171864854877926e-01
2.495053163125059648e+00
0.000000000000000000e+00
0.000000000000000000e+00
0.000000000000000000e+00
0.000000000000000000e+00
1.171406768336150872e+00
1.529983379951909805e+00
2.486789488000716308e-01
9.215477339097142284e-01
1.346443344631424455e-01
2.065169504587913152e-02
1.282816741387093007e+00
