# Ensemble B, m = 1000.0, lambda = [  2.32900614e-08  -1.50510144e-08   0.00000000e+00   3.60454966e-09]
2.759863655781479852e-01
2.204637424507524202e+00
5.966922352899366455e-01
6.778567167356176482e-01
0.000000000000000000e+00
1.041879886975856984e+00
1.756543944048598149e+00
0.000000000000000000e+00
3.363002506753534071e-01
2.296577916130346508e-01
6.494512534081980926e-02
2.151903054006369109e-01
0.000000000000000000e+00
1.182346063176653583e+00
1.426638939440295406e+00
2.196507634864426073e-01
0.000000000000000000e+00
0.000000000000000000e+00
1.715949580564667398e+00
1.341782050753874689e+00
0.000000000000000000e+00
1.262550180626000884e-01
0.000000000000000000e+00
0.000000000000000000e+00
1.170354573603555437e+00
0.000000000000000000e+00
8.238788043327579524e-01
0.000000000000000000e+00
3.798087158250044171e-01
2.279908444812632773e+00
1.380200033139322269e+00
0.000000000000000000e+00
1.032991578245201270e+00
5.081069424464990797e-02
1.040328794663864187e+00
2.291769672186535212e-01
2.235260841829342038e+00
6.589157839509530712e-01
1.092554805842374854e+00
1.125487870643337551e+00
0.000000000000000000e+00
1.179897634489075919e+00
0.000000000000000000e+00
7.056325063032028999e-02
1.085964570715484356e+00
9.146168007742825345e-01
2.019561206318649660e+00
0.000000000000000000e+00
1.933131428259964590e-01
1.029155156835140916e+00
0.000000000000000000e+00
0.000000000000000000e+00
0.000000000000000000e+00
4.881522673546102031e-01
1.112215035998588064e+00
1.474447091081697803e+00
4.399389618947295300e-01
0.000000000000000000e+00
1.991068778982645782e+00
6.602019503680582879e-01
0.000000000000000000e+00
1.200741569203201742e+00
0.000000000000000000e+00
0.000000000000000000e+00
0.000000000000000000e+00
0.000000000000000000e+00
0.000000000000000000e+00
5.603700978820150835e-01
2.220033870867022252e-01
2.508561201080194425e-01
6.406557323876654886e-01
1.810706335883601303e+00
1.518401921039554736e+00
1.659700263927512687e+00
0.000000000000000000e+00
0.000000000000000000e+00
0.000000000000000000e+00
0.000000000000000000e+00
2.084978309499799565e+00
0.000000000000000000e+00
1.002836618294943083e+00
0.000000000000000000e+00
2.096377170243199917e+00
2.967487576881892242e+00
1.920759172579546981e+00
7.176900423016493447e-01
0.000000000000000000e+00
7.084487575474306409e-01
2.947290822346602113e-01
8.365525958956735592e-03
0.000000000000000000e+00
5.216160656837570686e-01
1.169601584885074708e+00
4.823089180549166577e-01
1.318168375286027594e+00
7.701755319331050620e-01
1.178871758109938606e+00
1.498403632772093985e+00
9.656178575259357633e-01
4.953288370845806421e-01
