# Ensemble B, m = 1000.0, lambda = [  1.48449006e-08  -1.20624053e-08   0.00000000e+00   3.45092883e-09]
0.000000000000000000e+00
1.616318154792385053e+00
3.180763418666133213e-01
3.812222296293964717e-03
0.000000000000000000e+00
0.000000000000000000e+00
0.000000000000000000e+00
2.540711298996549128e-01
0.000000000000000000e+00
0.000000000000000000e+00
0.000000000000000000e+00
0.000000000000000000e+00
8.126616710721960013e-01
1.410706360817777227e+00
0.000000000000000000e+00
1.888020825141440151e-01
2.120565312294059979e+00
5.945861281218144390e-01
0.000000000000000000e+00
1.156445872418627729e+00
4.189303358202722816e-01
0.000000000000000000e+00
5.265481620161264198e-01
0.000000000000000000e+00
2.428783733496937991e+00
0.000000000000000000e+00
1.712278258624329474e+00
1.347083359514801737e+00
7.914921678935200600e-01
1.106795182384027632e+00
0.000000000000000000e+00
0.000000000000000000e+00
4.060124617075799858e-01
5.117018986922358126e-01
1.411303619950682542e+00
2.092208051878989561e-01
0.000000000000000000e+00
2.443330137203671981e+00
1.090518627375850702e+00
3.390710265052502281e-01
7.895267244185217859e-01
4.026630352578893235e-01
6.455842483771934148e-01
0.000000000000000000e+00
2.767270826841890408e+00
1.020924984710993855e-01
9.509433371376321276e-01
4.608381469845709844e-01
1.465491380627185425e+00
1.362643245268836178e+00
0.000000000000000000e+00
0.000000000000000000e+00
0.000000000000000000e+00
4.936499028850424020e-01
0.000000000000000000e+00
0.000000000000000000e+00
1.916443229884498667e+00
2.635613835224387635e+00
2.392915593709799893e+00
2.558315209954457273e-03
2.465680594279170412e-01
2.287834717150090402e-01
1.023341488236953811e+00
5.935812266704480929e-03
1.475740456807357548e+00
1.362082365059632538e-01
0.000000000000000000e+00
0.000000000000000000e+00
5.049088982263735259e-01
7.115104036857091696e-01
1.479542948189156215e+00
0.000000000000000000e+00
0.000000000000000000e+00
3.138327268975931728e-01
0.000000000000000000e+00
0.000000000000000000e+00
2.134517935604263172e+00
1.077255627395807602e+00
0.000000000000000000e+00
0.000000000000000000e+00
0.000000000000000000e+00
0.000000000000000000e+00
6.602891103060480882e-01
0.000000000000000000e+00
4.391416527857574040e-04
8.664631392960815415e-01
3.838051460961520306e-02
7.042892927986452722e-01
1.177131993534816790e+00
9.796373125620844169e-03
0.000000000000000000e+00
0.000000000000000000e+00
1.809219605756273441e-01
0.000000000000000000e+00
9.232188177515215921e-01
0.000000000000000000e+00
1.534496779344221296e-01
7.878297065042267899e-01
1.702821825376918285e+00
3.135517876076867050e-01
