# Ensemble B, m = 1000.0, lambda = [  2.37701565e-08  -1.96345327e-08   0.00000000e+00   2.41835387e-09]
5.241949296883707810e-01
1.175814880691608888e+00
1.362437253814826832e+00
0.000000000000000000e+00
1.347237159295931130e+00
1.666903107512201498e-01
1.147498113452474211e+00
2.683656197893408146e-01
6.576355193707692504e-01
4.284809743285034750e-02
1.015755314713304269e+00
1.300108989726703523e+00
7.470010216076202747e-01
0.000000000000000000e+00
2.444554737905045572e-01
1.904504186007730526e+00
7.657159238655915079e-01
8.914971296139333479e-01
2.034068833868170501e+00
0.000000000000000000e+00
1.147996377291699233e+00
0.000000000000000000e+00
8.300632353430295041e-01
1.168647463927961205e-01
0.000000000000000000e+00
1.794310283363574010e+00
0.000000000000000000e+00
6.037645723580701423e-02
1.163107124743551157e+00
1.819344562553527056e-01
7.839167133004556476e-01
3.889993456481815604e-01
1.359227306488774545e+00
0.000000000000000000e+00
3.523474774028542145e-01
1.535511300181080729e+00
1.064433778278883080e+00
9.897284540522069962e-01
1.013045325228892679e+00
3.738266832258897998e-01
4.975336695784705610e-01
1.564590933361973857e+00
0.000000000000000000e+00
1.655428804189735370e+00
1.053621731865627575e+00
1.361910386386612770e-01
8.056964435189223339e-02
1.117353743353010298e+00
0.000000000000000000e+00
1.356536194406628981e+00
0.000000000000000000e+00
1.607823203250449140e+00
6.709751557283203383e-01
0.000000000000000000e+00
6.296486977247331973e-01
8.305582643143883947e-01
1.060344627433897458e+00
0.000000000000000000e+00
0.000000000000000000e+00
1.000615293558262842e+00
0.000000000000000000e+00
0.000000000000000000e+00
0.000000000000000000e+00
1.253574430973458220e+00
5.517074040164009485e-01
1.116089956558589780e+00
1.694904122055069795e+00
0.000000000000000000e+00
7.507389060274747283e-01
8.573101856973923685e-01
1.182756561290926989e+00
1.233062584283803886e+00
2.046251117281691900e-01
0.000000000000000000e+00
1.523620802189038947e+00
1.334461529251261158e+00
9.953123361638607225e-01
1.273788264457322017e-01
4.172856360692013822e-01
0.000000000000000000e+00
1.075464900538228852e+00
1.878686572615204442e+00
7.567105860388605443e-01
1.574993821753463585e+00
1.146992945746944992e+00
2.866978804418067184e-01
0.000000000000000000e+00
6.250787933437472743e-01
0.000000000000000000e+00
0.000000000000000000e+00
0.000000000000000000e+00
8.819338380913099851e-01
1.993747403243122829e+00
6.256787026671526419e-01
5.519872195733015879e-02
1.028012501371739162e+00
6.253823672517433430e-01
1.044920377460405669e+00
6.209678531444964289e-01
1.288058492695010715e+00
