# Ensemble B, m = 1000.0, c_n/c_p = 0.974193548387, f = -0.997391304348
# lambda = [  1.36955136e-08  -1.33072755e-08   0.00000000e+00   9.63089962e-10]
#  
0.000000000000000000e+00
4.023962642416858970e-01
0.000000000000000000e+00
0.000000000000000000e+00
9.262607641609876818e-01
8.778793429558076067e-01
6.042936791122006657e-01
1.435765605144972312e+00
2.238715540565489270e+00
0.000000000000000000e+00
5.430567239418075953e-01
1.264564320688230659e+00
0.000000000000000000e+00
0.000000000000000000e+00
2.111518517057233216e-02
0.000000000000000000e+00
0.000000000000000000e+00
0.000000000000000000e+00
1.252739041816262056e+00
2.203743558399922364e-01
1.831952556124537335e+00
7.185995044478126204e-01
0.000000000000000000e+00
0.000000000000000000e+00
1.836289503612447138e-01
1.059805639262612731e+00
0.000000000000000000e+00
8.243007051677730956e-01
0.000000000000000000e+00
9.333021045056205667e-01
9.033956813984713730e-01
3.313741466572742937e-03
2.387368748208933411e-01
0.000000000000000000e+00
0.000000000000000000e+00
1.452166047048408126e+00
4.137598735865768429e-01
0.000000000000000000e+00
1.356046577891890648e+00
1.516910662335370363e-03
0.000000000000000000e+00
1.627719096482492356e+00
0.000000000000000000e+00
0.000000000000000000e+00
4.520325248542483854e-01
1.653087165220180205e-02
1.056242873535157889e+00
7.840416652962095556e-01
0.000000000000000000e+00
0.000000000000000000e+00
4.320069729321607266e-01
1.140770418652803819e+00
2.276731758073207601e+00
0.000000000000000000e+00
0.000000000000000000e+00
4.909095063368184575e-01
0.000000000000000000e+00
1.660278825466280805e+00
9.086327087222917376e-01
9.827976658105085361e-01
1.469565552106693040e+00
0.000000000000000000e+00
0.000000000000000000e+00
0.000000000000000000e+00
0.000000000000000000e+00
0.000000000000000000e+00
0.000000000000000000e+00
3.624906878922620757e-01
1.328166053279423942e+00
0.000000000000000000e+00
0.000000000000000000e+00
7.898323986867729074e-01
0.000000000000000000e+00
0.000000000000000000e+00
0.000000000000000000e+00
0.000000000000000000e+00
1.176102342862085148e+00
2.001541386582278648e+00
8.979811249076456725e-02
0.000000000000000000e+00
0.000000000000000000e+00
8.137013095780385452e-01
3.031723800032252655e-02
0.000000000000000000e+00
1.958728146682157667e-01
1.835838297594906410e-01
6.783718508235425659e-01
6.713607981321908502e-01
7.056397780214469784e-02
0.000000000000000000e+00
1.894557767935272974e+00
1.783334895804354892e-01
4.985177977806921068e-01
0.000000000000000000e+00
0.000000000000000000e+00
2.454886437710004365e+00
1.091148358372443949e+00
0.000000000000000000e+00
1.260540146477799883e+00
5.260185313866982959e-01
