# Ensemble B, m = 1000.0, c_n/c_p = 0.81935483871, f = -0.980434782609
# lambda = [  2.00467394e-08  -1.61040266e-08   0.00000000e+00   3.23324325e-09]
#  
1.432840472489294470e+00
5.997623151563077348e-01
4.310811347802619431e-01
0.000000000000000000e+00
6.782499554485864612e-01
2.147567422305106666e-01
6.179374767831360277e-02
1.542828656571765045e+00
6.502898449961210803e-01
0.000000000000000000e+00
0.000000000000000000e+00
6.400608259050147852e-01
5.339470476404249190e-03
6.306261682134851713e-03
0.000000000000000000e+00
4.682295231017406523e-01
1.827035144899167074e+00
2.377039767303213758e+00
0.000000000000000000e+00
0.000000000000000000e+00
1.165107192014344789e-01
0.000000000000000000e+00
1.251705548889697983e+00
0.000000000000000000e+00
3.874857800837041011e-01
1.127339212152543915e-02
0.000000000000000000e+00
5.919135635257780637e-01
0.000000000000000000e+00
1.958051679529611233e+00
0.000000000000000000e+00
1.062363151286613849e+00
6.353342267291876011e-01
2.102500821488443083e+00
0.000000000000000000e+00
0.000000000000000000e+00
1.512177199495041806e-02
8.846722560543698322e-01
4.104737922780259396e-01
1.001449012982865983e-01
1.189520043345543288e+00
1.929968779120685873e+00
0.000000000000000000e+00
1.292167436612922327e+00
0.000000000000000000e+00
8.093740506002212731e-01
5.275827399214364499e-01
1.256316816606654729e+00
0.000000000000000000e+00
0.000000000000000000e+00
7.059458481557399079e-01
0.000000000000000000e+00
8.446599043057969464e-03
9.997028243244175938e-01
9.857201408979315849e-01
9.502440116390212799e-01
1.542069138123084659e+00
4.950222146061485917e-01
7.124045981266665661e-01
0.000000000000000000e+00
0.000000000000000000e+00
2.740362146663822607e+00
0.000000000000000000e+00
1.420595374210789741e+00
1.032926267911971507e+00
0.000000000000000000e+00
2.694361839887381649e+00
1.559724333280543718e+00
0.000000000000000000e+00
0.000000000000000000e+00
5.974808720173624410e-01
0.000000000000000000e+00
0.000000000000000000e+00
0.000000000000000000e+00
1.490355537958561793e+00
0.000000000000000000e+00
1.250707162749732815e+00
1.881490306522657918e-01
1.123577546028913021e+00
0.000000000000000000e+00
1.321437135901982085e+00
1.114728958738457454e+00
1.131631179701521051e+00
9.293403254346780384e-01
1.921281279822395494e-01
1.008189367569564565e+00
0.000000000000000000e+00
4.048136708914234494e-01
2.271344609736714593e-01
0.000000000000000000e+00
7.775976139344735749e-01
6.952958002909965796e-01
1.483061079602991272e+00
7.572348876972503362e-01
4.536388042802545935e-03
3.911951094301123755e-01
2.013578580281841557e+00
2.119353259395894973e-01
7.995703562697161759e-01
8.186764305100042716e-01
