# Ensemble B, m = 1000.0, c_n/c_p = 0.81935483871, f = -0.965714285714
# lambda = [  1.65654299e-08  -1.31076063e-08   0.00000000e+00   3.52363999e-09]
#  
2.649125404516033400e-01
0.000000000000000000e+00
1.112371002401895570e+00
1.434357005406783903e-01
0.000000000000000000e+00
0.000000000000000000e+00
1.334021690790086589e+00
0.000000000000000000e+00
1.693214058957107915e-01
0.000000000000000000e+00
6.218822588608138163e-02
0.000000000000000000e+00
1.622520798615311399e+00
0.000000000000000000e+00
5.858462880276116280e-01
2.144309675976520113e-01
4.775937167707271502e-01
1.492130712651814406e+00
3.481907299664743216e-01
5.234360474822769005e-01
1.281235975659045234e-01
1.134371196764967893e+00
1.086196851934652541e+00
3.939935625607217107e-01
9.144804812739637523e-01
2.149481890195373002e-01
1.029090936463999295e+00
0.000000000000000000e+00
1.871833678482671903e+00
2.312899784225087019e-01
7.654226860387608466e-01
0.000000000000000000e+00
6.969512237795054688e-01
3.133886439504334209e-01
6.359868853080599127e-01
1.702005412665816841e+00
3.688203283457003878e-01
1.963141588886539779e+00
3.471247749738952115e-01
1.506873392368258902e+00
1.289911485920999468e+00
1.603436719286536416e+00
3.304518000853957083e-01
1.066652871479572662e+00
0.000000000000000000e+00
1.823475670475730226e+00
4.724783434737050425e-01
0.000000000000000000e+00
1.201828544745117688e-01
2.052225619133301926e+00
7.810096244314708169e-01
7.778106080615908580e-01
6.592174901101024997e-02
2.186205718012656507e-01
1.521325038695052090e+00
0.000000000000000000e+00
1.800174817857965293e+00
7.689545120823838564e-01
0.000000000000000000e+00
0.000000000000000000e+00
1.505987630152551549e-01
1.146080901523250706e+00
0.000000000000000000e+00
2.102390727002942938e+00
0.000000000000000000e+00
4.756893786178652550e-01
2.157811701494396495e+00
1.318926377899217961e+00
1.769188526984010634e+00
1.702781157326505035e-01
0.000000000000000000e+00
2.337959882175013882e-01
2.126073721244584394e-02
0.000000000000000000e+00
2.636317922035077976e-01
0.000000000000000000e+00
0.000000000000000000e+00
7.229205517910930467e-02
1.928721282461948738e-01
3.778815927517168993e-01
0.000000000000000000e+00
2.230475328729009110e-01
8.032867178183486501e-02
9.883561859821112655e-03
2.205035643574488002e+00
4.574129536832335918e-01
0.000000000000000000e+00
4.921753158511735227e-01
9.617205713396088651e-01
1.729453919964948794e+00
1.693214058957107915e-01
0.000000000000000000e+00
0.000000000000000000e+00
4.794704083892624147e-01
1.740739650500412683e+00
0.000000000000000000e+00
1.351712550102709853e+00
2.351965139146041661e+00
0.000000000000000000e+00
9.834589814107217443e-01
