# Ensemble B, m = 1000.0, c_n/c_p = 0.677419354839, f = -0.97
# lambda = [  2.24372241e-08  -1.47434276e-08   0.00000000e+00   3.69505126e-09]
#  
1.890041777406774370e+00
1.600303334367534636e-01
1.351399427525140418e+00
0.000000000000000000e+00
2.363305247213065285e-01
1.389356177262276670e+00
2.037102674513264322e+00
7.329080709878678102e-01
3.110299763339880452e-01
0.000000000000000000e+00
0.000000000000000000e+00
8.149616602923097017e-03
1.308178499955525709e-02
5.359293137499817616e-01
9.505510089500823767e-01
2.974360478074166148e-01
0.000000000000000000e+00
8.710151439807344298e-01
0.000000000000000000e+00
2.055351778623796921e+00
2.420434157272314035e+00
3.759551265104887352e-01
9.823459811359360749e-01
0.000000000000000000e+00
5.148475007680228810e-01
0.000000000000000000e+00
1.683255785103130231e+00
3.556893211366896623e-01
0.000000000000000000e+00
0.000000000000000000e+00
3.691912964884385140e-01
1.394418361892898250e+00
0.000000000000000000e+00
8.864136476338740911e-01
2.747999148888079501e-01
0.000000000000000000e+00
1.068329993864783681e-02
0.000000000000000000e+00
9.955293524044597220e-01
7.196574032217134542e-01
1.401530931259137303e+00
0.000000000000000000e+00
7.393330327859302109e-01
8.766101454223670930e-02
2.185198341591216842e+00
4.212319316266308067e-01
0.000000000000000000e+00
1.809683577787898207e-02
4.448140880695694022e-01
4.958246094386158931e-01
0.000000000000000000e+00
9.892407917706572684e-01
1.640448924018812205e-01
0.000000000000000000e+00
2.079765969598468267e+00
0.000000000000000000e+00
0.000000000000000000e+00
2.785315878226755970e+00
9.049032166798833821e-01
0.000000000000000000e+00
1.588380301287577873e-02
0.000000000000000000e+00
3.326973662311474289e-01
8.316480104369387005e-01
1.277823600843277889e-02
6.712850626474666793e-01
7.398426232624718546e-01
1.988675641708506636e-01
4.137974567816887078e-02
1.514629850531588717e+00
0.000000000000000000e+00
2.318018828458177083e+00
0.000000000000000000e+00
0.000000000000000000e+00
0.000000000000000000e+00
6.123172850307281312e-01
2.440646711456230245e-01
2.692013433035774783e-01
7.986675730819776664e-01
2.277280889443380918e+00
0.000000000000000000e+00
1.257945696255430290e+00
0.000000000000000000e+00
1.032247568525093806e+00
3.408265864395446654e-01
0.000000000000000000e+00
4.539171256745616612e-01
6.926390642648380114e-01
5.088620568942051614e-01
8.950169448908170677e-01
0.000000000000000000e+00
8.101401523581194253e-01
4.450627843767379632e-01
1.019715617593735635e+00
0.000000000000000000e+00
9.098271716065511328e-01
0.000000000000000000e+00
9.006263143972308427e-01
0.000000000000000000e+00
7.135014018305511074e-01
