# Ensemble B, m = 1000.0, lambda = [  1.60978527e-08  -1.50404575e-08   0.00000000e+00   7.52728740e-10]
0.000000000000000000e+00
7.619512437376239067e-01
5.913384752622931062e-01
9.062433153832308852e-01
0.000000000000000000e+00
1.773965185948991774e+00
7.165062923713448884e-01
1.476826268124760588e+00
0.000000000000000000e+00
7.473061441426004370e-01
0.000000000000000000e+00
0.000000000000000000e+00
1.578898666146330010e+00
1.080470157813932630e+00
3.123189418777003699e-03
4.659147751389207115e-01
1.032514370509478807e+00
0.000000000000000000e+00
0.000000000000000000e+00
0.000000000000000000e+00
3.191683789446813080e-01
0.000000000000000000e+00
4.470668214042554101e-01
9.097446118576880958e-02
0.000000000000000000e+00
9.229856435245416268e-02
0.000000000000000000e+00
2.238462556990811758e-01
0.000000000000000000e+00
2.067244413957448401e+00
5.705002587817438187e-01
0.000000000000000000e+00
7.689467163081884493e-01
1.308062583276244251e+00
0.000000000000000000e+00
1.133002103029342678e+00
2.025826175737901025e+00
0.000000000000000000e+00
3.720092272911558196e-01
4.536632049146392398e-01
0.000000000000000000e+00
2.688053230724027701e-02
5.534916802441137706e-01
0.000000000000000000e+00
0.000000000000000000e+00
8.287221112456299998e-01
6.315132167605201907e-01
0.000000000000000000e+00
1.371234646836934967e+00
7.872970989664492825e-01
0.000000000000000000e+00
0.000000000000000000e+00
6.912801670360730899e-01
5.816662049283595204e-01
0.000000000000000000e+00
4.496962791871388920e-01
0.000000000000000000e+00
0.000000000000000000e+00
8.542764154980228009e-01
1.987429174885961602e+00
0.000000000000000000e+00
0.000000000000000000e+00
0.000000000000000000e+00
0.000000000000000000e+00
1.716344377348179240e+00
0.000000000000000000e+00
0.000000000000000000e+00
6.168978613992308624e-01
2.856971960099573271e-02
0.000000000000000000e+00
0.000000000000000000e+00
0.000000000000000000e+00
0.000000000000000000e+00
0.000000000000000000e+00
3.357919773397748386e-01
0.000000000000000000e+00
1.316551881522246281e-01
3.728051455325305796e-01
0.000000000000000000e+00
0.000000000000000000e+00
0.000000000000000000e+00
0.000000000000000000e+00
1.204638824462237245e+00
0.000000000000000000e+00
8.012615370115433455e-01
0.000000000000000000e+00
0.000000000000000000e+00
0.000000000000000000e+00
7.352789632822456789e-02
2.366920121725222537e-01
0.000000000000000000e+00
6.463137457061087776e-01
0.000000000000000000e+00
2.155560324778101666e+00
1.398076337932282698e+00
0.000000000000000000e+00
0.000000000000000000e+00
0.000000000000000000e+00
0.000000000000000000e+00
0.000000000000000000e+00
