# Ensemble B, m = 1000.0, c_n/c_p = 0.896774193548, f = -0.965714285714
# lambda = [  1.34148427e-08  -1.16176247e-08   0.00000000e+00   3.12309709e-09]
#  
1.459458401739067712e+00
0.000000000000000000e+00
1.004260884477970128e+00
4.408227972210211620e-02
0.000000000000000000e+00
1.820042836489151217e+00
1.297440430049109583e+00
0.000000000000000000e+00
1.113231218174770998e+00
3.728277082457299718e-01
4.771328430387725139e-01
1.385474577612544778e+00
1.203723925537834472e+00
0.000000000000000000e+00
0.000000000000000000e+00
4.884687451154906372e-03
2.370887288279764693e+00
8.268200984846424406e-01
0.000000000000000000e+00
4.450750720318423226e-01
1.291241872494323983e+00
4.936345676932660798e-01
0.000000000000000000e+00
3.166623110768227445e-01
1.416038180643821809e+00
0.000000000000000000e+00
2.402841012332033621e+00
7.962070779142008670e-01
0.000000000000000000e+00
2.233142878115470520e-01
0.000000000000000000e+00
1.433949265808938334e+00
1.348735529597357319e+00
0.000000000000000000e+00
0.000000000000000000e+00
0.000000000000000000e+00
0.000000000000000000e+00
1.230457296314013238e+00
0.000000000000000000e+00
4.957244759525817890e-01
7.539917848100385900e-01
0.000000000000000000e+00
7.183908111795032081e-01
0.000000000000000000e+00
2.585282031180543560e-01
1.837049500029289906e+00
1.142108137515084554e+00
2.262507889212570955e+00
3.379869949178360700e-01
1.015935109837824424e+00
1.122181020552299041e-01
9.431099101824063080e-01
9.684618792688288735e-01
0.000000000000000000e+00
1.689879641463591931e+00
0.000000000000000000e+00
9.222975126776065125e-01
0.000000000000000000e+00
6.586166414010188319e-01
1.724773657536026850e+00
7.841971002877639041e-01
1.281131478754406139e+00
0.000000000000000000e+00
2.426253897353529143e-01
0.000000000000000000e+00
0.000000000000000000e+00
0.000000000000000000e+00
3.456988235047004244e-03
0.000000000000000000e+00
0.000000000000000000e+00
1.607984010071011882e+00
1.313175293004385402e+00
0.000000000000000000e+00
0.000000000000000000e+00
0.000000000000000000e+00
0.000000000000000000e+00
2.633412938721977348e-01
1.666556804124480040e+00
9.750391940409786073e-01
0.000000000000000000e+00
0.000000000000000000e+00
0.000000000000000000e+00
0.000000000000000000e+00
0.000000000000000000e+00
1.000142073090781042e-01
0.000000000000000000e+00
0.000000000000000000e+00
1.311944862873237194e-01
1.122775572129474986e+00
0.000000000000000000e+00
9.603629369049216935e-01
9.052373429490777612e-01
7.939113224711700223e-01
0.000000000000000000e+00
0.000000000000000000e+00
9.769908099878581165e-02
0.000000000000000000e+00
4.381705351245514524e-01
0.000000000000000000e+00
1.946201973131796326e+00
