# Ensemble B, m = 1000.0, c_n/c_p = 0.703225806452, f = -0.997391304348
# lambda = [  7.53680636e-08  -5.28625045e-08   0.00000000e+00   3.82582801e-09]
#  
1.334216456989178123e+00
1.226043320794038216e+00
2.451217808675389520e+00
1.819994422376965071e+00
1.960896337447757487e+00
2.039122522892183653e+00
2.074372312841499699e+00
2.252925547066134460e+00
1.247005418086544193e+00
2.924490130421488754e+00
1.428152239196575080e+00
3.073663951561742103e+00
1.920429770101623967e+00
4.673188396324950977e-01
1.000633635758448214e+00
2.427274475143236021e+00
2.986661035360108407e+00
2.335298905454325169e+00
9.246687952116481313e-01
1.987983758717764893e+00
1.363067141692628548e+00
3.735796569592406691e-01
2.402244974889460316e+00
1.697337004339468436e+00
1.691718223118529263e+00
1.957824837973044740e+00
1.636266070727490085e+00
3.339340957087930661e+00
1.402048594831437400e+00
1.631636760445798418e+00
3.110155461392524856e+00
3.685232232608224745e+00
1.769671244605164340e+00
3.150219087982472743e+00
3.087036341981430621e+00
9.688241682164016044e-01
1.805109355165519958e+00
2.418900999295267695e+00
1.386166108925558360e+00
3.197705383792006195e+00
2.563320833210275040e+00
3.495901268753891511e+00
6.633877997614391342e-01
3.032889980487933901e+00
8.367930503931739761e-01
2.634199687818087554e+00
2.473257188382288696e+00
1.702126273147967161e+00
3.399019992992995398e-01
3.547524979013784829e+00
1.010793301538427835e+00
2.641288044991813688e+00
2.772962090389871737e+00
2.693679020432021787e+00
2.000437453990995262e+00
1.908170543409152042e+00
5.489727807006044014e-01
2.375301866504317960e+00
1.329519322142621807e+00
1.569464363684388797e+00
2.404529869784770568e+00
3.293323167539012442e+00
1.755964400132804526e+00
2.248633040310048958e+00
2.094394272587478678e+00
2.781360823357628131e+00
1.353235297215598099e+00
1.173710684362992307e+00
1.327689915147575395e+00
0.000000000000000000e+00
1.938464990013478939e+00
3.130984572359884588e+00
3.087070708050289713e+00
1.419191370992616053e+00
1.983281480428115140e+00
1.754981050203810566e+00
3.143977492477032065e+00
2.843963052368049915e+00
1.484472695630791650e+00
1.617839553920919382e+00
1.714952293751030421e+00
1.924733414516135888e+00
1.441040667746203541e+00
8.136268134541602137e-01
3.280667082254921318e+00
8.044023160529095717e-01
1.455781296243944256e+00
1.401328530031761277e+00
3.297529521187973156e+00
2.615224812838382817e+00
2.719630321029617992e+00
1.900851416137955718e+00
2.792269022454494376e+00
3.897353388332323032e+00
2.381035086339971407e+00
3.266237824870286133e+00
1.870195624952869951e+00
3.084384893049784360e+00
2.098792838996895060e+00
1.470293525189811268e+00
