# Ensemble B, m = 1000.0, c_n/c_p = 0.845161290323, f = -1.0
# lambda = [  2.65936711e-08  -2.24759414e-08   0.00000000e+00   0.00000000e+00]
#  
0.000000000000000000e+00
2.506258935796104037e-01
0.000000000000000000e+00
0.000000000000000000e+00
0.000000000000000000e+00
0.000000000000000000e+00
0.000000000000000000e+00
1.439203494569454844e-02
3.596834843952856908e-01
5.252968810311471337e-01
7.356376264784225683e-02
0.000000000000000000e+00
0.000000000000000000e+00
0.000000000000000000e+00
0.000000000000000000e+00
0.000000000000000000e+00
0.000000000000000000e+00
0.000000000000000000e+00
2.480349335145020095e-01
0.000000000000000000e+00
1.485848557109900714e+00
3.939952921209362580e-01
6.015632274985609484e-01
9.550632786162150945e-01
1.092534744975687921e+00
5.283627691154164641e-01
0.000000000000000000e+00
0.000000000000000000e+00
1.138523030432124994e+00
0.000000000000000000e+00
7.647128739787723006e-01
0.000000000000000000e+00
5.172712433626525108e-01
7.471414333918362516e-01
0.000000000000000000e+00
0.000000000000000000e+00
7.725265645548623494e-01
0.000000000000000000e+00
2.495624633727183406e-01
6.576189216064068921e-01
7.314213369145938781e-01
9.778702699908337070e-01
0.000000000000000000e+00
0.000000000000000000e+00
0.000000000000000000e+00
4.677831219723874168e-02
0.000000000000000000e+00
0.000000000000000000e+00
0.000000000000000000e+00
1.686984495553679742e-01
0.000000000000000000e+00
1.321525113549428809e+00
1.065769913069298802e-01
0.000000000000000000e+00
8.324088213509940326e-01
0.000000000000000000e+00
0.000000000000000000e+00
0.000000000000000000e+00
3.488907857217592445e-01
9.460432466215251690e-01
5.977270197151123288e-01
4.971600759246717072e-01
8.890959898189650934e-01
1.960327899502647686e-01
0.000000000000000000e+00
0.000000000000000000e+00
0.000000000000000000e+00
2.828502203256643907e-02
0.000000000000000000e+00
0.000000000000000000e+00
0.000000000000000000e+00
5.586578113161788650e-01
4.328612953937114871e-01
0.000000000000000000e+00
0.000000000000000000e+00
0.000000000000000000e+00
3.182589591104243998e-01
0.000000000000000000e+00
1.112390413904743358e+00
0.000000000000000000e+00
0.000000000000000000e+00
6.912730938661894031e-01
0.000000000000000000e+00
1.013235050050593999e+00
0.000000000000000000e+00
4.881031179124041830e-01
0.000000000000000000e+00
4.476005550803451860e-01
0.000000000000000000e+00
1.473550736361383673e-01
7.338581360337044224e-01
0.000000000000000000e+00
0.000000000000000000e+00
0.000000000000000000e+00
0.000000000000000000e+00
1.298087531315930410e-01
1.138613312663803612e+00
6.693279599257995205e-01
0.000000000000000000e+00
0.000000000000000000e+00
