# Ensemble B, m = 1000.0, c_n/c_p = 0.729032258065, f = -0.996086956522
# lambda = [  5.53922846e-08  -4.02247428e-08   0.00000000e+00   3.56897157e-09]
#  
2.499464780612128401e+00
2.804332122552240403e+00
1.225756951693046215e+00
7.209912187343698875e-01
3.076705833395029455e+00
2.429354470460998616e+00
1.169081713941722445e+00
1.293934583709430264e+00
2.782831001132709314e+00
1.410505662793924309e+00
3.465205743132039551e+00
1.471246151316250028e-01
2.487825960918773838e+00
3.387127950289728684e+00
4.785678749133044363e+00
2.009340312814510643e+00
2.836080566983628426e+00
9.951062308381308785e-01
2.396667739024205712e+00
2.426200508065562644e+00
3.258165018068645669e+00
7.381214000607901893e-01
2.252372371575105614e+00
7.014122134068115910e-01
2.895929288541305269e+00
2.189127679311353880e+00
2.918922036853242030e+00
9.030188690858071965e-01
2.172241565641211736e+00
2.347749838047985982e+00
1.174633643360211366e+00
1.598096237482215520e-01
3.913121522545730091e+00
1.441814071272677689e+00
2.499961095754380747e+00
2.926327931977968255e+00
9.161419353809506783e-01
1.295027645151477280e+00
9.455680923500388024e-01
8.339318722815602936e-01
8.595701673360652828e-01
2.644195251931513724e+00
1.444000274851810817e+00
9.706298631423828649e-01
2.461770896090143879e+00
1.647824602210240963e+00
4.101165849580135081e+00
1.183813590745665500e+00
2.157614547496197410e+00
2.419260524749076602e+00
2.360149408078145328e+00
3.442465796994411242e+00
3.557934927823742211e+00
3.398674354986526591e+00
2.019902636222033365e+00
3.604273716703098707e+00
2.528506192096051652e+00
1.999868283556754722e+00
3.234404441892487991e+00
2.816427668798050732e+00
1.635452124810901076e+00
3.319461099438425933e+00
2.396995847520117628e+00
1.341501157961711987e+00
3.816191876392483362e+00
2.212756421378594851e+00
1.866087613212498386e+00
1.515948595518041175e+00
3.417581565997709347e+00
2.286847592035235799e+00
6.594274238023560830e-01
2.044986520862082546e+00
1.189700173515932491e+00
1.818784389891647368e+00
3.715928121131005790e-01
2.912229212272345436e+00
3.298536998520777530e+00
1.952145259573206060e+00
3.349427622185068287e+00
2.098880450206396020e+00
7.548737807037367853e-01
1.498102255132740535e+00
2.678919785704240830e+00
2.678570998683257098e+00
1.285246139124709863e+00
2.624184934587239226e+00
2.298883407048288863e+00
1.437810857893938365e+00
1.993771496706229662e+00
3.305083907217065686e+00
2.726001452285969684e+00
3.139242991064457478e+00
2.544505170592569421e+00
1.820641170386269048e+00
1.651966893650975265e+00
3.168666217518995687e+00
1.369567148251438216e+00
2.081182886754470385e+00
2.418329150953404838e+00
2.533811065785059213e+00
