# Ensemble B, m = 1000.0, lambda = [  2.08469357e-08  -1.64758041e-08   0.00000000e+00   3.34555470e-09]
8.241778689122258861e-02
1.836414112730925252e+00
0.000000000000000000e+00
1.004891048505603957e+00
0.000000000000000000e+00
2.945889271717989644e+00
6.993918386518749308e-02
1.199967954549934657e+00
5.757986656019123961e-01
0.000000000000000000e+00
7.804346715423784997e-02
1.238424590605015752e+00
0.000000000000000000e+00
1.213002341665748024e-01
1.496789113864759047e-01
2.431803610236134006e-01
4.382408237802133399e-01
0.000000000000000000e+00
0.000000000000000000e+00
0.000000000000000000e+00
3.966519379804223644e-01
9.043616759079645684e-01
1.752246960138945653e+00
8.539256641661542302e-01
1.282684816935237837e+00
1.236577527114439912e+00
1.691358822084499058e+00
1.391049398166798401e+00
6.375445788070223108e-01
0.000000000000000000e+00
1.431262612071688700e+00
1.259674769168991348e+00
2.317558289635782920e+00
8.308852969416734291e-02
2.017788367103360514e+00
3.451136705248925018e-01
1.066842817480209371e+00
0.000000000000000000e+00
1.562932485979524166e+00
8.900248839868548645e-01
0.000000000000000000e+00
2.136023002554785499e+00
2.879821476616491460e-01
3.662900543737588333e-01
0.000000000000000000e+00
1.473884368459786876e+00
1.270353656444337620e+00
1.708136789676832912e+00
1.442988838501177984e+00
1.072310629620877448e-01
2.520670051495239594e+00
2.160234450473011349e-03
1.526908842738784688e+00
0.000000000000000000e+00
1.907517320236599589e+00
4.513828015512473812e-01
1.129162761485650757e+00
1.303304177785964413e+00
0.000000000000000000e+00
0.000000000000000000e+00
0.000000000000000000e+00
2.186032157220545169e-01
0.000000000000000000e+00
0.000000000000000000e+00
2.822732714691889910e+00
0.000000000000000000e+00
8.828412830949583512e-02
0.000000000000000000e+00
8.940089309998500156e-01
8.809738925560117728e-01
8.722932876324369644e-01
2.353807490411305436e-01
8.793479279630021794e-02
1.116913089926459879e+00
8.283273374139151768e-01
0.000000000000000000e+00
7.304584368237135861e-01
0.000000000000000000e+00
2.095548372403760240e+00
0.000000000000000000e+00
7.970517750943071356e-01
4.136232264751324994e-01
1.066343362064500644e+00
1.318439288984348257e-01
0.000000000000000000e+00
9.723532987515249859e-01
9.648627088675693075e-01
1.584881340384933335e+00
0.000000000000000000e+00
1.323581759401708968e+00
1.446220536126376632e-01
1.675498891008015523e+00
0.000000000000000000e+00
0.000000000000000000e+00
1.047933297548363951e+00
1.273765503218880379e+00
0.000000000000000000e+00
7.960414752716016284e-01
3.275689264560177061e-01
5.489526253849352777e-01
