# Ensemble B, m = 1000.0, c_n/c_p = 0.974193548387, f = -0.952857142857
# lambda = [  1.02658363e-08  -9.52943991e-09   0.00000000e+00   3.03446945e-09]
#  
0.000000000000000000e+00
2.855402849985529956e-01
0.000000000000000000e+00
0.000000000000000000e+00
1.368376932554658865e+00
2.665352747401586453e-01
7.647087345982521711e-01
1.111143010026198974e+00
0.000000000000000000e+00
0.000000000000000000e+00
4.424258772761516800e-01
1.410540630565237409e-02
2.781751548781233874e-01
0.000000000000000000e+00
0.000000000000000000e+00
6.036397920182546423e-02
0.000000000000000000e+00
8.173537441793876646e-02
1.192120938934062124e+00
1.947173479449441746e+00
3.565384779182407815e-01
0.000000000000000000e+00
0.000000000000000000e+00
6.481411947930634798e-02
1.011890761703298836e+00
9.937925922219877084e-03
0.000000000000000000e+00
0.000000000000000000e+00
4.342711582959233804e-03
9.526599439887861731e-01
4.049473578168371057e-01
0.000000000000000000e+00
1.454083472080057504e+00
0.000000000000000000e+00
4.770252995685543840e-01
5.221949342961009766e-01
1.091112732462620638e+00
1.122181020552299041e-01
8.238333263511823379e-01
1.775534080318068586e+00
0.000000000000000000e+00
0.000000000000000000e+00
8.939195481466842563e-03
2.147943425499972137e-01
2.255495694134216633e-01
0.000000000000000000e+00
6.872365315295912713e-03
6.016166230397540504e-01
4.906415430819040524e-01
1.116132024702124914e+00
0.000000000000000000e+00
1.164637651536025498e+00
8.956845411629450748e-03
2.013355314679545621e-02
2.344859354133515539e-01
4.384474337863093485e-01
2.281570111896396913e+00
0.000000000000000000e+00
1.411865990796183690e+00
4.199319406137493327e-01
3.407893887859277937e-01
7.692464511041167130e-01
0.000000000000000000e+00
9.760156873807243616e-02
1.217976701149546398e-01
6.002041461037443959e-01
0.000000000000000000e+00
2.433830072604398764e-01
1.001195101846978686e+00
0.000000000000000000e+00
0.000000000000000000e+00
2.256365884079041262e-01
6.741295021873130455e-01
2.073074614278392347e-01
4.199319406137493327e-01
8.360000525080135692e-01
0.000000000000000000e+00
0.000000000000000000e+00
1.148767628641186311e+00
0.000000000000000000e+00
5.745097782644731366e-01
1.088393731474074887e-02
0.000000000000000000e+00
0.000000000000000000e+00
0.000000000000000000e+00
2.506134616253063441e-01
0.000000000000000000e+00
1.230696612472307327e+00
5.802684927730974440e-01
8.490064386342888181e-02
3.172426921193637894e-01
1.064444747623071397e+00
0.000000000000000000e+00
1.436269794839390990e+00
6.946834666285339743e-01
1.702428188454831182e-02
0.000000000000000000e+00
2.964294639322856417e-01
2.435959248408853250e-01
0.000000000000000000e+00
