# Ensemble B, m = 1000.0, lambda = [  1.21139910e-08  -1.20231360e-08   0.00000000e+00   1.48087036e-09]
0.000000000000000000e+00
6.917928904292366954e-02
1.331891690368003589e+00
0.000000000000000000e+00
0.000000000000000000e+00
0.000000000000000000e+00
4.510067033513731061e-01
0.000000000000000000e+00
8.452256585925156385e-01
0.000000000000000000e+00
3.690597845300458979e-01
1.253485353331947605e-01
1.433174262172034197e-01
0.000000000000000000e+00
4.053773785651319794e-02
0.000000000000000000e+00
0.000000000000000000e+00
4.431599435026318812e-01
0.000000000000000000e+00
0.000000000000000000e+00
0.000000000000000000e+00
3.578037573202170751e-01
0.000000000000000000e+00
0.000000000000000000e+00
0.000000000000000000e+00
1.424455909667057471e-02
7.385395741451523666e-01
9.765952249875434754e-01
0.000000000000000000e+00
0.000000000000000000e+00
2.489473221603160646e-01
3.347678520776858346e-01
1.663379177439714640e+00
1.605890724616395593e-01
0.000000000000000000e+00
3.783753691374073802e-01
0.000000000000000000e+00
7.266148654302304610e-01
1.305731705117787467e-01
8.595886350303748591e-01
9.934165447454347264e-01
0.000000000000000000e+00
1.952348023855872972e-01
6.940457894785131421e-01
0.000000000000000000e+00
1.027407608551476059e+00
0.000000000000000000e+00
6.159054264473307755e-02
7.803529208134388773e-01
0.000000000000000000e+00
1.229382577378690167e+00
6.081998646201004499e-01
7.603412003219528481e-02
0.000000000000000000e+00
2.477505102306047924e-01
1.664110496189675326e+00
8.767169883414211995e-01
0.000000000000000000e+00
4.915183974261508326e-03
7.342194531998894602e-01
0.000000000000000000e+00
1.041664578474547964e+00
0.000000000000000000e+00
0.000000000000000000e+00
6.587089137204302780e-01
0.000000000000000000e+00
0.000000000000000000e+00
0.000000000000000000e+00
0.000000000000000000e+00
0.000000000000000000e+00
0.000000000000000000e+00
2.642286988270492465e-01
0.000000000000000000e+00
1.365943927200400809e+00
0.000000000000000000e+00
1.164438029070496844e-01
0.000000000000000000e+00
2.721640899055400853e-01
0.000000000000000000e+00
0.000000000000000000e+00
6.519220153979811139e-01
0.000000000000000000e+00
0.000000000000000000e+00
6.947763745607830714e-03
1.516033642147749605e+00
7.882759361823234168e-03
0.000000000000000000e+00
9.862971925094691228e-01
0.000000000000000000e+00
5.294063957646101271e-01
1.987848473312607556e-02
1.125117522337140574e+00
7.841719079994843300e-01
0.000000000000000000e+00
8.695442848923953250e-01
1.290840835873947157e+00
0.000000000000000000e+00
0.000000000000000000e+00
0.000000000000000000e+00
0.000000000000000000e+00
