# Ensemble B, m = 1000.0, lambda = [  3.44051481e-08  -2.05914812e-08   0.00000000e+00   1.45877422e-09]
0.000000000000000000e+00
1.081104805870415797e+00
0.000000000000000000e+00
2.313793613088093615e+00
0.000000000000000000e+00
9.007365638679960540e-01
4.057683079737838816e-01
3.945412021825908111e-01
0.000000000000000000e+00
0.000000000000000000e+00
3.934683581204668212e-01
0.000000000000000000e+00
0.000000000000000000e+00
0.000000000000000000e+00
0.000000000000000000e+00
0.000000000000000000e+00
0.000000000000000000e+00
0.000000000000000000e+00
1.733538849022866731e-03
8.248607164664726321e-01
1.648751524341240282e+00
0.000000000000000000e+00
4.686446973119199888e-01
0.000000000000000000e+00
8.631017814295886825e-02
6.634743365589866881e-01
6.835300350147119897e-01
0.000000000000000000e+00
3.636327854085946165e-01
2.579214815277542372e-01
0.000000000000000000e+00
0.000000000000000000e+00
1.118316711693887022e+00
1.638615248967056015e+00
4.030435646241787295e-01
4.672821588867023812e-01
1.940196935855138527e-01
7.057339767331582969e-01
3.842462766197105584e-01
0.000000000000000000e+00
0.000000000000000000e+00
7.066701949463348731e-01
0.000000000000000000e+00
0.000000000000000000e+00
0.000000000000000000e+00
0.000000000000000000e+00
0.000000000000000000e+00
0.000000000000000000e+00
0.000000000000000000e+00
0.000000000000000000e+00
0.000000000000000000e+00
0.000000000000000000e+00
1.689261491543394778e+00
0.000000000000000000e+00
0.000000000000000000e+00
8.989407767432733287e-01
0.000000000000000000e+00
0.000000000000000000e+00
0.000000000000000000e+00
0.000000000000000000e+00
6.222405404445641164e-01
5.204643291156413332e-01
9.040521986665522869e-01
0.000000000000000000e+00
9.667166630382534320e-01
6.933503874805080347e-01
0.000000000000000000e+00
0.000000000000000000e+00
1.289061548422923753e+00
6.681706816204450172e-01
0.000000000000000000e+00
1.984097546481403906e+00
8.286464143660514370e-02
0.000000000000000000e+00
0.000000000000000000e+00
0.000000000000000000e+00
0.000000000000000000e+00
1.667719526724885659e+00
4.315321572128212324e-01
0.000000000000000000e+00
7.979118988866040763e-01
1.743204517867964209e-01
0.000000000000000000e+00
0.000000000000000000e+00
0.000000000000000000e+00
0.000000000000000000e+00
1.519804298492072991e+00
0.000000000000000000e+00
1.862969034420031977e-01
2.834876195895148498e-01
0.000000000000000000e+00
1.757810101757171228e+00
4.302989444191434587e-01
0.000000000000000000e+00
6.155920738383390267e-01
0.000000000000000000e+00
1.761519888423622504e+00
1.356027693791440836e+00
0.000000000000000000e+00
1.011422769113436759e+00
