# Ensemble B, m = 1000.0, lambda = [  1.21215342e-08  -1.13755710e-08   0.00000000e+00   2.52443916e-09]
1.042803809292190520e+00
8.780893159049684149e-01
1.041174493858121997e+00
0.000000000000000000e+00
3.573170101711248825e-01
8.022479425217403648e-01
0.000000000000000000e+00
0.000000000000000000e+00
4.954936872731863229e-02
4.772684349205676413e-01
5.168929350960478342e-01
0.000000000000000000e+00
0.000000000000000000e+00
0.000000000000000000e+00
0.000000000000000000e+00
0.000000000000000000e+00
2.021321535362599342e-01
2.551714257513656214e+00
2.883795878656899014e-01
2.309673796301332072e+00
0.000000000000000000e+00
0.000000000000000000e+00
0.000000000000000000e+00
0.000000000000000000e+00
2.375834386357043471e+00
0.000000000000000000e+00
0.000000000000000000e+00
0.000000000000000000e+00
1.543866111004861930e+00
4.126700029710962392e-01
9.140890700271130376e-01
4.612477535965820996e-01
0.000000000000000000e+00
6.593097054696995807e-01
0.000000000000000000e+00
8.980975905979609042e-01
0.000000000000000000e+00
1.447476690773214614e+00
1.027462439919901271e+00
0.000000000000000000e+00
0.000000000000000000e+00
1.031865186539091761e+00
0.000000000000000000e+00
3.442396669481990190e-01
2.374519904715451379e-01
1.469807322269742755e-01
0.000000000000000000e+00
4.286550251019604074e-01
2.987528388339158458e-01
0.000000000000000000e+00
1.487218933098420903e+00
0.000000000000000000e+00
7.181836347583218094e-01
6.021209816147344851e-01
4.594296835307803417e-01
6.123039908242898684e-03
5.244304302694932085e-01
0.000000000000000000e+00
4.359976083926850321e-01
1.781503712922364036e-01
0.000000000000000000e+00
0.000000000000000000e+00
6.547957570340260380e-01
1.392373891495781280e+00
0.000000000000000000e+00
1.165515227906208207e+00
2.113984082317999502e-01
0.000000000000000000e+00
2.093582934570872300e-01
4.617312260498410321e-03
8.046218458809033525e-01
3.643513683862484309e-01
7.776445744651008275e-03
1.773543992197175401e+00
9.773851056559484940e-02
0.000000000000000000e+00
2.610578086074978321e-01
9.903824889519092789e-01
0.000000000000000000e+00
5.936539737077844991e-01
0.000000000000000000e+00
1.899121696561851258e-01
2.744967250168856232e+00
0.000000000000000000e+00
1.034388148722465095e+00
0.000000000000000000e+00
1.800226117172821994e+00
4.523895976709707556e-01
9.575068590994142426e-01
0.000000000000000000e+00
5.011934029629173670e-01
1.496526834447176713e+00
0.000000000000000000e+00
1.951989433824008691e+00
0.000000000000000000e+00
2.674502927919565343e-01
1.301628395960684713e-02
1.668576272695104334e+00
0.000000000000000000e+00
6.214706849474035399e-01
