# Ensemble B, m = 1000.0, c_n/c_p = 0.729032258065, f = -0.944285714286
# lambda = [  1.59217540e-08  -1.09607703e-08   0.00000000e+00   3.82033090e-09]
#  
2.890810144522518166e-02
5.294724658122244021e-01
2.085573756278177870e-01
0.000000000000000000e+00
2.043666715614023133e-01
9.461715513512516940e-02
0.000000000000000000e+00
1.991025879283387034e+00
1.580210614925183221e-01
7.789294178471052599e-02
0.000000000000000000e+00
1.344878275822799230e-01
0.000000000000000000e+00
1.058747237906119826e-01
0.000000000000000000e+00
1.308839371128602380e+00
1.906303219365008683e+00
2.001571400814856211e-02
2.994667697136236040e+00
0.000000000000000000e+00
0.000000000000000000e+00
2.162959776318288951e-01
0.000000000000000000e+00
0.000000000000000000e+00
0.000000000000000000e+00
0.000000000000000000e+00
3.358310839918344781e-01
0.000000000000000000e+00
0.000000000000000000e+00
0.000000000000000000e+00
1.260916700707339910e-01
0.000000000000000000e+00
0.000000000000000000e+00
0.000000000000000000e+00
0.000000000000000000e+00
0.000000000000000000e+00
0.000000000000000000e+00
0.000000000000000000e+00
0.000000000000000000e+00
0.000000000000000000e+00
7.680455890504411798e-01
3.449959767199108768e-02
3.782229238121237458e-02
0.000000000000000000e+00
0.000000000000000000e+00
3.183916410409857178e-01
6.200335840033971424e-02
3.670780561603061432e-01
0.000000000000000000e+00
1.289563710078114045e-01
2.827780370415846622e-01
2.250096585371758884e-01
0.000000000000000000e+00
0.000000000000000000e+00
7.475297262027951195e-01
4.614034598428868872e-01
1.614844278952116685e+00
4.214163187807609123e-01
4.063840692360953105e-02
2.055440663195564066e-01
4.402981494323763845e-01
0.000000000000000000e+00
4.910402719446347874e-01
0.000000000000000000e+00
3.424391427779429481e-02
2.862345268356522587e-01
7.066802617744847963e-03
0.000000000000000000e+00
0.000000000000000000e+00
3.795608252105391045e-02
4.449139762848482865e-02
1.013770849056968570e+00
0.000000000000000000e+00
5.068913062431745775e-01
2.901381407451186778e-01
1.490113577268324663e-02
9.742449333315319482e-01
1.830906325681609381e+00
0.000000000000000000e+00
1.537469994117216660e-02
0.000000000000000000e+00
3.915831727718533523e-02
1.339770952135473647e-01
0.000000000000000000e+00
3.492990520286530787e-01
0.000000000000000000e+00
0.000000000000000000e+00
1.322892214606213201e+00
7.166937372726288336e-02
7.867940247034469481e-01
0.000000000000000000e+00
2.568576202105782563e-03
2.619430538157590860e+00
2.722810073863844438e-01
0.000000000000000000e+00
6.356237364280024893e-02
3.096472334668600168e-01
0.000000000000000000e+00
3.120831029102236545e-02
3.129505712295508890e-01
