# Ensemble B, m = 1000.0, c_n/c_p = 0.651612903226, f = -0.984347826087
# lambda = [  2.95398273e-08  -1.89472513e-08   0.00000000e+00   3.39229694e-09]
#  
8.690025847241307222e-01
4.450421883737616380e-01
0.000000000000000000e+00
1.958543997362176103e+00
0.000000000000000000e+00
2.870914228476712515e-01
9.078081455214498385e-02
2.231541021551406156e-01
0.000000000000000000e+00
0.000000000000000000e+00
7.861538849862200751e-01
0.000000000000000000e+00
1.114111671237882462e+00
5.448078357498634811e-02
2.363759181248916708e+00
0.000000000000000000e+00
2.263657189581583795e-01
4.460072151398163931e-01
1.086129087818011651e+00
0.000000000000000000e+00
1.486069539828578923e-01
6.854206594187275958e-02
1.450566979426654690e+00
3.388464880169095306e-01
2.116825319035215702e-01
1.075557286101064491e+00
1.506939593287976997e+00
1.330429050826715809e+00
1.486933827299966371e+00
0.000000000000000000e+00
1.208586561334093368e+00
2.010878445607324760e+00
1.077172617773823671e+00
5.333458537267501409e-01
6.970775657158310157e-01
5.542849857048520734e-01
1.310915978982473362e+00
3.960258930219187623e-01
0.000000000000000000e+00
0.000000000000000000e+00
3.013035493807898479e-01
8.276980014318507939e-01
4.776495155385995783e-02
0.000000000000000000e+00
4.624830598986949259e-01
1.568158587055885844e+00
1.416231482635538885e+00
6.340706883006481664e-01
0.000000000000000000e+00
0.000000000000000000e+00
0.000000000000000000e+00
3.549398349136704406e-02
0.000000000000000000e+00
0.000000000000000000e+00
2.471394344124580589e-01
1.764482451410813502e+00
7.199380633849369326e-01
0.000000000000000000e+00
2.633353179765407059e+00
2.360999518367624006e+00
1.529859661782645985e-01
1.051234122359416157e+00
0.000000000000000000e+00
1.031369277306598109e+00
9.648870956144157685e-01
0.000000000000000000e+00
8.346610254177535548e-01
1.307507372259054224e+00
2.101439514237516196e-02
1.168623514266889707e+00
9.969977134866506718e-01
1.873118833531584926e+00
5.893361663931498962e-01
4.573268427367257333e-02
1.491166602695381371e+00
0.000000000000000000e+00
2.272371689010975970e+00
1.154122240603438598e+00
1.573997235840939979e+00
4.496597597743992591e-01
1.206639096140838495e-02
0.000000000000000000e+00
0.000000000000000000e+00
0.000000000000000000e+00
8.881008879303917691e-01
1.937083920701061779e-01
0.000000000000000000e+00
3.051296175373243921e-02
0.000000000000000000e+00
0.000000000000000000e+00
0.000000000000000000e+00
5.782636256839714939e-01
1.415450202649092271e-01
1.133294670505506918e+00
1.148602643562514292e+00
1.153979126331164284e+00
0.000000000000000000e+00
3.616473532815475678e-01
9.222359360099701142e-01
2.368310509717916457e+00
