# Ensemble B, m = 1000.0, lambda = [  1.31717881e-08  -1.20447504e-08   0.00000000e+00   2.59914521e-09]
1.185539716116652986e+00
5.020041010583126129e-02
1.081137700709506655e+00
7.108093750583266424e-02
1.774306266855357306e+00
0.000000000000000000e+00
6.337363252571379668e-01
0.000000000000000000e+00
2.219451207091592604e+00
0.000000000000000000e+00
8.042810210796454973e-01
2.745285024344416014e-01
2.387596248044681957e+00
1.338178687690670943e-01
0.000000000000000000e+00
0.000000000000000000e+00
1.034121221742239083e+00
0.000000000000000000e+00
7.015863712759251580e-01
3.157873899234562298e-01
6.904352316755232311e-01
0.000000000000000000e+00
1.056057821041817002e+00
7.757362467306209153e-01
9.533319267900769445e-01
6.002754672439862826e-01
0.000000000000000000e+00
8.773472090168317195e-01
4.076142337868564614e-01
5.654028654274323440e-01
2.497712092130776718e+00
8.020576442662642469e-01
2.767123678444801893e+00
2.966792961600345224e-01
0.000000000000000000e+00
0.000000000000000000e+00
1.739186952822367349e+00
0.000000000000000000e+00
5.341741340464966070e-01
0.000000000000000000e+00
5.002115227279542164e-01
1.548865949031626554e+00
0.000000000000000000e+00
1.123637091456656023e+00
0.000000000000000000e+00
0.000000000000000000e+00
1.564901624235200961e+00
1.270034438309854519e+00
1.277525469405140779e+00
7.238563392973524913e-01
8.832487658611357650e-01
1.767882641746599592e+00
2.769875664188382047e-01
0.000000000000000000e+00
0.000000000000000000e+00
0.000000000000000000e+00
1.295553004131094477e-01
8.538964941158386779e-01
2.089851537432044770e-01
0.000000000000000000e+00
9.194575560564293149e-01
0.000000000000000000e+00
2.011196567333045859e+00
1.529831501266506244e+00
0.000000000000000000e+00
6.234358801989118293e-01
2.649236160648588828e-02
0.000000000000000000e+00
0.000000000000000000e+00
0.000000000000000000e+00
1.390736621758460245e+00
1.475069070302839958e+00
1.373825885614081255e+00
0.000000000000000000e+00
0.000000000000000000e+00
5.301374676226280336e-01
8.229572856489678623e-01
1.342482174960999197e+00
6.652496703950913984e-03
1.739735671627310243e+00
0.000000000000000000e+00
2.065258921662946445e+00
9.052987943079416899e-01
0.000000000000000000e+00
1.576417269696719914e-01
0.000000000000000000e+00
0.000000000000000000e+00
0.000000000000000000e+00
9.357928263913269443e-03
3.621846671102603443e-02
1.125935791700391819e+00
3.680619689124319804e-01
0.000000000000000000e+00
1.032604017686282294e+00
0.000000000000000000e+00
0.000000000000000000e+00
1.458537632483997815e+00
3.835945848287283244e-01
1.440875302412490733e+00
3.344444042206231038e-01
