# Ensemble B, m = 1000.0, c_n/c_p = 0.754838709677, f = -0.952857142857
# lambda = [  1.66532268e-08  -1.19778910e-08   0.00000000e+00   3.81413226e-09]
#  
2.455587801593078767e-01
0.000000000000000000e+00
1.364042199157675939e-01
7.437188991025574236e-02
0.000000000000000000e+00
4.301357467325231942e-01
5.323908881907699620e-01
0.000000000000000000e+00
0.000000000000000000e+00
0.000000000000000000e+00
0.000000000000000000e+00
9.914176926706768853e-03
0.000000000000000000e+00
1.669971326426849645e+00
2.140041105331133564e-01
4.872360117195067009e-01
4.148810617094498415e-02
9.242726458170963388e-02
1.486573181787949338e-01
1.896305042903043248e+00
1.693508508449234062e-01
0.000000000000000000e+00
8.482211092440093692e-02
3.963982160798765891e-02
0.000000000000000000e+00
0.000000000000000000e+00
7.779862105664131500e-02
5.188466282379803340e-01
0.000000000000000000e+00
0.000000000000000000e+00
2.533787166831759710e-02
1.552976526931292012e-01
0.000000000000000000e+00
6.999386937278553877e-02
2.969138611554274221e-02
2.385939480222612374e+00
1.562035247483029021e-02
1.043682578681806250e+00
4.538812811891561050e-01
1.125096873788344470e-01
2.376876803486041856e-01
3.899814817436524361e-01
0.000000000000000000e+00
9.241639290067532597e-02
2.166124194625248522e-01
0.000000000000000000e+00
4.627186294646414011e-02
1.007602047033545611e-01
0.000000000000000000e+00
6.238404924465084517e-02
0.000000000000000000e+00
0.000000000000000000e+00
1.944880874601307916e-02
5.151164690157462867e-02
0.000000000000000000e+00
0.000000000000000000e+00
0.000000000000000000e+00
0.000000000000000000e+00
0.000000000000000000e+00
9.828525619040034966e-01
9.048691122318580637e-01
1.163253693484612578e-01
9.563323674257852014e-01
0.000000000000000000e+00
4.215774351203835923e-01
0.000000000000000000e+00
1.832305791719873178e-01
2.344701727091551627e-02
2.298232850270078287e-01
2.464611102489097760e+00
0.000000000000000000e+00
2.652428688095274656e-01
0.000000000000000000e+00
3.122451136004293915e-01
0.000000000000000000e+00
4.121313593820332549e-02
7.642840879035246449e-01
1.757463799558834361e-01
0.000000000000000000e+00
7.004704960277753634e-02
0.000000000000000000e+00
1.560511525166131779e-02
6.925001616420424499e-02
1.816416401988562440e-02
0.000000000000000000e+00
0.000000000000000000e+00
2.527924906389005244e-01
2.599340481383637380e-01
0.000000000000000000e+00
0.000000000000000000e+00
0.000000000000000000e+00
0.000000000000000000e+00
1.840999921425715835e-01
1.039286003225451394e+00
6.191428817226941883e-02
1.447085141509772521e+00
2.999397840434743501e-02
0.000000000000000000e+00
2.410763945854040025e-01
1.515036117582109654e+00
