# Ensemble B, m = 1000.0, lambda = [  1.65341012e-08  -9.41026561e-09   0.00000000e+00   3.14045257e-09]
0.000000000000000000e+00
5.539552869302321048e-01
6.673111971442723389e-01
6.427542727039958770e-01
1.291398891161860130e+00
2.419868964360798735e-01
6.926443355828200144e-01
7.254891968729871854e-01
4.735218069052157253e-01
3.060903401888913633e-01
8.186257713060033359e-01
1.114575897296799095e-01
1.648511862112534310e+00
1.692782481373644732e+00
6.395237390049046677e-01
3.702220465663599858e-01
1.570554565212170794e-01
1.281140332878081711e+00
0.000000000000000000e+00
3.138324947335626169e-01
1.413015706443051300e+00
8.540071204440961017e-01
2.519835725785098290e+00
2.464177256759359835e+00
2.378818546300415782e-01
6.180746424192278266e-01
1.863761652440138805e+00
8.987319292918154456e-01
7.970654842397403295e-01
0.000000000000000000e+00
1.138200528963509539e+00
1.251996133419997825e+00
1.220817047514805243e+00
5.263313950761713648e-03
0.000000000000000000e+00
4.565895393989833351e-01
0.000000000000000000e+00
4.444921434412688055e-01
6.865093784793285803e-01
1.901243959280427109e+00
7.972871378785086061e-03
2.718637126221135958e+00
0.000000000000000000e+00
1.072698947648722978e+00
0.000000000000000000e+00
0.000000000000000000e+00
0.000000000000000000e+00
1.137694103106094978e+00
9.064668846529884069e-03
0.000000000000000000e+00
1.116633871243639442e+00
0.000000000000000000e+00
0.000000000000000000e+00
4.311144127770142331e-01
0.000000000000000000e+00
0.000000000000000000e+00
4.267161444058052422e-01
1.665675464283890239e+00
1.234327141332027367e+00
1.296140272392707793e+00
0.000000000000000000e+00
1.176737685707540004e+00
2.695511614922438959e-01
8.146754428726887820e-02
9.881873571682743274e-01
1.027338206256099840e+00
6.456052310123218396e-02
0.000000000000000000e+00
4.871129459397922079e-01
0.000000000000000000e+00
8.082882076984014841e-01
1.776647567926848748e+00
0.000000000000000000e+00
8.507213813014349313e-01
1.140987275025205250e+00
1.064511018797099640e+00
0.000000000000000000e+00
0.000000000000000000e+00
5.256366121517378476e-01
1.270377774610282999e-02
2.611069594621943768e+00
1.591736532264417470e+00
7.722380388588631628e-02
0.000000000000000000e+00
0.000000000000000000e+00
1.135542149363736542e+00
0.000000000000000000e+00
7.804841225509179768e-03
0.000000000000000000e+00
8.162542581881966353e-01
0.000000000000000000e+00
6.286269781690460023e-01
0.000000000000000000e+00
0.000000000000000000e+00
6.788932175071507591e-02
1.109579981513804325e+00
1.241448333742404542e-01
1.240295581576789374e-01
0.000000000000000000e+00
8.925028204446469049e-01
