# Ensemble B, m = 1000.0, c_n/c_p = 0.948387096774, f = -0.948571428571
# lambda = [  1.06329297e-08  -9.56552074e-09   0.00000000e+00   3.19226527e-09]
#  
1.938036075900523514e+00
1.984097355282437355e-03
1.144493719729491321e+00
5.184028627882710794e-01
9.715744425852788080e-01
0.000000000000000000e+00
1.832192431887900153e+00
6.622659303436366773e-01
9.985972777796385813e-01
1.414719222609244209e+00
1.603359905958234854e-01
2.465255317603660956e-01
6.162954178451783838e-01
3.579527800590396464e-02
0.000000000000000000e+00
1.002173972352811762e-02
0.000000000000000000e+00
1.592511897215092231e+00
0.000000000000000000e+00
0.000000000000000000e+00
1.352986466875876204e-01
0.000000000000000000e+00
1.959999845009038122e+00
1.013090542482968592e+00
8.215559805338278343e-01
6.812337937546023015e-02
2.724155885311332348e-01
8.889558435026048144e-01
0.000000000000000000e+00
3.272911195545345486e-01
0.000000000000000000e+00
1.557904795287012201e+00
1.246973587219449398e+00
0.000000000000000000e+00
0.000000000000000000e+00
0.000000000000000000e+00
3.522890538562470364e-01
8.410668830315701783e-01
0.000000000000000000e+00
5.738584211397360635e-01
2.001769299615619779e+00
3.948016608022207885e-01
6.651711426366525570e-01
9.409998181151917329e-01
1.702902844850665121e+00
0.000000000000000000e+00
1.021908426927001567e+00
0.000000000000000000e+00
4.274396109330855786e-01
0.000000000000000000e+00
0.000000000000000000e+00
0.000000000000000000e+00
6.261074461031236327e-01
1.460355661443267783e+00
0.000000000000000000e+00
0.000000000000000000e+00
0.000000000000000000e+00
3.026883068262153365e-01
8.573618541362432177e-01
0.000000000000000000e+00
0.000000000000000000e+00
9.848534918993856468e-01
7.207823007522656811e-01
1.268797552241462512e+00
2.605673414928687953e-02
0.000000000000000000e+00
8.157962012054936762e-01
1.033141002314583057e+00
8.680244044271429038e-01
1.091807496084189477e+00
0.000000000000000000e+00
1.377179222839546024e-01
3.811260867124676155e-01
0.000000000000000000e+00
0.000000000000000000e+00
0.000000000000000000e+00
2.775564174547834995e+00
5.260058104230263924e-03
1.028558755623880210e-02
0.000000000000000000e+00
1.003842374404973814e+00
1.100580337561283706e+00
0.000000000000000000e+00
7.305955210473158434e-01
0.000000000000000000e+00
2.946490767381709563e+00
4.151738559483958424e-01
0.000000000000000000e+00
0.000000000000000000e+00
0.000000000000000000e+00
3.656965661515046984e-01
8.719773588749045734e-01
0.000000000000000000e+00
0.000000000000000000e+00
0.000000000000000000e+00
0.000000000000000000e+00
0.000000000000000000e+00
0.000000000000000000e+00
4.800845688350882656e-01
1.630165918698143757e-01
