# Ensemble B, m = 1000.0, lambda = [  1.65744236e-08  -1.04003363e-08   0.00000000e+00   3.62499396e-09]
0.000000000000000000e+00
0.000000000000000000e+00
2.783983650532402820e-01
5.055272979479053658e-02
1.722780926174982019e+00
3.025666294770792408e-01
1.870939783314591542e+00
0.000000000000000000e+00
0.000000000000000000e+00
1.364698762853403080e+00
1.113853444043084284e+00
2.158684344769152830e+00
0.000000000000000000e+00
0.000000000000000000e+00
1.850531459329838091e+00
0.000000000000000000e+00
1.151655454412229052e+00
1.206524382530739459e+00
0.000000000000000000e+00
1.126511187744674736e+00
8.824805119219166771e-01
0.000000000000000000e+00
0.000000000000000000e+00
0.000000000000000000e+00
7.857057045566159248e-01
7.034068103077917300e-02
0.000000000000000000e+00
0.000000000000000000e+00
1.365824320586181084e+00
2.491244793031281435e-01
0.000000000000000000e+00
0.000000000000000000e+00
0.000000000000000000e+00
0.000000000000000000e+00
3.293363487454112337e-01
1.744862103270199194e+00
8.904777951961859173e-02
9.731770855335186710e-01
4.142229288254373892e-02
9.264019318114787849e-01
3.223463793019578638e-01
0.000000000000000000e+00
0.000000000000000000e+00
1.691063996165257155e+00
3.795817314911028584e-01
1.624490339562085772e+00
1.741430929066047073e-01
1.167220770038445821e+00
4.467763387074057957e-01
1.196821810943023756e+00
3.748428596059306117e-01
0.000000000000000000e+00
1.602571999224824406e+00
1.298858004138608191e+00
8.689570057832917138e-01
1.350726783817061127e+00
0.000000000000000000e+00
1.585486175613811388e-01
6.583444272940338626e-01
0.000000000000000000e+00
0.000000000000000000e+00
2.899076596070839229e-01
0.000000000000000000e+00
1.522270127646297710e-01
2.397192233633936020e-01
0.000000000000000000e+00
1.264603130248167506e+00
5.093853985998048062e-01
2.997893293209227927e+00
1.372053249872476899e-01
3.382973480714843717e-01
1.831980676299388433e+00
4.211149296913554441e-01
4.552042442063993777e-01
0.000000000000000000e+00
1.032624585995604340e-02
0.000000000000000000e+00
1.538464282006100525e+00
6.109434617446073412e-01
7.609439924104936803e-02
1.470072723562458661e+00
1.672312821083341561e+00
2.790578997202451950e-01
1.627447313273264307e+00
9.434286991221202401e-01
4.172123468157542918e-03
0.000000000000000000e+00
5.269799462398485623e-01
0.000000000000000000e+00
1.584138683269857850e-01
8.117614765221945472e-01
0.000000000000000000e+00
0.000000000000000000e+00
4.937569363511311316e-02
0.000000000000000000e+00
7.803173693577294401e-01
0.000000000000000000e+00
1.319552105454941060e+00
1.970313667896325338e+00
1.306089948812208634e+00
