# Ensemble B, m = 1000.0, lambda = [  1.59167205e-08  -1.43161916e-08   0.00000000e+00   2.16574521e-09]
0.000000000000000000e+00
1.447328704751570161e+00
3.522917634458762326e-02
0.000000000000000000e+00
0.000000000000000000e+00
6.413761116989646904e-01
0.000000000000000000e+00
0.000000000000000000e+00
6.933702825051717145e-02
2.418507659603260918e-01
1.024726891158980857e+00
1.506538308836744833e-01
0.000000000000000000e+00
1.490809404564310769e+00
3.372589753808618585e-01
7.854907073401826700e-01
3.203817062795494275e-01
3.953340051120461940e-01
1.406599906298793945e+00
1.612213426181331455e+00
1.442896005922854830e+00
8.577226534708961569e-01
0.000000000000000000e+00
6.104683296448634167e-01
8.595473721573198000e-01
7.652445690188748317e-01
0.000000000000000000e+00
8.853048578262738832e-01
0.000000000000000000e+00
1.906617083673280089e+00
3.325409603470775299e-01
6.176093645045810376e-01
1.815733203317795086e+00
1.379875612937041252e-01
4.524026897996035190e-01
1.102847793488554995e+00
3.342113657856060627e-01
0.000000000000000000e+00
6.590669856079508504e-01
1.941761963628887144e-01
1.102524761401170839e+00
0.000000000000000000e+00
1.002064265955469741e-01
0.000000000000000000e+00
8.098935040413945963e-01
1.917772370887100841e+00
0.000000000000000000e+00
1.167529775257261093e+00
3.733123098640864779e-01
7.195055456057528609e-01
0.000000000000000000e+00
1.066483070515256593e+00
8.617246618543846770e-01
3.982378780315822819e-01
4.947079449212887781e-01
3.052266284212982739e-01
0.000000000000000000e+00
8.677675448919848489e-02
0.000000000000000000e+00
2.781583885647066490e-01
2.824065817133196710e-01
1.227335101480362886e-02
1.663841449078366619e+00
0.000000000000000000e+00
0.000000000000000000e+00
1.185231698175827297e+00
1.114555230215005466e+00
0.000000000000000000e+00
3.094088262729132177e-01
6.579081858527963123e-01
9.220640244352061587e-02
1.337306136457457661e+00
1.741251197670300732e-01
0.000000000000000000e+00
1.363553825457145097e+00
5.612204218600276295e-01
0.000000000000000000e+00
7.894299680917891970e-02
4.265456474476181370e-01
0.000000000000000000e+00
2.870037313238776311e-01
0.000000000000000000e+00
4.523422207019076602e-01
1.234711058892716373e+00
1.368437957844817809e+00
5.146651683920395737e-01
9.539194539211184320e-01
2.011091925661862234e+00
1.253758119216022426e-01
8.731050605287419275e-01
6.917585145209070863e-01
3.821018034347300474e-01
6.298118275495209195e-01
6.486832211411905913e-01
3.485439830041687226e-01
0.000000000000000000e+00
0.000000000000000000e+00
0.000000000000000000e+00
0.000000000000000000e+00
2.501882782286819040e+00
