# Ensemble B, m = 1000.0, lambda = [  2.24013513e-08  -1.50002339e-08   0.00000000e+00   3.75941298e-09]
0.000000000000000000e+00
0.000000000000000000e+00
5.967320339927362216e-01
1.625856953320664947e-02
2.023069795594743869e+00
2.201660040193576862e+00
0.000000000000000000e+00
3.770119290113510546e-01
0.000000000000000000e+00
1.838141043914448824e-01
1.257711412326332871e-02
1.069375274697686118e+00
5.408681954803067349e-01
1.019898331860286111e-01
0.000000000000000000e+00
6.630936341452052796e-01
0.000000000000000000e+00
5.179522477808212039e-03
5.885850162954575811e-03
0.000000000000000000e+00
0.000000000000000000e+00
2.238557204019331337e-01
0.000000000000000000e+00
0.000000000000000000e+00
0.000000000000000000e+00
6.168809023231573707e-03
1.037861679240443369e+00
5.053911231146873684e-01
0.000000000000000000e+00
0.000000000000000000e+00
3.102834992422937588e-01
3.936928872310169192e-02
0.000000000000000000e+00
1.192111482031599223e+00
4.132911608280781524e-01
0.000000000000000000e+00
0.000000000000000000e+00
1.915341468390642770e-03
1.153393289107011999e+00
1.157285966200599647e+00
0.000000000000000000e+00
0.000000000000000000e+00
1.499918832390664702e+00
1.553366835004283297e+00
1.279844715775077524e-01
0.000000000000000000e+00
1.030619528584296951e+00
4.296663350786491531e-01
4.383851809321133164e-01
6.781331809988442316e-01
8.868917110280112315e-01
0.000000000000000000e+00
1.052173188944841575e+00
2.291879933234018285e+00
0.000000000000000000e+00
0.000000000000000000e+00
0.000000000000000000e+00
5.105080930952879958e-01
0.000000000000000000e+00
1.179699230858369141e+00
7.888225789415072020e-01
1.366537315026809640e+00
0.000000000000000000e+00
1.897314914743665204e-01
0.000000000000000000e+00
0.000000000000000000e+00
1.461956781833169572e+00
6.058071991228452559e-03
1.909771009559948052e+00
1.095280916892356293e+00
8.858876051702876397e-01
7.653174873800770994e-01
1.138233879450781583e+00
1.049624808806156162e+00
7.831136331034965758e-02
3.121182649392273967e-01
1.376664517879683025e+00
0.000000000000000000e+00
3.880314249973758622e-01
0.000000000000000000e+00
7.235713315874109375e-01
1.071805687995740719e+00
0.000000000000000000e+00
1.007688554098098654e+00
2.441726357566973871e+00
0.000000000000000000e+00
1.608673345070562588e+00
1.130617713589074036e+00
7.208218245889336240e-01
2.020252295866924452e+00
8.432953175912270838e-03
4.809949979819159172e-01
4.023509129253576289e-01
5.559704658142714528e-01
6.481901078892742252e-01
8.862309305239856050e-01
5.678851082151666896e-01
7.533012568245288643e-01
1.359202800789413690e+00
1.039321536328719375e+00
