# Ensemble B, m = 1000.0, c_n/c_p = 0.832258064516, f = -0.988260869565
# lambda = [  2.17807312e-08  -1.79143918e-08   0.00000000e+00   2.76939634e-09]
#  
1.076260909493918838e+00
1.673035130289022288e+00
0.000000000000000000e+00
6.899301936836553517e-02
6.582290607449267084e-01
1.109414836142237792e+00
1.978078321214366664e+00
5.640312899771262600e-01
3.164332840586389084e-01
0.000000000000000000e+00
7.452680407838536969e-02
2.598710767452704129e+00
8.169507194009391071e-01
6.558823179698503036e-01
1.878661898677022712e+00
1.210157556506641807e+00
2.532501409492940336e+00
0.000000000000000000e+00
2.113297477885815123e+00
3.826091771360713434e-01
0.000000000000000000e+00
1.301315792242843994e+00
3.277537811241238996e-01
7.411240602879485273e-01
1.445201933007134398e+00
1.185230571336303607e+00
1.825071970470473426e+00
5.772363287360616768e-01
1.465796887975333584e-01
1.057855858748489197e+00
4.047207860963138448e-01
1.204273226447731382e+00
7.542926755544065998e-01
0.000000000000000000e+00
0.000000000000000000e+00
0.000000000000000000e+00
2.700256180058346445e+00
1.891736740765793956e-01
9.870110779634447828e-01
0.000000000000000000e+00
1.794648268952794279e+00
1.523774340762974744e-02
2.454558062696253984e+00
0.000000000000000000e+00
1.459035645573727002e+00
0.000000000000000000e+00
1.974141876702544540e-01
0.000000000000000000e+00
6.358161902563193024e-01
0.000000000000000000e+00
1.041856261578422815e+00
5.619472395521133423e-01
1.681995843349890635e-02
8.140115779964606224e-01
9.191093927244341488e-01
0.000000000000000000e+00
3.078699690937565236e-01
2.903912060749098689e-01
3.603584820643841030e-03
2.355677223637296647e-01
1.167303578042335199e-01
2.368569155092940717e-03
0.000000000000000000e+00
6.843112221523049987e-01
1.051550582213043761e+00
4.334761130015734043e-01
2.274652424553863739e+00
1.194513588776493496e+00
1.297720019410047110e+00
1.575531522135011075e-01
1.344228033009042367e+00
6.846907901955797682e-01
7.517111022533919940e-01
1.721260520140522665e+00
5.890824177549187635e-01
7.990042992940611377e-01
0.000000000000000000e+00
8.399998459279316432e-01
1.484247541545775873e+00
1.206523622494507952e+00
1.788344423782532111e+00
1.755837263178510188e+00
1.413952150547798547e+00
3.319722576033796169e-01
8.595303310035274924e-01
3.225280150604991070e-01
3.818192197032590496e-01
0.000000000000000000e+00
5.342757067134408233e-01
0.000000000000000000e+00
6.900304528590257558e-01
1.575133144289233789e+00
1.943366388148661361e+00
2.311634372609898680e+00
0.000000000000000000e+00
0.000000000000000000e+00
0.000000000000000000e+00
1.415571159555994107e+00
0.000000000000000000e+00
2.906473985185656361e-01
