# Ensemble D, m = 25.0, lambda = [  3.89697296e-09  -3.72995984e-09   0.00000000e+00   1.12862655e-09]
1.197216544424095197e+00
0.000000000000000000e+00
0.000000000000000000e+00
0.000000000000000000e+00
0.000000000000000000e+00
1.581442436219886172e-02
0.000000000000000000e+00
0.000000000000000000e+00
0.000000000000000000e+00
0.000000000000000000e+00
0.000000000000000000e+00
1.468368540765850438e+00
0.000000000000000000e+00
0.000000000000000000e+00
0.000000000000000000e+00
0.000000000000000000e+00
0.000000000000000000e+00
0.000000000000000000e+00
0.000000000000000000e+00
7.202140295980790086e-01
0.000000000000000000e+00
0.000000000000000000e+00
1.147220774804284457e-02
7.723250358939517946e-04
4.430578713513336209e-03
6.592042118715917519e-03
2.526814765600143620e+00
0.000000000000000000e+00
0.000000000000000000e+00
0.000000000000000000e+00
8.703670279572366109e-02
0.000000000000000000e+00
4.315697910586606678e-01
0.000000000000000000e+00
9.910290943199526748e-01
2.168937594503085098e+00
6.813521410696619096e-01
6.601017534572595213e-01
0.000000000000000000e+00
0.000000000000000000e+00
4.560138586781664061e-01
0.000000000000000000e+00
0.000000000000000000e+00
0.000000000000000000e+00
0.000000000000000000e+00
1.109044175875173316e-01
0.000000000000000000e+00
0.000000000000000000e+00
1.850722546741020436e-01
4.023513507382555088e-01
1.489279709671731677e-01
0.000000000000000000e+00
0.000000000000000000e+00
0.000000000000000000e+00
0.000000000000000000e+00
0.000000000000000000e+00
8.339091930550431020e-02
3.997793263029321142e-01
6.307931550661342035e-01
1.098534327967132761e-02
6.816594398281785594e-01
0.000000000000000000e+00
8.664271488738158888e-01
0.000000000000000000e+00
0.000000000000000000e+00
0.000000000000000000e+00
6.279685012554999668e-01
6.906458811015336874e-01
0.000000000000000000e+00
0.000000000000000000e+00
0.000000000000000000e+00
2.123633323754711144e-01
1.534936148442461068e+00
0.000000000000000000e+00
1.934883346853138661e-02
9.405388432193453330e-01
0.000000000000000000e+00
0.000000000000000000e+00
0.000000000000000000e+00
1.576378726787680762e+00
0.000000000000000000e+00
0.000000000000000000e+00
3.117566164023349295e-01
9.115095269070663253e-01
0.000000000000000000e+00
2.025100127580415580e-03
5.213011347248800442e-01
0.000000000000000000e+00
8.047450000498669320e-01
0.000000000000000000e+00
0.000000000000000000e+00
0.000000000000000000e+00
0.000000000000000000e+00
0.000000000000000000e+00
0.000000000000000000e+00
1.824589135221570124e-01
1.887730650811894284e+00
4.780626486389268903e-01
6.160955112934658473e-01
0.000000000000000000e+00
