# Ensemble D, m = 25.0, lambda = [  1.01914372e-08  -6.37918215e-09   0.00000000e+00   1.29534818e-09]
6.390960630799105147e-01
9.237317623778065201e-01
1.093954039824832358e-01
0.000000000000000000e+00
7.971521022846025373e-01
0.000000000000000000e+00
8.109723877086024713e-01
0.000000000000000000e+00
0.000000000000000000e+00
4.455703845304349042e-01
6.956240220400972118e-01
5.422484843263493393e-02
0.000000000000000000e+00
0.000000000000000000e+00
1.478054132094311912e+00
1.176339719653318294e+00
7.319403134876955042e-01
0.000000000000000000e+00
8.821623308877619696e-01
6.512863799880396209e-01
7.203962338478811511e-02
0.000000000000000000e+00
5.108031229474143675e-01
1.384716581878715491e+00
5.274494717459528026e-01
2.013821546391036665e-01
6.905908168188523710e-01
2.672909094461495272e-01
0.000000000000000000e+00
6.773133327459082142e-01
1.009250750768218685e+00
2.038135599852961999e+00
1.277856803313850875e+00
3.459085795969370491e-01
1.081050379169312015e+00
7.333451983633538784e-01
0.000000000000000000e+00
2.203284882063313521e+00
0.000000000000000000e+00
2.077100936729769642e-01
5.217547492635883355e-01
0.000000000000000000e+00
9.510201326009478651e-01
0.000000000000000000e+00
0.000000000000000000e+00
9.214706099657191674e-01
5.873390225985700708e-01
9.728388606839757924e-02
0.000000000000000000e+00
0.000000000000000000e+00
1.228099650944771248e+00
1.237328484195423517e+00
1.110000734731026242e-02
9.692891046524202414e-01
0.000000000000000000e+00
0.000000000000000000e+00
0.000000000000000000e+00
0.000000000000000000e+00
0.000000000000000000e+00
9.145629619507599228e-01
1.225782729677540872e-02
1.777468627319017891e+00
1.002763882073926111e-01
5.337154376250452525e-01
1.125539876877498457e+00
5.869942865838848611e-01
2.419025203419946923e-01
4.018780005180279669e-01
9.476284984479794726e-01
4.868534070734835129e-01
1.882156316589583156e+00
4.711222436112759149e-01
1.357246020103763495e+00
0.000000000000000000e+00
0.000000000000000000e+00
0.000000000000000000e+00
0.000000000000000000e+00
3.146989930690166637e-01
6.266313919710473357e-01
3.442837840989111386e-01
2.179337040600801245e+00
3.321561297588961903e-01
4.474614188438237883e-01
1.036258286852356436e+00
0.000000000000000000e+00
0.000000000000000000e+00
2.246536465769624069e+00
2.349344023962849637e-01
8.722949972808666796e-01
4.035246198727230338e-01
1.702205923732089454e+00
1.910379141104730616e+00
4.962403260979764141e-01
0.000000000000000000e+00
4.907637233319241121e-02
5.256629479063387178e-01
6.067624841985095330e-01
2.983354579429450260e-01
0.000000000000000000e+00
1.804832005869619671e+00
