# Ensemble D, m = 25.0, lambda = [  1.14676041e-08  -8.86260839e-09   0.00000000e+00   1.26285330e-09]
1.332770956296802645e+00
0.000000000000000000e+00
0.000000000000000000e+00
2.946553356259106193e-01
0.000000000000000000e+00
9.327665831476460445e-01
9.657995875742786396e-02
2.962642130990146505e+00
1.417942261993224484e+00
8.654029536386562693e-01
1.241633186649539144e+00
9.390861628316005127e-01
4.360838728140539744e-01
3.075698560653131075e+00
1.225855727433664111e+00
1.391977089850984006e+00
2.617372847471075015e-01
5.662414059208268347e-01
1.954925782462692274e-01
1.735768034826835615e+00
2.856111085061423083e+00
0.000000000000000000e+00
0.000000000000000000e+00
2.067059432910038019e+00
0.000000000000000000e+00
2.675022685717723725e+00
0.000000000000000000e+00
0.000000000000000000e+00
2.351937574063487357e+00
2.055728488232044349e+00
2.644202080298823532e+00
0.000000000000000000e+00
1.381773880842082747e+00
1.337534961003090217e+00
4.461327002061849512e-01
2.787207139934032352e+00
2.500232354655206546e+00
3.047040579939531924e+00
2.491877337190846919e+00
2.499483495281304091e+00
2.018248720530846363e+00
1.752817128273543856e+00
1.165097793275728266e+00
0.000000000000000000e+00
2.443200598968442883e+00
0.000000000000000000e+00
1.228117290758052427e+00
2.745013018597122212e+00
9.811793783158102855e-02
2.308704968947328240e+00
2.023510194122345229e+00
1.431021667579194911e+00
0.000000000000000000e+00
1.946413624725047198e+00
2.225672558385527022e+00
1.927160839339463472e+00
3.126368865507982986e-01
2.242564322433139967e+00
2.987207253084604552e+00
0.000000000000000000e+00
2.141413006031323008e+00
2.626885355623284291e+00
4.796945644758027205e-02
2.379079775221540682e+00
8.900989384519466530e-01
6.201588209699515630e-01
6.146884981874568554e-01
0.000000000000000000e+00
0.000000000000000000e+00
2.732063241049359270e+00
2.264177207304146844e+00
0.000000000000000000e+00
6.569122158366301756e-01
1.138791806691073383e+00
2.866353228548526921e+00
0.000000000000000000e+00
2.044180953491124608e+00
2.635143712330613841e+00
4.238376955414718261e-01
0.000000000000000000e+00
0.000000000000000000e+00
7.082903250294428910e-01
5.321014988566212800e-01
1.718690238231083356e+00
7.602927267025680891e-01
2.128801295109298497e+00
2.241415410978161216e+00
1.834034440483611972e+00
8.413612646084606128e-01
1.079509006407445959e+00
0.000000000000000000e+00
2.024452654034353039e+00
6.424409015373024889e-01
1.025825873142586914e-01
7.609047202632298612e-01
1.755489102284948144e+00
2.107392521733346236e+00
2.851498534769609794e+00
2.592309020988165624e+00
0.000000000000000000e+00
