# Ensemble D, m = 25.0, lambda = [  9.82591785e-09  -6.37440572e-09   0.00000000e+00   1.41459267e-09]
5.864064660758081526e-01
1.700753010058016379e+00
0.000000000000000000e+00
1.516172725653898823e+00
1.683466985239002955e+00
1.450700301120290692e-01
0.000000000000000000e+00
4.114053174150347769e-01
0.000000000000000000e+00
3.000855659933716058e-01
7.047472193683248509e-01
4.860337141040795006e-02
6.947031655387054805e-01
4.192671286904479100e-01
1.398887921746479801e+00
1.138509321167992638e+00
1.847925843832932014e+00
1.940299412915812427e+00
0.000000000000000000e+00
1.305158674227413940e+00
4.494507444670272633e-01
0.000000000000000000e+00
3.643037251832965673e-01
0.000000000000000000e+00
1.040849268998966348e+00
2.609238604133650719e-01
7.389500369189397899e-01
2.171306956559818924e-01
0.000000000000000000e+00
2.561601521932861392e-01
1.311413322046700580e+00
3.449280547679769039e-03
0.000000000000000000e+00
1.110539321977168647e+00
0.000000000000000000e+00
1.117182429202060234e+00
1.221841895340248368e-01
2.162726333035201343e+00
2.103503451661077328e+00
6.167631713474517330e-01
1.139213286306622441e+00
3.612416488256413594e-01
9.541228979497345941e-01
1.940260774937169863e+00
0.000000000000000000e+00
0.000000000000000000e+00
7.558020536094064434e-01
1.215033608681853838e+00
2.102995541332962848e+00
0.000000000000000000e+00
5.543823603774000047e-02
0.000000000000000000e+00
5.136194582031008427e-01
8.917477178779037450e-01
6.874473707033595948e-01
1.219144416411435561e+00
0.000000000000000000e+00
9.379519812946905954e-01
0.000000000000000000e+00
1.517562230136336066e+00
5.487752413570790022e-01
1.947866064699383282e+00
5.506645153201661369e-01
4.677503701930346702e-01
1.015951402988745506e-01
7.405211138376687208e-01
5.917829191791331711e-01
0.000000000000000000e+00
5.068776521197674301e-01
6.861332820374886898e-01
1.407021161793856834e+00
1.514048250387694639e+00
0.000000000000000000e+00
5.330736309972415876e-01
2.223659631499018019e+00
6.351675103317503193e-03
5.551114587834099501e-01
0.000000000000000000e+00
1.630561682373761867e+00
0.000000000000000000e+00
1.688256614129523880e+00
0.000000000000000000e+00
1.201013221229279671e+00
2.457246592232236182e+00
1.609803211693578318e+00
1.710287713411525079e+00
1.506358262276558779e+00
0.000000000000000000e+00
0.000000000000000000e+00
6.556881394320054346e-01
6.845581486787414294e-01
0.000000000000000000e+00
3.601659838062212238e+00
2.898210218952766759e+00
0.000000000000000000e+00
1.452258975877198655e+00
0.000000000000000000e+00
4.462550174139139070e-02
2.294113036904670555e-01
2.405175564859357351e+00
