# Ensemble D, m = 25.0, c_n/c_p = 0.896774193548, f = -0.97
# lambda = [  5.46457831e-09  -4.75347802e-09   0.00000000e+00   1.19133389e-09]
#  
1.881067046185044944e+00
7.366134315995399584e-01
1.897174392478686578e-01
5.233222582677773405e-01
3.426183856941095729e-01
1.356508556957935596e+00
0.000000000000000000e+00
1.070540043995898083e+00
1.373196528830736396e+00
3.283671564546096766e-01
0.000000000000000000e+00
1.123758124388346769e+00
0.000000000000000000e+00
1.194663978315310682e-01
1.956932088098177758e+00
0.000000000000000000e+00
1.659319109979826345e+00
3.177682880398702281e-01
2.898937020734619341e-01
2.644849443272706199e-02
1.066505990979488283e-02
4.865583174484748308e-01
1.899073243898605906e-02
7.548260808186451065e-01
5.149205502609258689e-01
1.979206016257023748e+00
8.630767761912578884e-01
0.000000000000000000e+00
3.056363284431351870e-02
1.308053880573210037e+00
0.000000000000000000e+00
3.960650089403400798e-01
1.349290954804587050e+00
1.488452424519991268e+00
0.000000000000000000e+00
1.979166945143636447e+00
1.164621358758101757e-02
2.038433993284775259e+00
0.000000000000000000e+00
1.121031466463734638e+00
0.000000000000000000e+00
9.827110301652541846e-01
0.000000000000000000e+00
9.287422573422348115e-01
0.000000000000000000e+00
4.027132091155623539e-01
0.000000000000000000e+00
0.000000000000000000e+00
7.088732415370995188e-01
1.289095892279531162e-02
0.000000000000000000e+00
2.407673496981952710e-01
2.693665290260684464e-01
2.541859333996543957e-01
4.345151364684577411e-01
1.657552439253129895e-01
0.000000000000000000e+00
0.000000000000000000e+00
0.000000000000000000e+00
6.227394117176213717e-01
0.000000000000000000e+00
3.589289022691635050e-02
0.000000000000000000e+00
0.000000000000000000e+00
0.000000000000000000e+00
0.000000000000000000e+00
9.262989169145515733e-01
9.755065184076069373e-01
1.720989623293780746e-01
0.000000000000000000e+00
7.345734058984801362e-02
3.521691385196150659e-01
6.462396538205440744e-02
4.289205953671906824e-01
4.446046444817434717e-01
1.313306864949670194e+00
4.007189848510747110e-01
2.584087371096910890e-01
8.293843181312522683e-02
0.000000000000000000e+00
6.364570845479486927e-01
2.522258741525198467e-01
1.809956966413730717e+00
0.000000000000000000e+00
0.000000000000000000e+00
5.361647828804264604e-01
7.682456507941473438e-03
0.000000000000000000e+00
6.357230287357198972e-02
0.000000000000000000e+00
0.000000000000000000e+00
1.388254261481332907e+00
1.632214501124628347e-01
1.412379671711734730e+00
0.000000000000000000e+00
2.148881312000439081e-01
0.000000000000000000e+00
2.486640066227678025e-01
0.000000000000000000e+00
0.000000000000000000e+00
