# Ensemble D, m = 25.0, c_n/c_p = 0.638709677419, f = -0.975217391304
# lambda = [  9.31812603e-09  -5.80408166e-09   0.00000000e+00   1.31677944e-09]
#  
1.054565835451267697e+00
0.000000000000000000e+00
1.458618351501093924e-02
1.849973770683149610e+00
7.871969910150907745e-01
8.812998601460938497e-01
4.310209257208251765e-01
8.797436925011191677e-01
0.000000000000000000e+00
4.406497148272603068e-03
1.464919742051060458e+00
0.000000000000000000e+00
0.000000000000000000e+00
1.036523015203406395e+00
3.034739288729559337e-01
0.000000000000000000e+00
0.000000000000000000e+00
0.000000000000000000e+00
2.527590689822339920e-01
1.167971723058206512e-01
6.630717250661880557e-01
0.000000000000000000e+00
0.000000000000000000e+00
1.109551361495328958e+00
8.745651825486533415e-01
0.000000000000000000e+00
5.764880322061184392e-01
0.000000000000000000e+00
0.000000000000000000e+00
0.000000000000000000e+00
6.249327569300753421e-02
1.380105756541493367e+00
1.943156933116887974e-01
3.722673378531713428e+00
0.000000000000000000e+00
0.000000000000000000e+00
1.055359053017798976e+00
4.252051782785534195e-01
2.101884548502974126e-01
0.000000000000000000e+00
8.870582673334797760e-03
0.000000000000000000e+00
2.770134121773598412e+00
2.674142283530175912e-02
1.560980566888705290e-01
0.000000000000000000e+00
0.000000000000000000e+00
8.837153535904056501e-01
1.244577159901182339e+00
1.941096117170575952e-01
0.000000000000000000e+00
0.000000000000000000e+00
9.450855878319822656e-01
7.124216157616376499e-01
2.770364416012620692e-02
0.000000000000000000e+00
0.000000000000000000e+00
1.497975882306255224e+00
0.000000000000000000e+00
0.000000000000000000e+00
6.624937362916630823e-01
1.935847590033613397e+00
0.000000000000000000e+00
0.000000000000000000e+00
0.000000000000000000e+00
0.000000000000000000e+00
8.796401551513821637e-01
1.464703079488950399e+00
1.287735711805786387e+00
0.000000000000000000e+00
7.773194072241996003e-03
6.088236987857207350e-01
2.664921231035144791e-02
0.000000000000000000e+00
2.885421393431381043e-01
1.022977416052666061e-03
2.933601205295944148e+00
1.930920986914915483e-01
2.749445099818290661e-01
2.057523080091333334e+00
8.794426813752969085e-01
4.551137272419900626e-01
1.553522902673877937e+00
8.499620278185663347e-01
0.000000000000000000e+00
0.000000000000000000e+00
0.000000000000000000e+00
3.301816310286967981e-01
1.507716112754754478e+00
4.008891618656952871e-01
1.826929057140161516e+00
1.173095180207318622e+00
9.687913527575998662e-01
0.000000000000000000e+00
1.292471780092673939e+00
1.439914927044804838e+00
2.072359205575438956e+00
7.024329519664866961e-01
7.084232839801287707e-01
2.670958373547519318e-02
