# Ensemble D, m = 25.0, lambda = [  1.34851266e-08  -1.08615083e-08   0.00000000e+00   5.43585157e-10]
1.726586526430394564e+00
2.404075411447018418e+00
0.000000000000000000e+00
1.889819333536275847e+00
2.302739321159817720e+00
2.688969325437076674e-01
1.102044393015542134e+00
0.000000000000000000e+00
1.967753994987932187e-01
1.649298456119905554e+00
1.462203703939872979e+00
1.791071652957740845e+00
1.667327224166353039e+00
0.000000000000000000e+00
9.164073768481089122e-01
1.683827031925846818e+00
1.676604173103191986e+00
1.690150628290978618e+00
9.666300516573510526e-01
1.819209050386517285e-02
2.607971111561629751e+00
0.000000000000000000e+00
0.000000000000000000e+00
1.036972594488359406e-01
7.576880654643648461e-01
0.000000000000000000e+00
1.038825073435252655e+00
0.000000000000000000e+00
4.541900032824515709e-01
7.623757895036449295e-01
1.618165763462411588e+00
6.533310321407489463e-01
1.180406046488791549e+00
1.572757862267310180e+00
1.803889832026329687e+00
1.545699575193532294e+00
2.214247091373951370e+00
6.535947709654721383e-01
2.440510828483602790e+00
2.213287242792854936e+00
1.197430286161511148e+00
2.341806157498363294e+00
0.000000000000000000e+00
0.000000000000000000e+00
1.532027307258587268e+00
1.996569128955418604e+00
1.065928090287421526e+00
6.135320882577398605e-01
0.000000000000000000e+00
0.000000000000000000e+00
1.451174747297351963e+00
1.659931246027326335e+00
1.578411964856242522e-01
2.151313236587187205e+00
1.411393540130519986e+00
1.840551084574322038e+00
0.000000000000000000e+00
1.456384602157664743e+00
9.002926074959169966e-01
1.469335201404974089e+00
7.444832718626067658e-01
1.541928354714259264e+00
0.000000000000000000e+00
0.000000000000000000e+00
1.590217871909997083e+00
8.746292520523037961e-01
0.000000000000000000e+00
0.000000000000000000e+00
1.384509199058262752e+00
8.347366855995834722e-01
0.000000000000000000e+00
1.644644379927846733e+00
1.740939993762451232e+00
1.558944747558278721e+00
2.616590497160478385e-03
1.674850686472503014e+00
1.115052709428837385e+00
1.196168558227482137e+00
2.226067127663536649e+00
7.404060612708504019e-01
1.047035602528697318e+00
2.116709386599626264e+00
0.000000000000000000e+00
1.767635857456794746e+00
1.297430097529379545e+00
2.370548015836389411e+00
2.028686878201262367e+00
2.835826456002740192e-01
0.000000000000000000e+00
1.358141036990939687e+00
2.719300734119522112e+00
9.370041149137838810e-01
1.133573663327191561e+00
0.000000000000000000e+00
0.000000000000000000e+00
1.290302908204365551e+00
1.844828918072748181e+00
9.969095923318020969e-01
0.000000000000000000e+00
1.040068675755396521e+00
