# Ensemble D, m = 25.0, lambda = [  9.59094081e-09  -6.21400149e-09   0.00000000e+00   1.41618598e-09]
6.591249022861559448e-01
8.751066230753421493e-01
5.199041845160137232e-01
2.118093537105842028e+00
1.288146659897748680e+00
9.042750642307569864e-01
4.296740610461218801e-01
1.135068239954176494e+00
3.056982470597872092e-01
0.000000000000000000e+00
9.765265815096112467e-01
1.032205289085319944e+00
0.000000000000000000e+00
2.668146199329399337e+00
6.638100826896521367e-01
0.000000000000000000e+00
8.884588735431793172e-01
1.103194929029480242e+00
0.000000000000000000e+00
8.910624206044592821e-02
0.000000000000000000e+00
0.000000000000000000e+00
0.000000000000000000e+00
0.000000000000000000e+00
0.000000000000000000e+00
0.000000000000000000e+00
9.709728915208581945e-01
1.466251474001832311e-01
9.174424339525930061e-02
6.568275054413589276e-01
4.887921847517036622e-01
1.783083361204266248e+00
2.599950845621611606e+00
4.280293661854577825e-01
1.465909832878528496e+00
7.088883898420651475e-01
1.440117517813655379e+00
1.427652892330276702e+00
3.184228582283213260e+00
0.000000000000000000e+00
3.576784273324969954e-01
2.003670978566470140e+00
1.521448711496138584e+00
3.661955582163482076e-02
1.590174732964853677e+00
0.000000000000000000e+00
0.000000000000000000e+00
0.000000000000000000e+00
1.383383223786496474e+00
0.000000000000000000e+00
2.276778256504001785e+00
5.712373491222257904e-01
0.000000000000000000e+00
0.000000000000000000e+00
6.503446257958922505e-01
0.000000000000000000e+00
1.040622692255804699e-01
0.000000000000000000e+00
5.908464329808479909e-02
1.283352939368649803e+00
2.510145701004913299e+00
7.100917353493807482e-01
4.781177599130518874e-01
1.434797326366467507e+00
9.850173163342242078e-02
1.322469967314771289e+00
2.350891479340974366e-01
3.844384777353782034e-01
0.000000000000000000e+00
4.946888745734242532e-01
3.396425291516664835e-01
0.000000000000000000e+00
0.000000000000000000e+00
1.083343730810677891e-01
8.432975824399233447e-03
0.000000000000000000e+00
1.328242225893245365e+00
2.422791381255779419e-01
6.744120423070611992e-01
1.060740995405281994e+00
0.000000000000000000e+00
0.000000000000000000e+00
3.843762772047366050e-01
1.823344505401994775e+00
2.949681953172682558e-01
5.920280613464005137e-01
7.105080207355333188e-01
2.465658570397501470e-01
4.580313141513431829e-01
7.143852463782106588e-01
2.674219906741088278e-03
1.790801853888305484e+00
5.486936946415271743e-01
2.223392019440963152e-01
2.178647026388154107e+00
5.736947846287269170e-01
1.087659765521504340e+00
8.199582491168325715e-01
1.250946875657518387e+00
1.832446283393404096e+00
