# Ensemble D, m = 25.0, c_n/c_p = 0.870967741935, f = -0.975217391304
# lambda = [  6.19656098e-09  -5.26325287e-09   0.00000000e+00   1.19408092e-09]
#  
0.000000000000000000e+00
0.000000000000000000e+00
1.249131342318231599e-03
1.008914228450519923e+00
2.268605843808319644e+00
0.000000000000000000e+00
0.000000000000000000e+00
9.453870433043738419e-01
1.466969150076339989e+00
6.441941492844511785e-01
0.000000000000000000e+00
0.000000000000000000e+00
0.000000000000000000e+00
0.000000000000000000e+00
0.000000000000000000e+00
4.325037339599339670e-01
0.000000000000000000e+00
1.279017196544539381e+00
4.114657579182552372e-01
5.925137620849407934e-03
7.075549546243009580e-01
0.000000000000000000e+00
1.289307769469999698e+00
8.676475846356082045e-01
7.223839109302857553e-01
1.442738668133451974e+00
1.359400889964375130e-02
2.366219185647337575e+00
2.603862186721100258e+00
8.698584071011840058e-01
5.101211859496674467e-02
1.778370478593216175e+00
7.191455813687501752e-01
1.921110768898798504e+00
7.421117918062806185e-01
1.078563147637451092e+00
0.000000000000000000e+00
1.332368753565091879e+00
1.318323581971838854e+00
4.774435245355823088e-01
0.000000000000000000e+00
7.106920823709568236e-01
6.294603643740325216e-01
1.338516427613068327e+00
6.918682531473679953e-01
1.877839824980285677e+00
0.000000000000000000e+00
1.696061946298655254e+00
0.000000000000000000e+00
1.108551915059123427e+00
0.000000000000000000e+00
0.000000000000000000e+00
0.000000000000000000e+00
0.000000000000000000e+00
1.499747556483458810e+00
3.606338814906948076e-03
1.157601345105857105e+00
4.127069437244870187e-01
6.189630437245591948e-02
5.517652444931038236e-01
1.080503833127504532e+00
6.671099594966749535e-01
1.918950446457879710e+00
0.000000000000000000e+00
0.000000000000000000e+00
1.081193977408123175e+00
0.000000000000000000e+00
0.000000000000000000e+00
0.000000000000000000e+00
1.040764882022848781e+00
1.300663963689860925e+00
4.282401531308135390e-01
0.000000000000000000e+00
4.037681211724944985e-01
1.013947070785750304e+00
1.442845138537831584e+00
9.496990688883953924e-01
7.575532552480117587e-01
0.000000000000000000e+00
0.000000000000000000e+00
1.667083352088907455e+00
0.000000000000000000e+00
1.238146367629850531e+00
0.000000000000000000e+00
0.000000000000000000e+00
1.821302472644779735e+00
4.472801720993180297e-01
5.905704370437936390e-01
4.329708157469269736e-01
5.944327096971339097e-01
0.000000000000000000e+00
0.000000000000000000e+00
0.000000000000000000e+00
0.000000000000000000e+00
0.000000000000000000e+00
0.000000000000000000e+00
0.000000000000000000e+00
1.093255437025660193e+00
0.000000000000000000e+00
1.357984314613132959e+00
