# Ensemble D, m = 25.0, c_n/c_p = 0.703225806452, f = -0.992173913043
# lambda = [  1.71362477e-08  -1.19563422e-08   0.00000000e+00   1.50468811e-09]
#  
2.451274050585421360e+00
0.000000000000000000e+00
1.954287370583958072e-01
2.831812768065905761e+00
2.677823412294506600e-01
2.138676164158862747e+00
1.581248330829842397e+00
1.378399092998416675e+00
2.663174983091097126e+00
1.049103932640887527e+00
9.567818175260863756e-01
1.081992702450299410e-01
1.023218302169501159e+00
3.457232386282356629e+00
2.403970309069829003e+00
2.372937102356531103e+00
1.353684649142848251e+00
1.371616711217919615e+00
3.748629256310875846e+00
1.192681869638760883e+00
2.077522898495111736e+00
2.401735086755509840e-01
1.857111342317278035e+00
1.947085792254358294e+00
1.803211695273756909e+00
2.029011722156700337e+00
2.919160021703393060e+00
1.127999629916168534e+00
2.255277545410487861e+00
1.869717655504408382e+00
2.149993486580257240e+00
2.865190322288414304e+00
2.255545120692918903e+00
8.502668792446729240e-01
0.000000000000000000e+00
2.945877701686641537e+00
1.884145532654061705e+00
6.889997764137921754e-01
2.077441268667687080e+00
2.587484646380509457e+00
2.734002418562174075e+00
8.708787203705153912e-01
1.376031957330785094e+00
2.262174282603477415e+00
3.106271138564726364e+00
1.762269423026061599e+00
2.959761805236330368e+00
2.597865484549235937e+00
1.718276032061321068e+00
2.231135955403751758e+00
2.811727618292936715e+00
2.619378612585403499e+00
3.449625591395905300e+00
1.934434201973231238e+00
2.163149725880848528e+00
1.782191456203416013e+00
3.794368456684028779e+00
3.060435299715268620e+00
2.448888553308021798e+00
1.781077540681306415e+00
5.790838762760260883e-01
9.009886325284187647e-01
1.743347152118625454e+00
1.645790774231780551e+00
2.964247974301739585e+00
1.831982808131970675e+00
2.257266913073745940e+00
1.634164564020734511e+00
1.409211331948423185e+00
1.105246799227793231e+00
1.450493552646628048e+00
5.936781643281114906e-01
1.230305660790649513e+00
0.000000000000000000e+00
2.214646598349502948e+00
1.380941336957951238e-01
2.106085139007225049e+00
3.584207044257655461e+00
3.035802971916587545e+00
2.519821677303240026e+00
3.343707304899403265e+00
4.731363868226164948e-01
2.522512539183578539e+00
0.000000000000000000e+00
1.039253374206965175e+00
0.000000000000000000e+00
1.540837892828073263e+00
0.000000000000000000e+00
1.220261584933780341e+00
1.606238945394288908e+00
1.316957791121426080e+00
2.398585821736158419e+00
1.946549036228412355e+00
1.482146728512926170e+00
2.163663076348790515e+00
4.041141588713835553e+00
2.747836773191192794e+00
2.355225652525557489e+00
4.927279097283854825e-01
1.452668265392857760e+00
