# Ensemble D, m = 25.0, lambda = [  6.16701743e-09  -4.32060673e-09   0.00000000e+00   1.50592951e-09]
0.000000000000000000e+00
5.972935961475937458e-03
2.098855348311882363e+00
1.086820754486144347e+00
3.634610031299281233e-03
0.000000000000000000e+00
0.000000000000000000e+00
1.032499655683623674e+00
4.492224557956926434e-01
1.851788134161419963e+00
7.462854407722285810e-01
0.000000000000000000e+00
8.272485802007171207e-01
1.777991840175771499e+00
0.000000000000000000e+00
0.000000000000000000e+00
0.000000000000000000e+00
0.000000000000000000e+00
1.656016954465341362e+00
0.000000000000000000e+00
9.372165723267782411e-01
0.000000000000000000e+00
6.475189374898470129e-01
4.713679091091708684e-01
2.652891382505722095e+00
0.000000000000000000e+00
0.000000000000000000e+00
1.087904897092095875e-02
0.000000000000000000e+00
7.507871273808127688e-01
1.669343110712768197e-01
1.157318004831472624e+00
8.238958480641530580e-01
1.042218094828295305e+00
1.502247339468760212e-01
1.169304560813229532e+00
0.000000000000000000e+00
6.959371967430589834e-01
0.000000000000000000e+00
1.431989403027805752e+00
1.350399397181682781e+00
0.000000000000000000e+00
0.000000000000000000e+00
0.000000000000000000e+00
1.133578983833994691e+00
3.067290852215459520e-03
0.000000000000000000e+00
9.849174374888311490e-02
1.033891473424204843e+00
0.000000000000000000e+00
0.000000000000000000e+00
2.399078027772595101e-01
3.056522551618462424e-01
1.496387441642313743e+00
1.097100453299395095e+00
0.000000000000000000e+00
1.518748763052252433e-02
1.026208931612003772e+00
0.000000000000000000e+00
4.079094045415666558e-01
0.000000000000000000e+00
1.368080999173869161e+00
0.000000000000000000e+00
0.000000000000000000e+00
0.000000000000000000e+00
1.796747352552536148e+00
4.242508281242662882e-01
0.000000000000000000e+00
1.358882139921452570e+00
5.176985524990350696e-01
7.329420334669281001e-01
1.424768110736086335e+00
1.551779996522446359e+00
4.058306913235459890e-02
2.168037681705450748e+00
8.497866255014852044e-01
0.000000000000000000e+00
8.576099847895055639e-01
2.722909153773633295e-01
0.000000000000000000e+00
0.000000000000000000e+00
0.000000000000000000e+00
0.000000000000000000e+00
0.000000000000000000e+00
0.000000000000000000e+00
3.545664784595802255e-01
1.139256349160835846e+00
0.000000000000000000e+00
0.000000000000000000e+00
1.594700380326991684e+00
9.243814222752367860e-01
0.000000000000000000e+00
7.514644435768013109e-01
8.052096887786850399e-01
9.805551939914454174e-01
0.000000000000000000e+00
0.000000000000000000e+00
0.000000000000000000e+00
2.047659376664760611e+00
3.418780462790595442e-01
