# Ensemble D, m = 25.0, c_n/c_p = 0.81935483871, f = -0.965714285714
# lambda = [  6.52053112e-09  -5.15945288e-09   0.00000000e+00   1.38698509e-09]
#  
6.529371702252084742e-01
1.705462539621913076e-01
1.452406292159480028e+00
1.594183416945958776e+00
0.000000000000000000e+00
3.337400451926088696e+00
0.000000000000000000e+00
1.098572582839014572e-01
5.420422349813130980e-01
6.900422746495479265e-01
1.816889265702215650e-01
4.577469040700414826e-01
1.386766384833559407e+00
9.381797833609355486e-01
1.362109803606279979e+00
8.079849245972744454e-01
0.000000000000000000e+00
2.051647015755169612e+00
0.000000000000000000e+00
2.572488425559081193e+00
8.453524556693735315e-02
6.751091479065820522e-01
1.845483711983562980e+00
8.881102375961571482e-01
4.858696951565675826e-01
0.000000000000000000e+00
7.786616872931177991e-01
0.000000000000000000e+00
0.000000000000000000e+00
0.000000000000000000e+00
4.215797090978334327e-01
4.176472482719579236e-03
5.365519369841467157e-01
0.000000000000000000e+00
2.720656310679213721e-02
0.000000000000000000e+00
3.437349474286056639e-01
0.000000000000000000e+00
0.000000000000000000e+00
7.062379947750794251e-01
4.796807146665476584e-01
7.088126754885967218e-01
0.000000000000000000e+00
7.445225977664824413e-01
0.000000000000000000e+00
1.297119957874763418e+00
0.000000000000000000e+00
4.929130237847356710e-01
3.937541587141781818e-01
2.064866342016198786e+00
2.980706625269026744e-01
7.373159264844147964e-01
1.705319716886672499e+00
0.000000000000000000e+00
5.222625848820462435e-01
0.000000000000000000e+00
1.320316338140074208e+00
0.000000000000000000e+00
5.770412489306046000e-01
7.775580040735704523e-01
3.235382947532853826e-01
0.000000000000000000e+00
1.765731739103063802e+00
1.317652502104020629e+00
1.845863441128817520e-02
1.109176571372679110e+00
8.110602869785100977e-02
0.000000000000000000e+00
2.699034443108054848e-01
0.000000000000000000e+00
1.484133035036089288e+00
0.000000000000000000e+00
8.988753343936234028e-03
0.000000000000000000e+00
0.000000000000000000e+00
0.000000000000000000e+00
1.897089011053919361e+00
1.807349574524377944e+00
8.628592484392139106e-01
2.548725972242968485e+00
0.000000000000000000e+00
9.678215788869891367e-02
0.000000000000000000e+00
0.000000000000000000e+00
0.000000000000000000e+00
2.739555744949516147e-01
1.438527299612701205e+00
1.037872235482093952e+00
7.152744925621264960e-01
0.000000000000000000e+00
6.263520316803681265e-01
2.449833215913025108e-01
0.000000000000000000e+00
1.880775932792360106e+00
1.297003230400043172e+00
0.000000000000000000e+00
6.396361757316431085e-01
5.724640019518210110e-01
0.000000000000000000e+00
0.000000000000000000e+00
