# Ensemble D, m = 25.0, lambda = [  3.80724445e-09  -3.48645340e-09   0.00000000e+00   1.26541361e-09]
4.649894020989501706e-03
1.011590135083458630e+00
0.000000000000000000e+00
5.153704038012064670e-01
0.000000000000000000e+00
1.361304490237285059e+00
0.000000000000000000e+00
0.000000000000000000e+00
0.000000000000000000e+00
0.000000000000000000e+00
7.811056984192277231e-01
2.804148528615091895e-01
0.000000000000000000e+00
1.201955256025924790e+00
4.726664905593596644e-01
0.000000000000000000e+00
0.000000000000000000e+00
7.039022705542504754e-01
0.000000000000000000e+00
0.000000000000000000e+00
1.269463173041887050e+00
0.000000000000000000e+00
0.000000000000000000e+00
5.211111563211029418e-02
2.706272727425630686e-02
0.000000000000000000e+00
5.561658124457343755e-01
1.032005266257439269e+00
2.403735405063518477e-03
9.144324276818163177e-01
0.000000000000000000e+00
0.000000000000000000e+00
0.000000000000000000e+00
2.391614501101975154e+00
0.000000000000000000e+00
0.000000000000000000e+00
1.505688736308817388e+00
3.720611687334947071e-01
0.000000000000000000e+00
1.529551282716190341e+00
0.000000000000000000e+00
0.000000000000000000e+00
0.000000000000000000e+00
2.155641334372984941e-01
0.000000000000000000e+00
1.428925350144487133e-03
2.574050235214384898e-03
8.999442197935243470e-01
0.000000000000000000e+00
7.722015853773287475e-01
0.000000000000000000e+00
1.168150344528256224e-01
4.596859446028036533e-01
0.000000000000000000e+00
2.201764280940061269e+00
1.413301188009604692e+00
3.598687379299591454e-03
0.000000000000000000e+00
1.178759149130210959e+00
0.000000000000000000e+00
0.000000000000000000e+00
6.638845241515778373e-02
1.413321176823559844e+00
0.000000000000000000e+00
0.000000000000000000e+00
0.000000000000000000e+00
1.264879013401882357e+00
0.000000000000000000e+00
0.000000000000000000e+00
7.445469513480618140e-01
2.454136955255451225e-01
0.000000000000000000e+00
1.007317762431039765e-01
1.552252842995751822e-02
1.761010955289106228e+00
1.696275811033840508e+00
4.938308584408202528e-01
1.265521510610692957e+00
0.000000000000000000e+00
7.028351062513066294e-02
6.822619182539191307e-01
1.648534644578656172e+00
0.000000000000000000e+00
2.114858949160363988e+00
5.589974388299446817e-01
0.000000000000000000e+00
8.210250538263613729e-01
0.000000000000000000e+00
4.126332536135634554e-01
1.984078253203549469e-01
0.000000000000000000e+00
0.000000000000000000e+00
1.146358438857468354e+00
0.000000000000000000e+00
0.000000000000000000e+00
3.386562979716228328e-01
0.000000000000000000e+00
0.000000000000000000e+00
0.000000000000000000e+00
0.000000000000000000e+00
