# Ensemble D, m = 25.0, lambda = [  4.38350909e-09  -4.21336530e-09   0.00000000e+00   9.84900526e-10]
1.287597194736759043e+00
2.766266690224978841e-01
1.635753471386729219e+00
4.938064101152141866e-02
0.000000000000000000e+00
7.228773484685432349e-01
1.312903847567735482e+00
1.155524111947039412e+00
0.000000000000000000e+00
0.000000000000000000e+00
1.870839753230836511e+00
2.478346664580077796e-01
9.910056769416568656e-01
0.000000000000000000e+00
0.000000000000000000e+00
0.000000000000000000e+00
1.952831098056571291e+00
3.566492369046102562e-01
0.000000000000000000e+00
1.294417303286062547e-02
4.852269795687491061e-01
0.000000000000000000e+00
0.000000000000000000e+00
8.214508310012292869e-01
4.293111052373320136e-01
0.000000000000000000e+00
0.000000000000000000e+00
0.000000000000000000e+00
5.295658922697290549e-01
0.000000000000000000e+00
0.000000000000000000e+00
0.000000000000000000e+00
0.000000000000000000e+00
0.000000000000000000e+00
0.000000000000000000e+00
0.000000000000000000e+00
1.388846882412213268e-02
0.000000000000000000e+00
1.282214531032997984e-01
9.829069828601305625e-01
7.257742461942628953e-01
2.049641310331812641e-02
1.368920691013951085e+00
0.000000000000000000e+00
9.702686675643354408e-02
1.996157499667117717e-03
1.292949464689774342e+00
0.000000000000000000e+00
0.000000000000000000e+00
0.000000000000000000e+00
0.000000000000000000e+00
0.000000000000000000e+00
3.614748956670000690e-03
0.000000000000000000e+00
0.000000000000000000e+00
9.394595417418560857e-01
0.000000000000000000e+00
4.314397126492551873e-03
1.909056247879251100e-01
0.000000000000000000e+00
4.380615669909345908e-03
0.000000000000000000e+00
0.000000000000000000e+00
4.611647308375209087e-01
1.029849144746392442e+00
7.623648293654892161e-01
0.000000000000000000e+00
6.843075088703510145e-04
1.407200418338831749e-01
5.655548948303155271e-02
1.343092250635544377e-03
7.254275021861082695e-02
5.687057114551351614e-03
5.733092289079961823e-01
0.000000000000000000e+00
0.000000000000000000e+00
0.000000000000000000e+00
0.000000000000000000e+00
0.000000000000000000e+00
0.000000000000000000e+00
2.271331719889074507e-01
1.337476398203339523e+00
6.801560197749424441e-01
0.000000000000000000e+00
0.000000000000000000e+00
9.941814506415970198e-01
0.000000000000000000e+00
3.171187938604591583e-01
5.233597219038361725e-01
0.000000000000000000e+00
2.838630871668920141e-01
1.679453261078543314e+00
0.000000000000000000e+00
0.000000000000000000e+00
0.000000000000000000e+00
0.000000000000000000e+00
0.000000000000000000e+00
1.360794724950089574e+00
0.000000000000000000e+00
0.000000000000000000e+00
