# Ensemble D, m = 25.0, lambda = [  7.72037603e-09  -5.21975690e-09   0.00000000e+00   1.49331822e-09]
4.621766799013309751e-02
1.157635440176022268e+00
6.398141350313979459e-01
0.000000000000000000e+00
1.282495849391922516e+00
0.000000000000000000e+00
1.487667199893268455e+00
4.249211078895506200e-01
1.241110825935377360e+00
0.000000000000000000e+00
1.144300940138436751e+00
3.004567632468332361e-01
5.930027264170557588e-01
1.428086361401865290e+00
3.652806144958428702e-01
0.000000000000000000e+00
3.659455277007749863e-01
0.000000000000000000e+00
2.395808552950673131e-01
1.606987828234061499e+00
0.000000000000000000e+00
2.073180645409952394e+00
1.241960639912379705e+00
1.082028927899538751e+00
2.792906533831259086e+00
0.000000000000000000e+00
5.891672465205145537e-01
5.454488252145043292e-01
2.392173121591653739e+00
8.006595716506751392e-01
1.732187628264458379e+00
1.654618179802323397e+00
1.009338727920972012e+00
2.320441213888237986e+00
0.000000000000000000e+00
0.000000000000000000e+00
0.000000000000000000e+00
0.000000000000000000e+00
5.469076367644729597e-01
0.000000000000000000e+00
0.000000000000000000e+00
1.351047607307249931e+00
0.000000000000000000e+00
0.000000000000000000e+00
3.187698351124672591e-01
0.000000000000000000e+00
2.385132358812890319e-01
0.000000000000000000e+00
1.532319197858434068e+00
1.170386537323452103e+00
8.777650260835124785e-01
2.359042442174535403e-01
5.106650585388720076e-01
0.000000000000000000e+00
1.381752368735820191e+00
9.762337435164371024e-01
5.657786714131681771e-01
9.889123224467957218e-01
2.195183301591525193e+00
0.000000000000000000e+00
0.000000000000000000e+00
1.743086021380106931e-01
0.000000000000000000e+00
8.780590163121579916e-01
1.607723354792197412e+00
4.328771956110205599e-01
2.112231275442053580e+00
1.887696831713862045e+00
1.493453195565680680e+00
0.000000000000000000e+00
1.026078502631894596e+00
7.540913008969590825e-01
2.697098470698295336e-01
2.782818411334431641e+00
2.633174377668995092e+00
0.000000000000000000e+00
1.264043173514131091e+00
4.452501620695273332e-01
2.158846508167387768e+00
0.000000000000000000e+00
0.000000000000000000e+00
8.602408162980700324e-01
0.000000000000000000e+00
0.000000000000000000e+00
0.000000000000000000e+00
2.058955285080965147e+00
1.286941236056389215e-01
0.000000000000000000e+00
1.013903057458625856e+00
4.442638286452187391e-01
0.000000000000000000e+00
1.418064077167073833e+00
8.139764528747650552e-01
0.000000000000000000e+00
6.342722672844463006e-01
1.408366054864348849e+00
7.415884965090389080e-01
1.538159005064916318e+00
3.654099974565140352e-01
0.000000000000000000e+00
