# Ensemble D, m = 25.0, c_n/c_p = 0.78064516129, f = -0.965714285714
# lambda = [  7.19265524e-09  -5.42240026e-09   0.00000000e+00   1.45767167e-09]
#  
1.824526968910571867e+00
3.048825544026627643e-01
0.000000000000000000e+00
2.784322702801714233e-01
1.177857303828481861e+00
1.088508843018664018e+00
2.282435928586522778e+00
1.359496499547196979e+00
0.000000000000000000e+00
0.000000000000000000e+00
8.337385797946719190e-01
4.218382424683898568e-01
0.000000000000000000e+00
2.106475561823959453e+00
1.297026506819187186e-01
9.214678940174459987e-01
1.140085305085907885e+00
0.000000000000000000e+00
1.829282121197386979e-02
1.834180600718968435e-01
1.931739213497183805e+00
4.071936425835979700e-01
0.000000000000000000e+00
0.000000000000000000e+00
5.455744414626042538e-01
1.649106811171381581e+00
2.882650544531283998e+00
1.654922976407107726e-01
1.300404126273774441e+00
1.480164756052224639e+00
7.122633173256572858e-01
9.756694935182188416e-03
0.000000000000000000e+00
4.615524520967277944e-01
1.212128312472206204e+00
0.000000000000000000e+00
2.991602424545331540e-01
1.098614683867597419e+00
0.000000000000000000e+00
3.637082492480165907e-01
1.682114471638675113e+00
3.035577276339399000e-01
0.000000000000000000e+00
1.339453709833728912e+00
4.677730464843452007e-01
1.406210165924646427e+00
1.305533407279158675e+00
5.486695589354863012e-01
5.013785466600120255e-01
0.000000000000000000e+00
1.830677012620248512e+00
0.000000000000000000e+00
2.175243995055812785e-01
2.605229537852249422e-01
2.228026038645636864e-01
1.306283812623147966e+00
0.000000000000000000e+00
0.000000000000000000e+00
0.000000000000000000e+00
1.925721513938739138e+00
0.000000000000000000e+00
1.205047740457949157e+00
2.909829871265954826e-01
7.831137295601047210e-01
1.385960286498699387e-02
6.387141625258885291e-01
1.387449080471983009e+00
0.000000000000000000e+00
8.170463944472940998e-01
8.503308520492672828e-01
1.862304549051839730e+00
4.502837146805872548e-01
5.572629858909410316e-01
0.000000000000000000e+00
5.026475295826661194e-01
5.031394577337265916e-01
0.000000000000000000e+00
1.452949589637020811e+00
2.543427949880729955e+00
1.602931906098757020e+00
1.690448059021144367e+00
2.516871271297615453e-01
1.273793459984058796e+00
0.000000000000000000e+00
1.727373329075757802e+00
3.232367964816595385e-01
1.060083135199661131e+00
0.000000000000000000e+00
4.705773317055867433e-01
9.372683414034604921e-01
8.436280058190401832e-01
1.003611940783011303e+00
1.295216649005713982e+00
0.000000000000000000e+00
0.000000000000000000e+00
5.405598989666028122e-03
1.889682957050120127e+00
5.072794343989154298e-01
0.000000000000000000e+00
4.819168141011948570e-01
