# Ensemble D, m = 25.0, c_n/c_p = 0.909677419355, f = -0.983043478261
# lambda = [  5.90419091e-09  -5.27983721e-09   0.00000000e+00   9.84877713e-10]
#  
4.137135883113972623e-01
1.816459596819746558e+00
3.349499683986079113e-01
2.436836258936564970e-01
8.435660089224631397e-01
6.403050445592075590e-01
6.225264531609188412e-03
5.918945960500109349e-01
9.239176087470485355e-02
0.000000000000000000e+00
0.000000000000000000e+00
1.770801719299380350e+00
0.000000000000000000e+00
0.000000000000000000e+00
9.931575157843886004e-01
3.144742835032069417e-01
9.854343101283755679e-01
0.000000000000000000e+00
0.000000000000000000e+00
7.575518485019804293e-01
8.337277481316490713e-01
1.117781378948658588e+00
3.321903781834020016e-03
3.113499297151066034e-02
0.000000000000000000e+00
0.000000000000000000e+00
0.000000000000000000e+00
0.000000000000000000e+00
5.658720271613167929e-01
0.000000000000000000e+00
0.000000000000000000e+00
0.000000000000000000e+00
5.748972837515375911e-01
5.986276192404831331e-01
8.812561289843963142e-01
0.000000000000000000e+00
0.000000000000000000e+00
7.746166572753035995e-01
0.000000000000000000e+00
1.445410102855551493e+00
0.000000000000000000e+00
1.739210028872121283e+00
0.000000000000000000e+00
6.175145560454200488e-01
9.942026453961330112e-01
3.771260230617249354e-01
9.785505720678029651e-02
1.733188675538490930e-01
1.877658074749103956e-01
0.000000000000000000e+00
0.000000000000000000e+00
1.654544727913022095e+00
5.505775748523663582e-01
3.193295419213682679e-02
0.000000000000000000e+00
0.000000000000000000e+00
2.112858158099855999e+00
0.000000000000000000e+00
0.000000000000000000e+00
0.000000000000000000e+00
2.034378487044910866e+00
0.000000000000000000e+00
0.000000000000000000e+00
6.219918877102104116e-01
1.146184503093053753e+00
0.000000000000000000e+00
0.000000000000000000e+00
4.543559000569404316e-01
1.971327363902155350e+00
0.000000000000000000e+00
7.270118185431214686e-01
3.579541529241235809e-01
3.257731720717685242e+00
0.000000000000000000e+00
1.469665984194629682e-01
7.429719100360158111e-03
3.804272654115560814e-01
2.208220537481081491e-01
2.061232809496662821e-01
0.000000000000000000e+00
0.000000000000000000e+00
0.000000000000000000e+00
4.360950327971961360e-01
1.939176450666817153e-01
3.487960816985858359e-01
1.912651710233979549e-02
0.000000000000000000e+00
0.000000000000000000e+00
0.000000000000000000e+00
1.112013467331320449e+00
3.736769471326036873e-01
2.046748603445781300e-01
7.097234379459828046e-01
0.000000000000000000e+00
8.829675669669584392e-01
2.228458257928624953e-01
2.042204761111525713e-01
0.000000000000000000e+00
3.804272654115560814e-01
0.000000000000000000e+00
