# Ensemble D, m = 25.0, c_n/c_p = 0.767741935484, f = -0.97
# lambda = [  7.85881257e-09  -5.85253377e-09   0.00000000e+00   1.46678323e-09]
#  
3.590908891974122635e-02
1.463528618811824056e-01
1.499126897011751440e-02
0.000000000000000000e+00
2.009499642297693178e+00
1.679860855289575738e+00
5.766476108940618017e-01
0.000000000000000000e+00
1.642278504881935497e+00
1.693046296306426113e+00
2.678390633796330911e-01
9.116414866249805682e-01
2.643746918245916788e+00
0.000000000000000000e+00
4.569783523816015602e-01
8.212383517956287626e-01
0.000000000000000000e+00
0.000000000000000000e+00
1.379835640724683454e+00
1.931224369088169190e+00
0.000000000000000000e+00
0.000000000000000000e+00
2.028144255042684918e+00
3.540823861185966592e-01
1.783146635277147674e+00
3.077154416612311594e-01
1.219081959138401450e+00
3.835042353639762647e-01
1.508524742900574922e-01
9.500748933201162982e-01
1.157957685249379615e-01
0.000000000000000000e+00
0.000000000000000000e+00
1.276523620359463996e-03
4.077517510913739596e-01
0.000000000000000000e+00
1.603872829833663083e+00
7.764920297749218214e-01
0.000000000000000000e+00
5.551043995648773377e-01
1.512418878719898885e+00
4.960058224381912462e-01
0.000000000000000000e+00
3.438132346008163642e-01
0.000000000000000000e+00
1.467283753592611761e+00
7.982876734514254835e-01
1.421466539012975705e+00
1.458082736208382357e+00
1.703949692033080998e+00
2.245711743573590713e+00
1.407789993236048184e-02
1.389110577709243115e-02
1.669148571476066101e+00
1.125251298099723060e-02
1.547325835756415691e+00
4.869916145734061175e-01
1.823283023002523429e+00
1.191956842939648098e+00
2.409071668409207279e-01
1.112406646331558946e+00
2.480669420763235600e+00
1.047889366806973088e+00
4.966113202376113561e-03
1.349020770113407597e+00
1.536957258066831422e-01
1.067202134851628959e+00
1.662372453248386783e+00
9.272785251972589515e-01
2.024347780010319564e+00
0.000000000000000000e+00
8.813528480180389257e-01
0.000000000000000000e+00
6.303423964844222238e-02
2.807656623405290208e-01
7.953019201764494062e-01
2.347833250298533514e+00
1.436467752019707556e+00
2.440362877891169013e-01
0.000000000000000000e+00
0.000000000000000000e+00
0.000000000000000000e+00
1.787555247627294008e+00
9.651268737142754128e-01
0.000000000000000000e+00
1.539972215627140262e+00
0.000000000000000000e+00
5.602802219723616028e-01
1.218440247764455364e+00
0.000000000000000000e+00
2.106103923674326750e-01
1.418813673082840010e+00
2.472745750663751796e+00
2.642467819526982620e+00
5.331239836445436642e-02
2.836553552292044728e-02
6.554443336741574422e-01
1.436123624064829185e+00
4.636897513187790941e-04
1.145200802236064630e-01
