# Ensemble D, m = 25.0, lambda = [  8.49236139e-09  -6.00546924e-09   0.00000000e+00   1.50511247e-09]
2.166354025171027597e+00
6.853697147798202272e-01
1.430218555182515505e+00
0.000000000000000000e+00
7.502229758048716002e-02
9.225314165373264819e-02
5.522719512164988576e-01
1.510505710145900460e-01
0.000000000000000000e+00
5.842387481022259799e-01
5.949182064933677960e-01
9.863776207290109177e-02
1.554124402697468543e+00
0.000000000000000000e+00
1.103905845744668657e+00
1.198484471353581382e-01
3.577768053788184854e+00
1.592938421018873507e+00
1.618705385628211424e+00
0.000000000000000000e+00
4.411801856660882426e-01
0.000000000000000000e+00
1.450379770154438308e+00
0.000000000000000000e+00
1.796531841919374761e+00
2.072364559245243765e+00
1.418688404915457779e+00
0.000000000000000000e+00
1.281855214504065366e+00
7.828174363322845108e-01
6.867261349178400542e-04
0.000000000000000000e+00
1.361377362537315117e+00
0.000000000000000000e+00
8.784636410303542364e-02
1.084987084962740544e+00
1.160989998475190577e+00
0.000000000000000000e+00
1.823075731237733255e+00
7.162624999717555063e-01
3.054077125341927879e+00
1.377232040414036573e+00
0.000000000000000000e+00
0.000000000000000000e+00
0.000000000000000000e+00
4.051686848588751944e-01
1.341073454562382139e+00
0.000000000000000000e+00
1.352061474984721512e+00
2.250779339314831484e-01
0.000000000000000000e+00
1.186323453052259502e+00
1.382446559597578117e+00
0.000000000000000000e+00
2.839753128931780113e-01
1.951999950035763209e+00
1.552980444686482553e+00
2.355380181357665137e+00
2.387738510432218408e+00
1.367808426204720318e+00
2.268318130642595631e-01
0.000000000000000000e+00
7.480347324698519706e-01
6.167644024205498621e-02
1.727728866040293410e+00
2.968545186594686136e+00
2.945284454122478301e+00
8.355012874144913670e-01
0.000000000000000000e+00
8.584875389898599662e-01
0.000000000000000000e+00
7.638877797475372711e-02
0.000000000000000000e+00
3.189257518276619185e-01
0.000000000000000000e+00
3.009628720958225645e-01
1.495862096585266254e+00
0.000000000000000000e+00
9.383354281432569888e-01
1.037272280855385365e+00
1.166472821180487118e+00
7.596241279548727743e-01
0.000000000000000000e+00
1.954429618959323989e+00
4.480904396527968236e-01
1.049071346254140336e+00
9.228658225572936580e-01
1.174039520870985953e+00
0.000000000000000000e+00
2.139204238649068113e-01
1.937946168496345045e+00
1.480496352301192475e+00
0.000000000000000000e+00
5.733280162844689443e-01
0.000000000000000000e+00
0.000000000000000000e+00
2.554382977501294061e+00
0.000000000000000000e+00
8.294191912961905444e-02
1.091686524054001683e+00
