# Ensemble D, m = 25.0, lambda = [  8.25031722e-09  -5.50011009e-09   0.00000000e+00   1.47856195e-09]
5.229049733684596468e-01
7.948772619311433862e-01
1.724130814416081625e-01
2.502054170477097994e+00
0.000000000000000000e+00
0.000000000000000000e+00
6.169326771402910969e-01
0.000000000000000000e+00
0.000000000000000000e+00
1.843224222643196075e+00
0.000000000000000000e+00
0.000000000000000000e+00
0.000000000000000000e+00
0.000000000000000000e+00
0.000000000000000000e+00
4.947255317200165980e-01
1.475259287455120694e+00
9.565176346031520893e-01
0.000000000000000000e+00
7.295677214654378018e-02
3.799206646188481029e-01
0.000000000000000000e+00
0.000000000000000000e+00
0.000000000000000000e+00
5.759884938525960951e-01
5.697523459172439964e-01
3.811532589199729260e-01
1.657295607403830751e+00
0.000000000000000000e+00
0.000000000000000000e+00
1.383571613085791574e+00
0.000000000000000000e+00
0.000000000000000000e+00
1.493869930797909973e+00
0.000000000000000000e+00
0.000000000000000000e+00
8.438617291032790568e-01
8.496118385264869177e-01
0.000000000000000000e+00
2.173042884358826823e-02
0.000000000000000000e+00
7.681000149449165315e-01
1.945462431075512533e-01
3.258236402867615289e-01
1.205159119056539829e+00
0.000000000000000000e+00
1.311719234921296384e-01
9.944938740801613219e-01
8.062606641554018183e-03
4.418274667163202968e-02
6.904200284027472425e-04
2.338423741236717035e+00
0.000000000000000000e+00
3.756155356846524462e-01
3.980139796184219425e-01
5.871338320500624208e-01
0.000000000000000000e+00
1.175250455945592076e+00
1.102277799158652982e+00
7.582990877942270558e-01
2.778890740994083841e-01
7.499285546422529425e-01
1.288571828310150380e+00
6.494466606390084662e-01
5.292191269336393722e-01
1.165495063305155149e-01
0.000000000000000000e+00
0.000000000000000000e+00
3.053410364715308245e-01
2.205720513763671065e+00
1.165671199399013869e+00
2.182311819734232272e-01
0.000000000000000000e+00
5.001519925761974683e-01
1.101826365891001469e+00
1.775623885390590573e+00
0.000000000000000000e+00
5.497663607127177832e-01
1.797605161808119245e+00
0.000000000000000000e+00
2.000347760882485559e+00
1.703845132981335997e+00
0.000000000000000000e+00
4.017139932882155505e-03
5.610542640607599774e-01
5.793086000759560816e-01
1.407398545882650120e+00
1.732107509881031238e+00
0.000000000000000000e+00
0.000000000000000000e+00
0.000000000000000000e+00
6.186932525122950353e-03
4.271866929423826509e-01
8.844027437284137649e-01
0.000000000000000000e+00
0.000000000000000000e+00
2.218188439179387572e+00
1.506477122645626832e+00
1.092044374969797005e+00
0.000000000000000000e+00
