# Ensemble D, m = 25.0, lambda = [  1.33715162e-08  -1.05711541e-08   0.00000000e+00   9.18072900e-10]
1.982712187730310660e+00
2.454483467278138153e+00
0.000000000000000000e+00
2.074220793619325209e-01
0.000000000000000000e+00
6.831927393566717965e-01
3.316009542846243718e+00
2.477228544875064831e+00
1.879306278152086840e+00
9.031523252790063516e-01
2.172467344786682908e+00
2.794384906512982436e+00
2.102910747819937587e+00
1.363398753939047969e+00
2.430278661510331339e+00
1.995531851937548229e+00
7.514560323383661089e-01
2.308713521907054922e+00
3.432795337669827251e+00
0.000000000000000000e+00
1.486933073761354196e+00
9.138595281363267597e-01
2.673152841702548965e+00
2.119864256813998662e-02
0.000000000000000000e+00
1.854957860637894251e+00
2.327687237953659061e+00
3.617806844905041341e+00
2.608796151237602778e+00
4.534194726933144515e-01
2.755940311213508132e+00
2.559300302749626610e+00
5.352416154720897150e-03
8.525431794333713231e-01
2.228978334831515529e+00
3.623328584529685870e-01
2.247012874357527945e+00
1.958954313482351495e+00
0.000000000000000000e+00
3.158747934808276092e+00
1.894486480977543463e+00
1.288290038534667836e+00
2.765812481538314938e+00
2.089530177614035367e+00
2.422941951411083483e+00
2.540294588913490692e+00
1.658103112795897616e+00
7.686463177973799077e-01
3.290135649964658793e+00
1.184315669835851903e+00
2.611118504234528626e+00
0.000000000000000000e+00
1.115072057846084652e+00
9.653592553990254510e-01
2.856260751900387973e+00
1.529377318190981105e+00
8.422744646270603486e-01
1.312443892084872221e+00
0.000000000000000000e+00
1.908985766325815847e+00
4.359478938582808105e-01
2.812775544281482798e+00
2.100710266891701483e+00
2.875038832025895275e+00
2.315303668067514309e+00
3.103569006407421060e+00
3.605426987481295531e-01
1.037170175440464082e+00
0.000000000000000000e+00
3.552487156674715152e+00
2.229471639165347963e+00
1.191630001980662046e+00
2.366711712597953099e+00
2.463415546891204677e+00
1.735001813325995457e+00
1.021950067949492169e+00
1.204203774659066362e+00
0.000000000000000000e+00
1.402401983712529443e+00
3.287153666333952451e+00
2.746284406967051339e+00
1.435980942600114663e+00
1.555186924945880289e+00
2.447334043324822517e+00
1.155912659767559525e+00
1.801997466007061455e+00
3.525859795938248276e+00
2.077916165814659877e+00
0.000000000000000000e+00
2.309588577555838906e+00
1.948862875044363729e+00
3.087170513368713287e+00
0.000000000000000000e+00
1.528267534371075431e+00
3.027714210456846189e+00
2.840955458367836250e+00
1.767498430612028937e+00
1.450532441490837599e+00
6.646348779088937508e-01
2.958381259273272779e+00
