# Ensemble D, m = 25.0, lambda = [  4.36498220e-09  -4.27222633e-09   0.00000000e+00   8.95070839e-10]
7.766149998719662495e-01
2.392359654421020387e+00
0.000000000000000000e+00
0.000000000000000000e+00
1.356092657382320210e+00
1.451425399768158764e+00
1.132912325319450186e+00
0.000000000000000000e+00
1.824295618151309251e+00
0.000000000000000000e+00
0.000000000000000000e+00
1.917602199336460700e+00
0.000000000000000000e+00
0.000000000000000000e+00
9.292835934373590012e-01
0.000000000000000000e+00
1.854653578680514725e+00
1.474090980836382681e+00
0.000000000000000000e+00
1.051422225865813020e+00
5.966059306146179742e-01
0.000000000000000000e+00
0.000000000000000000e+00
0.000000000000000000e+00
0.000000000000000000e+00
0.000000000000000000e+00
6.959165731632880325e-01
0.000000000000000000e+00
0.000000000000000000e+00
0.000000000000000000e+00
7.343087922543788393e-01
0.000000000000000000e+00
1.928997620736055685e-01
0.000000000000000000e+00
0.000000000000000000e+00
0.000000000000000000e+00
0.000000000000000000e+00
2.134203613057498838e+00
0.000000000000000000e+00
0.000000000000000000e+00
0.000000000000000000e+00
6.733944236735084354e-02
0.000000000000000000e+00
0.000000000000000000e+00
0.000000000000000000e+00
1.016345147891503931e-01
0.000000000000000000e+00
0.000000000000000000e+00
0.000000000000000000e+00
1.180553446198349565e+00
1.000123789583193146e+00
9.499443857698989246e-01
0.000000000000000000e+00
2.013842973606076031e-03
0.000000000000000000e+00
7.102425364640270987e-03
0.000000000000000000e+00
0.000000000000000000e+00
9.348971300491687453e-01
6.373232535619765930e-03
0.000000000000000000e+00
0.000000000000000000e+00
7.672813152790179947e-01
0.000000000000000000e+00
0.000000000000000000e+00
1.275106870260118430e-01
3.513541987648869380e-01
0.000000000000000000e+00
0.000000000000000000e+00
0.000000000000000000e+00
1.879943168779147467e+00
0.000000000000000000e+00
0.000000000000000000e+00
6.910690368455485455e-03
0.000000000000000000e+00
0.000000000000000000e+00
1.094937628142221425e-01
0.000000000000000000e+00
0.000000000000000000e+00
7.696010997880203819e-01
0.000000000000000000e+00
1.933384351203731200e+00
0.000000000000000000e+00
6.508159957836502363e-01
1.454652432968575715e+00
0.000000000000000000e+00
0.000000000000000000e+00
0.000000000000000000e+00
0.000000000000000000e+00
0.000000000000000000e+00
1.130363889563436253e+00
0.000000000000000000e+00
0.000000000000000000e+00
0.000000000000000000e+00
0.000000000000000000e+00
0.000000000000000000e+00
1.053260754640960473e+00
0.000000000000000000e+00
0.000000000000000000e+00
0.000000000000000000e+00
