# Ensemble D, m = 25.0, c_n/c_p = 0.716129032258, f = -0.996086956522
# lambda = [  2.33756447e-08  -1.66744736e-08   0.00000000e+00   1.47945563e-09]
#  
3.526987446426007811e+00
2.779643912961956342e+00
3.552259425588102815e+00
3.744518072106315376e+00
2.197940804451830044e+00
3.942256736257282235e+00
3.700247386083297840e+00
3.327299921333112920e+00
2.078689404537418017e+00
2.814841965687329584e+00
3.075905734666761759e+00
4.434157996289554760e+00
2.153881375561478073e+00
1.194815119198258113e+00
1.347353215939514737e+00
2.551495836654039895e+00
2.115480576681587621e+00
1.207418159904183330e+00
3.100925616755742631e+00
1.206669520503412141e+00
3.105500594220950372e+00
3.355973384636234957e+00
3.193473343598246306e+00
3.232302541748107494e+00
3.365597205942101766e+00
2.712883137694572344e+00
3.040307296576222118e+00
2.229395406509435240e+00
3.435397851138096481e+00
1.855392587856952824e+00
1.656538584425425675e+00
2.447157786920813649e+00
1.660142859651885683e+00
2.006244816992925450e+00
2.209054784493795776e+00
3.267012184109819195e+00
2.083091820265002170e+00
3.055082195901840603e+00
2.840927411095607980e+00
3.318049241983029862e+00
1.598076036864533034e+00
2.621666505632712418e+00
4.143938153755333254e+00
3.307399637916644597e+00
3.250489730533125510e+00
3.802713534492216052e+00
4.238575946671914174e+00
2.321973472630252999e+00
2.229979184712131968e+00
2.075493273323213650e+00
1.003687221143978681e+00
2.663276745288780667e+00
1.701479224271133628e+00
2.659137601992660915e+00
2.261286153782568142e+00
2.873882584571616494e+00
2.136118975895717753e+00
9.149076506147806320e-01
2.424239241037880799e+00
1.674616894562660052e+00
1.084956353837472909e+00
3.652940529473895914e+00
2.063660847907152096e+00
3.320177566602609875e+00
2.853661192933142132e+00
2.813522938904520654e+00
3.394519506829887678e+00
2.760370817678544864e+00
7.706756841724042850e-01
2.779488477103178035e+00
2.694774443203663772e+00
3.377182437180175967e+00
2.780237874051065372e+00
3.684892303267373492e+00
1.854099668917805088e+00
3.024547255376724308e+00
3.074511221786937032e+00
1.505816473585830817e+00
3.634366306019016335e+00
1.858421574640703344e+00
2.513139977354965637e+00
2.932932510488997391e+00
1.260463292394243595e+00
1.810750797107034238e+00
1.835292927793566564e+00
3.900929508245098543e+00
2.752093875761834507e+00
1.768199177638802633e+00
3.161466680461932466e+00
2.046780740475870441e+00
2.887796213966563386e+00
3.033818408592815707e+00
2.741374720186225744e+00
2.825404963462945229e+00
2.593765407345354657e+00
3.334506847028548826e+00
2.102199319860983184e+00
2.531616806457207325e+00
3.526924170823184213e+00
3.950919674284851801e+00
