# Ensemble D, m = 25.0, c_n/c_p = 0.793548387097, f = -0.977826086957
# lambda = [  8.26611459e-09  -6.41411075e-09   0.00000000e+00   1.37369417e-09]
#  
2.208909567585295997e-02
4.771936869602664832e-01
1.759817846368917138e+00
0.000000000000000000e+00
1.153234787353765167e+00
0.000000000000000000e+00
0.000000000000000000e+00
2.595096658169206427e-01
2.223951020242382892e+00
1.390354299338701360e-01
1.679860559350109472e+00
2.051092945578975257e+00
0.000000000000000000e+00
1.201852432169083773e+00
2.104342813112834332e+00
4.110832585778957937e-01
3.091793864312106233e-01
4.450408885757740074e-01
3.072031725075870412e+00
8.385039961150045906e-01
0.000000000000000000e+00
0.000000000000000000e+00
1.257811486275214996e+00
2.922468874113742565e+00
1.219843134629507553e+00
0.000000000000000000e+00
0.000000000000000000e+00
5.124024609082723503e-01
0.000000000000000000e+00
6.788693362653119845e-01
0.000000000000000000e+00
1.619083925922492284e+00
8.277107720103440980e-02
0.000000000000000000e+00
1.125466021503969793e+00
0.000000000000000000e+00
1.310546106492096019e+00
1.872529993987421260e-01
0.000000000000000000e+00
3.283796249811143375e-01
1.232932056882237504e+00
2.483892181758088902e-01
9.782278072002807690e-02
0.000000000000000000e+00
2.712432606272999980e+00
0.000000000000000000e+00
4.083232161127543502e-01
0.000000000000000000e+00
9.609625100924081842e-01
0.000000000000000000e+00
1.618052045532974548e+00
6.279944997829463027e-01
2.061219484203987484e+00
1.141253420136544294e+00
1.604619530853758011e-02
0.000000000000000000e+00
5.126619551832494182e-01
5.167471741501564741e-01
0.000000000000000000e+00
1.430475870325179609e-03
2.691820488594334759e-01
0.000000000000000000e+00
0.000000000000000000e+00
1.223839112404047746e+00
8.634457038776706117e-01
0.000000000000000000e+00
0.000000000000000000e+00
1.163183268735124454e+00
7.819759546233222627e-03
1.552127295959923270e+00
3.038712792744816760e+00
5.929992843700252619e-02
3.386520650897834606e-01
8.054099539076070569e-01
3.813098560166737760e-01
1.930424031783131988e-01
0.000000000000000000e+00
0.000000000000000000e+00
2.217741282334284136e+00
1.256211136208088552e-01
5.869699816781072110e-01
3.039316330086922591e+00
2.014167664073189257e-01
1.295207808986058307e-02
1.951135584134571443e+00
3.687752510964232289e-01
5.722874132964238525e-01
0.000000000000000000e+00
4.437500809584867256e-01
0.000000000000000000e+00
1.703774619040292038e+00
0.000000000000000000e+00
7.061224564574684059e-01
8.233045710660719108e-01
0.000000000000000000e+00
1.369054561111514801e+00
1.220665409381680222e+00
1.800942769417390510e+00
5.715013646978905903e-01
1.327383307499768073e+00
