# Ensemble D, m = 25.0, c_n/c_p = 0.729032258065, f = -0.952857142857
# lambda = [  6.80489152e-09  -4.72711040e-09   0.00000000e+00   1.50525867e-09]
#  
0.000000000000000000e+00
2.274985578605688730e+00
2.065703217981072370e+00
8.611237523047663434e-01
9.180443726123995729e-01
7.634916669599970396e-01
0.000000000000000000e+00
0.000000000000000000e+00
3.370206970148405534e-01
1.174960796493241588e+00
2.108523378475725352e+00
0.000000000000000000e+00
1.614731176789648559e-01
5.065451025268639107e-01
7.658979454386933838e-01
1.057767705836094169e-01
0.000000000000000000e+00
5.026403990260133181e-01
5.183650531445242043e-02
0.000000000000000000e+00
1.587921986383466766e-01
6.032649213034622232e-02
4.172714178988053968e-01
1.015508311971226929e+00
6.073324775173557510e-01
1.103839193860208607e-03
0.000000000000000000e+00
2.512967767877499536e+00
1.383499442641560051e-01
6.533831585380608376e-01
9.716235328357398782e-01
0.000000000000000000e+00
5.462684047492576411e-01
0.000000000000000000e+00
1.215566031805003444e+00
1.046175907336037270e+00
1.269011275321608068e+00
1.103237753743895877e-01
0.000000000000000000e+00
0.000000000000000000e+00
8.240992243299928299e-01
2.084484673667643229e+00
1.973834474769070146e+00
1.794928047144805028e+00
0.000000000000000000e+00
1.181837004923920853e+00
0.000000000000000000e+00
1.192259945723447984e-01
4.741613469795742941e-01
3.309718975922047335e+00
0.000000000000000000e+00
6.195043395871807634e-01
0.000000000000000000e+00
0.000000000000000000e+00
1.280321502245348464e+00
5.902525008512775617e-01
1.832625510616912257e+00
1.791499314469975790e+00
1.540775020812456264e-01
9.552528362519719929e-01
1.948730498037073211e+00
0.000000000000000000e+00
2.393704321446227468e+00
8.100782446110870172e-01
7.135324761494789003e-01
7.962424615557998075e-01
0.000000000000000000e+00
0.000000000000000000e+00
1.104878628349271974e+00
9.889160979440346777e-01
0.000000000000000000e+00
1.043904079961865961e+00
0.000000000000000000e+00
0.000000000000000000e+00
0.000000000000000000e+00
2.132587879977414225e-01
1.048043293097820960e+00
4.604938965054376082e-02
1.810991469760014905e+00
0.000000000000000000e+00
0.000000000000000000e+00
1.078113776669405333e+00
2.009442524606546598e+00
6.053381808426524513e-01
0.000000000000000000e+00
1.969781172323056551e-01
0.000000000000000000e+00
1.004180107772475683e+00
2.524085638854503891e-02
1.810943734619522960e+00
8.747404503323530367e-02
3.303605231816608701e-02
0.000000000000000000e+00
0.000000000000000000e+00
2.097113124820876133e-03
6.938747967529091953e-01
1.837269087097478826e+00
0.000000000000000000e+00
3.781809324490100765e-01
0.000000000000000000e+00
