# Ensemble D, m = 25.0, c_n/c_p = 0.741935483871, f = -0.972608695652
# lambda = [  8.67204218e-09  -6.25785753e-09   0.00000000e+00   1.49559620e-09]
#  
0.000000000000000000e+00
3.283879714025926821e-01
5.936769188998093361e-01
8.012175669321547344e-01
2.188602981828721372e+00
2.703965398698305211e+00
4.384069557875867607e-01
0.000000000000000000e+00
0.000000000000000000e+00
1.163541593935430163e-01
6.528648558912983901e-01
4.775217737889754233e-01
2.357835662741287308e+00
5.046595708470847930e-01
1.237816001532426213e+00
2.081657299044372245e+00
1.250807323537404425e+00
1.102139739698028698e-01
1.173532122699503660e-01
1.147563624099113590e-02
6.231426412480440824e-01
0.000000000000000000e+00
1.008254026419733995e-01
5.836543513003968758e-02
1.248472136751415551e+00
3.233861070705739554e-02
6.628281573011685079e-01
2.378806440310828052e-01
2.362734531083630962e+00
3.684309100815963967e-01
8.860897218367304040e-01
2.629026181650095495e+00
6.472224829386494793e-01
1.972636916158527765e+00
3.073602428417794852e-01
4.743494626793226532e-01
9.627330104655874576e-01
0.000000000000000000e+00
3.508548350641818581e-01
2.437400270053456719e+00
2.216233968678303690e+00
0.000000000000000000e+00
7.197509597506380752e-01
2.733117774258259303e+00
8.060991901152629868e-01
1.270401967871965354e+00
7.972413627326555563e-01
0.000000000000000000e+00
8.410103778604242075e-01
1.210711841606305184e+00
6.754783980391941833e-01
8.493025959550961623e-01
0.000000000000000000e+00
0.000000000000000000e+00
1.400144522232370958e+00
1.644117713367680977e+00
0.000000000000000000e+00
1.136431531439896947e+00
0.000000000000000000e+00
1.935970311395961874e+00
0.000000000000000000e+00
0.000000000000000000e+00
1.049332125616132538e-01
3.496929699894248400e-01
0.000000000000000000e+00
3.703806575811926738e+00
1.443124547716915451e+00
1.407221689575305357e+00
1.619888710067835635e+00
7.382238178950779606e-01
4.158701443481263027e-01
0.000000000000000000e+00
0.000000000000000000e+00
1.218912851177482715e+00
1.037267924686523290e+00
0.000000000000000000e+00
0.000000000000000000e+00
0.000000000000000000e+00
6.593452380802419244e-01
1.582923036577103648e+00
0.000000000000000000e+00
7.407218617387154591e-01
0.000000000000000000e+00
2.467434404482444499e-01
3.942751482021757958e-01
4.960072636418907388e-01
0.000000000000000000e+00
2.206176060629642943e-02
2.933136475753079342e+00
1.077774469498245624e+00
1.185118431201313133e-01
1.613386983896355709e+00
8.396977592572520965e-01
1.745452320631898147e+00
1.523981336136146281e+00
1.194679000377642186e+00
0.000000000000000000e+00
1.104832725456919906e+00
3.073351524209732233e+00
2.876255587873175479e+00
