# Ensemble D, m = 25.0, lambda = [  6.97525414e-09  -6.32936811e-09   0.00000000e+00   4.48395090e-10]
1.214262649813612344e-01
0.000000000000000000e+00
0.000000000000000000e+00
0.000000000000000000e+00
9.036695203707658663e-01
0.000000000000000000e+00
0.000000000000000000e+00
0.000000000000000000e+00
0.000000000000000000e+00
0.000000000000000000e+00
6.967131079233640500e-01
0.000000000000000000e+00
0.000000000000000000e+00
0.000000000000000000e+00
1.824960931641705031e+00
0.000000000000000000e+00
0.000000000000000000e+00
0.000000000000000000e+00
0.000000000000000000e+00
1.497990143966873466e+00
0.000000000000000000e+00
0.000000000000000000e+00
0.000000000000000000e+00
0.000000000000000000e+00
2.864928591835657068e-01
0.000000000000000000e+00
3.643975983193549761e-01
0.000000000000000000e+00
5.673051750911141562e-03
0.000000000000000000e+00
3.088113856134885871e-01
0.000000000000000000e+00
0.000000000000000000e+00
2.613638580823823276e-01
0.000000000000000000e+00
0.000000000000000000e+00
2.241774688175838026e+00
0.000000000000000000e+00
0.000000000000000000e+00
9.338839876031429510e-01
0.000000000000000000e+00
0.000000000000000000e+00
0.000000000000000000e+00
0.000000000000000000e+00
1.493880195913715736e-01
0.000000000000000000e+00
2.457886712577230792e+00
1.951952150566128169e-02
0.000000000000000000e+00
8.201337943106085104e-01
0.000000000000000000e+00
0.000000000000000000e+00
5.510439254010729426e-01
0.000000000000000000e+00
0.000000000000000000e+00
0.000000000000000000e+00
0.000000000000000000e+00
1.555678558108058329e+00
0.000000000000000000e+00
0.000000000000000000e+00
1.928438596895723833e+00
0.000000000000000000e+00
0.000000000000000000e+00
1.176447086168063011e-01
0.000000000000000000e+00
0.000000000000000000e+00
0.000000000000000000e+00
9.633741849293216974e-01
2.168990984134916200e+00
0.000000000000000000e+00
6.770855330313326759e-01
0.000000000000000000e+00
1.744845851724896868e-01
0.000000000000000000e+00
0.000000000000000000e+00
0.000000000000000000e+00
0.000000000000000000e+00
0.000000000000000000e+00
0.000000000000000000e+00
2.726698231735006361e-01
4.963188417085858360e-03
0.000000000000000000e+00
1.773225041707822414e-01
1.440159634177521575e+00
0.000000000000000000e+00
1.064816998267974268e+00
0.000000000000000000e+00
4.011483680291759446e-02
0.000000000000000000e+00
1.684998813817277785e+00
1.290542270381535239e+00
6.026355223783679271e-01
1.762028352396888486e+00
0.000000000000000000e+00
0.000000000000000000e+00
0.000000000000000000e+00
0.000000000000000000e+00
2.743312654165916964e-01
0.000000000000000000e+00
0.000000000000000000e+00
