# Ensemble D, m = 25.0, c_n/c_p = 0.6, f = -0.980434782609
# lambda = [  9.21157200e-09  -5.41880735e-09   0.00000000e+00   1.08794668e-09]
#  
2.500108861671796606e-02
1.717335678058045101e+00
9.541111382477464320e-02
0.000000000000000000e+00
8.822889141519643097e-01
0.000000000000000000e+00
0.000000000000000000e+00
4.219143156751916091e-01
2.831235396513310798e-01
5.321627345966467582e-01
9.737010427673892243e-01
2.896759616247399638e-01
0.000000000000000000e+00
1.503185499164314098e+00
2.221857578974982594e+00
4.125760607809654812e-01
0.000000000000000000e+00
1.604291075781989928e+00
0.000000000000000000e+00
0.000000000000000000e+00
3.106341589608039438e-02
1.038932128692082513e+00
0.000000000000000000e+00
0.000000000000000000e+00
0.000000000000000000e+00
0.000000000000000000e+00
6.289330868178557576e-01
2.773513248152775779e-01
2.560883770538220361e-01
0.000000000000000000e+00
0.000000000000000000e+00
0.000000000000000000e+00
2.018218642834337107e-01
1.500006490885930965e+00
6.758774838425634091e-01
0.000000000000000000e+00
1.499363746458058255e+00
0.000000000000000000e+00
1.149598118130002872e-01
0.000000000000000000e+00
1.050208229959860962e+00
0.000000000000000000e+00
0.000000000000000000e+00
2.827695577263537596e-01
2.025755877665553761e-01
3.311678915962796288e-01
0.000000000000000000e+00
7.689155636755425072e-02
0.000000000000000000e+00
1.076021818201675258e-02
2.598802998778617646e-01
4.223643094676309828e-01
0.000000000000000000e+00
4.249942311290008101e-01
8.893372652691929892e-01
1.705430289557263057e+00
0.000000000000000000e+00
6.794416042456467020e-01
0.000000000000000000e+00
5.921769199390077842e-01
1.533488322117176450e+00
9.559281316610588330e-01
0.000000000000000000e+00
0.000000000000000000e+00
0.000000000000000000e+00
0.000000000000000000e+00
8.761297893989394847e-01
1.563747732220527098e+00
2.597177558328499503e-01
1.454187940354668626e-02
0.000000000000000000e+00
1.855012142528436270e+00
2.332973844728310556e-02
0.000000000000000000e+00
1.959356805930949408e+00
1.342800698334147391e+00
1.125059066545656350e+00
0.000000000000000000e+00
8.832037857551190418e-01
4.341357901541426645e-01
2.116834387817216334e-01
1.137948937789664994e+00
1.562516547786922727e+00
6.277961171291261862e-03
4.757117218655880775e-01
0.000000000000000000e+00
1.151355284039545651e-01
6.160476372591696670e-01
0.000000000000000000e+00
1.743344335781731536e+00
0.000000000000000000e+00
1.820868855570725753e+00
6.835331341145824968e-01
0.000000000000000000e+00
0.000000000000000000e+00
0.000000000000000000e+00
0.000000000000000000e+00
2.163228207292022809e-01
0.000000000000000000e+00
0.000000000000000000e+00
