# Ensemble D, m = 25.0, lambda = [  1.14085591e-08  -8.49321226e-09   0.00000000e+00   1.42315848e-09]
3.598468325422015113e-01
3.826942426079923409e-01
1.173334146079447304e+00
5.403607668042432755e-01
6.374697080299139840e-01
1.005799811382188214e+00
1.403671871672070859e+00
9.821711603124674284e-01
1.921306316718908169e+00
1.470242309190291863e+00
2.349842846342899083e+00
9.876533280050017183e-01
0.000000000000000000e+00
5.297464434900248792e-02
3.781757857145914836e-01
0.000000000000000000e+00
1.760504603673025192e+00
1.863200523242201312e+00
9.453258163448328144e-01
8.852162804428214127e-01
1.775864658595722512e+00
9.066614405187525261e-01
1.782859478102273076e+00
1.763514264174252055e+00
1.759773727953406697e+00
4.783068676528483554e-01
0.000000000000000000e+00
1.687082134074618045e+00
2.559989553428214215e+00
7.228813544660014356e-01
2.549657452175160710e+00
0.000000000000000000e+00
1.664855616545461325e+00
2.802442879979859303e+00
6.834550523652546117e-01
7.695731149486837452e-01
1.223146240005356100e+00
1.297608512027567107e+00
5.734550886208060749e-01
0.000000000000000000e+00
2.687395453477612328e+00
1.435667832816015288e+00
2.063813226550913704e+00
2.526747083613265943e+00
2.445361479888987333e+00
1.642149851732758403e+00
0.000000000000000000e+00
1.650900076661294680e+00
0.000000000000000000e+00
1.301609702492235066e+00
2.727833868272593776e+00
1.661074773716461728e+00
0.000000000000000000e+00
5.681407865830743337e-03
2.188580306481974436e+00
8.357373899881608281e-01
2.004750019115244530e+00
0.000000000000000000e+00
2.997160040540512327e+00
2.914939956393847176e+00
0.000000000000000000e+00
7.943794841372646687e-01
2.608763235334502495e-01
6.033947146103095793e-01
1.950116693566990467e+00
2.857724894217362976e+00
5.653142302898285232e-01
0.000000000000000000e+00
2.310575563962076640e+00
1.709181145483208208e+00
1.336093669894075520e+00
2.029550769665927401e+00
2.186846768866055335e+00
1.238387125156341639e+00
0.000000000000000000e+00
2.448896142014560587e-02
0.000000000000000000e+00
1.044102974372093762e+00
2.063355567363236442e+00
1.612419856250017158e+00
2.206726758225578511e+00
1.612461414173528729e+00
2.479925722854037673e+00
0.000000000000000000e+00
7.276897165647874810e-02
1.133830974200217945e+00
5.763745228201964110e-01
1.033043506576098558e+00
8.489080345449160347e-01
1.274081260859115439e+00
2.467605724007390922e-01
0.000000000000000000e+00
7.942474185009901211e-01
7.639490745341105393e-01
2.230525817616462625e+00
4.876275623754350308e-01
1.866973266347031535e+00
0.000000000000000000e+00
0.000000000000000000e+00
0.000000000000000000e+00
