# Ensemble D, m = 25.0, lambda = [  5.90037802e-09  -5.37552987e-09   0.00000000e+00   8.58010792e-10]
0.000000000000000000e+00
3.065591320958869215e-01
6.042299121717282784e-01
3.381707345158971867e-01
1.352914365249179074e+00
0.000000000000000000e+00
0.000000000000000000e+00
2.840039062771643419e+00
0.000000000000000000e+00
2.046782479183261838e+00
0.000000000000000000e+00
1.461187913843542852e+00
8.503213818342805208e-01
4.194169348080997173e-01
0.000000000000000000e+00
6.565781415819868516e-02
0.000000000000000000e+00
0.000000000000000000e+00
9.753377931418064639e-01
0.000000000000000000e+00
8.460613727046220056e-01
7.196290862033047527e-03
0.000000000000000000e+00
5.753439544376901665e-02
0.000000000000000000e+00
0.000000000000000000e+00
0.000000000000000000e+00
6.921043349338959483e-02
2.545146269958423524e+00
4.346049107269454037e-01
5.430260871907187648e-01
0.000000000000000000e+00
8.021615151054567461e-01
0.000000000000000000e+00
2.420517444458013950e-02
0.000000000000000000e+00
1.118933484686452928e+00
4.947578944443979942e-01
0.000000000000000000e+00
2.850634437262177023e+00
2.475487256147641535e-01
1.453627203172629612e+00
0.000000000000000000e+00
6.923536530564267100e-01
0.000000000000000000e+00
0.000000000000000000e+00
4.030618380120518096e-01
0.000000000000000000e+00
0.000000000000000000e+00
2.286301421278457702e-01
0.000000000000000000e+00
1.488753712086784642e+00
0.000000000000000000e+00
9.139130237901711001e-03
1.301437910365638828e+00
0.000000000000000000e+00
9.579869278171766478e-01
0.000000000000000000e+00
0.000000000000000000e+00
0.000000000000000000e+00
6.004293944453195087e-01
0.000000000000000000e+00
7.232132766087623343e-02
0.000000000000000000e+00
0.000000000000000000e+00
0.000000000000000000e+00
1.092345102400755330e+00
0.000000000000000000e+00
5.270551219383449171e-01
9.806890653801368929e-01
0.000000000000000000e+00
4.748668978475258096e-02
0.000000000000000000e+00
0.000000000000000000e+00
1.298148438758687240e+00
1.102779409169579061e+00
1.535891745616588533e-01
1.338775617462966694e-01
1.068739995905738510e-01
0.000000000000000000e+00
0.000000000000000000e+00
0.000000000000000000e+00
7.429101285041384006e-01
0.000000000000000000e+00
1.284091540733372783e-01
1.431137173166397103e+00
0.000000000000000000e+00
3.963769094253561526e-02
0.000000000000000000e+00
0.000000000000000000e+00
1.401252800612644123e+00
1.037093428828630870e+00
0.000000000000000000e+00
5.067660320576121702e-01
0.000000000000000000e+00
0.000000000000000000e+00
1.545468424324978773e+00
0.000000000000000000e+00
0.000000000000000000e+00
0.000000000000000000e+00
