# Ensemble D, m = 25.0, lambda = [  1.33235011e-08  -9.42207912e-09   0.00000000e+00   1.50389743e-09]
8.517429482939191665e-01
1.393342009882151178e+00
2.648605346027510521e+00
0.000000000000000000e+00
2.563837106595391546e+00
2.210137876205419349e+00
1.577247830364852943e+00
1.327982156906200695e+00
9.536087460794139270e-01
7.117085232291782138e-01
2.703058349980988484e-01
0.000000000000000000e+00
7.149085691328337100e-02
2.387128220741285389e+00
0.000000000000000000e+00
1.765782596903988644e+00
6.518380195156877610e-01
1.490339557223731459e+00
1.859058906274932532e+00
1.795564318318437491e-01
0.000000000000000000e+00
8.798371478223848685e-01
2.077624890853532413e+00
1.178935823335916400e+00
3.016416098523648226e-01
1.585909386453030478e+00
5.425974929939954006e-01
1.316799601698771305e+00
0.000000000000000000e+00
1.324662454222430341e+00
2.334741158576067122e+00
4.541554506801416258e-01
3.861951971679330464e-01
1.229553490446620545e+00
1.122600285315247470e+00
0.000000000000000000e+00
1.187438899876064990e+00
0.000000000000000000e+00
8.635364274363311887e-01
2.838109074998126591e+00
2.747494336096745204e+00
2.200434304267766539e+00
1.785907581961342139e+00
1.047943012087363623e+00
1.270430431047311126e+00
5.849054262078977606e-01
3.254267845704371664e-01
1.248302029128786295e+00
1.078421857297901187e+00
9.586902690910665825e-01
1.184868130153105437e+00
2.152538166719481616e+00
1.126604420386742467e+00
2.292894064280988520e+00
1.208289404534176104e+00
1.091094896602531339e+00
1.120547567273069811e+00
1.715427153203952226e+00
2.391835994848485303e+00
1.939537427758555310e+00
6.978671997178270692e-01
2.216314799316801976e-01
2.834294642435792433e+00
2.010865940957337616e-01
2.041081654989540084e+00
1.418747368283256094e+00
1.370845719468127000e-01
1.266783679479142277e+00
3.596439104524715713e-01
0.000000000000000000e+00
2.924297747138914438e+00
0.000000000000000000e+00
1.997690044967309397e+00
6.191423371515568652e-01
1.408605267785174586e+00
2.890679058602776408e+00
5.489419401469191051e-01
7.278265537080298442e-01
5.607426195526215018e-01
0.000000000000000000e+00
6.754102738116199989e-01
3.412792506115936320e+00
7.805298780016870497e-01
2.066592895500472871e+00
8.187825124007886979e-01
1.728660227666424909e+00
1.508892390887189183e+00
4.394504361600201636e-02
8.233692995233512502e-01
1.191827535521746251e+00
2.112700223649301989e+00
1.179284044027515410e+00
1.819084259426548389e+00
7.496194746291944266e-01
1.843238056345089859e+00
9.716780149438378200e-02
2.266127129043252530e+00
7.518247271066581527e-01
1.460948096531456741e+00
1.261417061809544604e+00
