# Ensemble D, m = 25.0, lambda = [  5.36043231e-09  -4.06355352e-09   0.00000000e+00   1.47487299e-09]
3.926329737892775840e-01
7.140216939189201195e-01
9.786537954450358345e-01
1.786635424724776211e+00
2.031284112665837860e+00
1.193438324429572983e+00
1.683023246360937808e+00
0.000000000000000000e+00
1.164929361408093555e+00
0.000000000000000000e+00
2.867918280453339921e-02
1.319011854320255306e-01
0.000000000000000000e+00
1.096992895704626658e+00
0.000000000000000000e+00
6.585932739610333986e-01
4.034067421783435470e-01
0.000000000000000000e+00
3.717284263830984425e-01
0.000000000000000000e+00
1.774717810850443001e-01
0.000000000000000000e+00
0.000000000000000000e+00
1.032889560750096081e+00
9.958273566500102092e-01
6.198596485747185358e-01
0.000000000000000000e+00
6.777039741207313561e-01
0.000000000000000000e+00
0.000000000000000000e+00
0.000000000000000000e+00
0.000000000000000000e+00
0.000000000000000000e+00
1.908541249516263028e+00
0.000000000000000000e+00
8.646068607631097747e-01
8.640168861357285790e-01
0.000000000000000000e+00
2.568309440559291446e+00
0.000000000000000000e+00
4.115803615960573203e-01
0.000000000000000000e+00
3.550078713774148381e-02
0.000000000000000000e+00
1.538771021624501856e+00
0.000000000000000000e+00
0.000000000000000000e+00
3.295186977419855889e+00
1.634370337313132637e+00
9.727920336993018946e-01
0.000000000000000000e+00
0.000000000000000000e+00
2.066869686675887330e-02
0.000000000000000000e+00
0.000000000000000000e+00
1.052835817927541218e+00
4.008887025278470295e-01
7.910181077444239373e-01
0.000000000000000000e+00
0.000000000000000000e+00
1.698824914212022363e-01
9.665098291469645941e-01
0.000000000000000000e+00
2.111449794307371342e+00
0.000000000000000000e+00
0.000000000000000000e+00
1.847395382721836121e+00
0.000000000000000000e+00
0.000000000000000000e+00
0.000000000000000000e+00
0.000000000000000000e+00
0.000000000000000000e+00
1.533644946634347139e+00
0.000000000000000000e+00
0.000000000000000000e+00
0.000000000000000000e+00
0.000000000000000000e+00
1.208641449230819287e+00
1.659765900513899238e-03
1.068533933763640809e+00
1.800394394794132102e+00
0.000000000000000000e+00
2.473367809376096071e-01
2.969799347203508910e-01
0.000000000000000000e+00
6.156221880879150232e-01
1.246320818561025279e+00
2.674341633991058398e+00
6.747304327291293591e-01
1.116250003568147520e+00
1.871972514889189476e+00
0.000000000000000000e+00
0.000000000000000000e+00
8.932188577681868247e-02
2.754405857017429571e-01
1.477320203625019035e+00
0.000000000000000000e+00
0.000000000000000000e+00
4.089321330492034362e-02
6.346252110060878193e-01
