# Ensemble D, m = 25.0, c_n/c_p = 0.703225806452, f = -0.944285714286
# lambda = [  6.42383761e-09  -4.26572420e-09   0.00000000e+00   1.48680043e-09]
#  
2.765951576892356822e+00
0.000000000000000000e+00
3.860475062569816984e-01
0.000000000000000000e+00
0.000000000000000000e+00
0.000000000000000000e+00
6.453525004286775335e-02
0.000000000000000000e+00
1.046333512464010074e+00
6.928155999683117683e-01
0.000000000000000000e+00
2.628664868542139210e+00
3.938258581300827510e-01
0.000000000000000000e+00
5.218085505610257080e-01
0.000000000000000000e+00
9.868440665317447236e-01
4.388537886852659220e-01
0.000000000000000000e+00
1.502302387411050155e+00
4.807958027835946418e-02
2.941909061886688326e-01
1.118405969488800444e+00
0.000000000000000000e+00
3.436484353973122130e-01
6.941395611998788517e-01
6.136612061339774549e-01
1.867266868317559503e+00
8.717927122903549320e-01
2.149934743821840577e+00
8.550743620936036571e-01
1.057336870786941940e+00
1.090578545967315405e+00
2.066734855748288524e+00
5.658305757333008668e-01
2.210964074016823488e+00
1.028555168771899675e+00
0.000000000000000000e+00
0.000000000000000000e+00
1.804250958207173072e-01
1.283515158616163943e+00
5.354492817186128351e-01
0.000000000000000000e+00
0.000000000000000000e+00
6.045807426467478818e-01
8.978197593274691579e-01
2.651893773116816844e-01
2.559748719116212712e-01
0.000000000000000000e+00
0.000000000000000000e+00
3.480370712508400022e+00
4.508313702899378606e-01
0.000000000000000000e+00
2.004877863965600859e+00
3.445161390234132703e-01
0.000000000000000000e+00
0.000000000000000000e+00
6.470254869331546477e-01
1.104671158531378872e+00
0.000000000000000000e+00
3.158928116205125036e+00
0.000000000000000000e+00
0.000000000000000000e+00
1.649438412105742602e-01
0.000000000000000000e+00
1.164411466385951943e+00
0.000000000000000000e+00
6.297574098873766069e-01
2.048648402888937348e+00
5.512344219172220505e-01
0.000000000000000000e+00
0.000000000000000000e+00
8.069744414296264878e-01
7.856436751551334474e-01
1.673115403860757411e+00
1.734320131933339448e+00
1.590667436115227762e+00
0.000000000000000000e+00
1.426483401941188500e+00
2.414743416576138890e-01
0.000000000000000000e+00
0.000000000000000000e+00
4.959894912834760805e-01
4.963281633807562487e-01
5.536507609857420631e-01
1.262170266512028682e+00
5.304981749188090179e-01
0.000000000000000000e+00
7.096926193266949031e-04
0.000000000000000000e+00
4.234995152049129130e-01
1.533735679649590899e+00
9.255301012745773548e-01
1.226437151285273863e+00
1.134236082909388710e+00
1.505021029282838763e+00
1.433068008250317771e+00
1.526146427798984462e+00
1.112220217956586266e-01
1.616399155398669851e+00
