# Ensemble D, m = 25.0, lambda = [  6.62355218e-09  -5.66073340e-09   0.00000000e+00   1.11189380e-09]
2.920391954881467633e+00
0.000000000000000000e+00
1.576868585437052328e+00
0.000000000000000000e+00
0.000000000000000000e+00
1.124449812157664486e+00
0.000000000000000000e+00
5.927183966772600274e-03
0.000000000000000000e+00
1.108947571401764254e+00
5.610535383541196408e-01
2.281773770427571874e-02
2.839190755491060036e-01
0.000000000000000000e+00
1.248891415247643799e+00
1.617592902250688081e+00
0.000000000000000000e+00
0.000000000000000000e+00
0.000000000000000000e+00
0.000000000000000000e+00
4.708169661899769265e-01
2.370797577527858024e+00
2.522672694196025134e+00
1.453123800281719058e+00
0.000000000000000000e+00
5.769688352435325962e-01
4.501944565980838253e-01
8.760622279135872603e-02
0.000000000000000000e+00
9.810289255052535573e-01
0.000000000000000000e+00
0.000000000000000000e+00
0.000000000000000000e+00
5.848676741467505602e-01
7.258007316579683232e-01
1.410790485753168344e+00
8.998084472432436032e-01
0.000000000000000000e+00
8.223755746779370240e-03
1.030995293385974954e+00
4.202285009677090843e-01
6.307828614459070060e-01
1.320344071353108002e-02
1.665882675460921725e+00
0.000000000000000000e+00
0.000000000000000000e+00
1.482015854036904168e+00
1.738656769999587848e+00
0.000000000000000000e+00
9.091738655468490499e-03
2.525697273125990350e+00
2.270975918573441693e-02
0.000000000000000000e+00
2.228638172372376935e+00
0.000000000000000000e+00
4.169237683875911746e-03
1.067260285073034359e-02
4.751129120520824478e-01
2.235327877464399648e+00
1.155554659611062185e+00
1.072283522303765002e+00
7.713096756799416864e-01
2.658337769448177124e+00
0.000000000000000000e+00
0.000000000000000000e+00
1.666822025234499849e+00
0.000000000000000000e+00
4.428491904359249665e-02
1.989176662720826716e+00
4.897120091673068942e-01
0.000000000000000000e+00
0.000000000000000000e+00
3.648152998887341791e-01
8.846683406875281985e-01
0.000000000000000000e+00
0.000000000000000000e+00
6.263771351767095930e-03
1.774106674324919419e+00
0.000000000000000000e+00
0.000000000000000000e+00
1.144642811564373419e+00
1.710157788655023436e+00
9.735257646842559315e-03
1.307942233910031504e+00
0.000000000000000000e+00
0.000000000000000000e+00
0.000000000000000000e+00
5.406843148597274551e-01
2.948989847319475333e-01
1.072128896590262004e+00
0.000000000000000000e+00
0.000000000000000000e+00
0.000000000000000000e+00
0.000000000000000000e+00
4.239114691663938284e-01
1.646563806531371243e+00
1.280617658213208943e+00
0.000000000000000000e+00
8.683677813022953051e-01
0.000000000000000000e+00
