# Ensemble D, m = 25.0, lambda = [  6.68612334e-09  -4.46004482e-09   0.00000000e+00   1.48843399e-09]
7.612025337791121591e-04
1.075716777334865537e-01
2.351339444451548744e+00
6.427404330040840108e-01
7.041181530008171485e-01
0.000000000000000000e+00
0.000000000000000000e+00
0.000000000000000000e+00
0.000000000000000000e+00
0.000000000000000000e+00
0.000000000000000000e+00
4.982496948197105702e-02
2.229385855994208132e+00
0.000000000000000000e+00
4.299943976074878556e-03
0.000000000000000000e+00
2.188769853216708139e+00
2.188745622002048918e+00
1.619374976243038056e+00
0.000000000000000000e+00
1.013991328099439038e+00
0.000000000000000000e+00
0.000000000000000000e+00
1.485853088692213053e-01
9.546991868831025130e-01
1.766384148725565484e-01
9.054173037777998312e-01
0.000000000000000000e+00
0.000000000000000000e+00
1.342434924065045054e+00
4.340314395048690543e-01
1.919268697129582257e+00
0.000000000000000000e+00
2.002152421212953115e+00
0.000000000000000000e+00
2.078322418649139802e+00
1.582632616480086352e+00
1.152617236039034099e+00
8.718541435116400340e-01
0.000000000000000000e+00
0.000000000000000000e+00
1.028841835912093633e-01
6.473851084460227612e-02
0.000000000000000000e+00
2.771703198853519456e+00
2.947947783460204807e+00
5.846542651169423649e-03
0.000000000000000000e+00
3.209909684805254543e-03
1.622641589912583004e+00
0.000000000000000000e+00
1.153898686795578277e+00
6.309761865889293442e-02
1.360444007538170963e+00
4.801818905644494179e-02
3.390421887892047792e-01
1.636770287184698525e+00
6.130090044048859266e-01
1.524356387841115268e+00
6.760782314797041392e-01
1.868429528385996685e-01
4.286746312810432169e-01
0.000000000000000000e+00
2.780693744355820438e-02
0.000000000000000000e+00
0.000000000000000000e+00
1.275327037055220325e+00
1.565697306777387610e+00
1.009758183814533528e+00
3.151537998970938559e-01
0.000000000000000000e+00
5.565980030269410683e-01
0.000000000000000000e+00
1.768377814118943459e+00
0.000000000000000000e+00
2.254996886180824944e+00
3.541021525752434118e-01
0.000000000000000000e+00
2.904125878260494509e-01
6.015271646993950450e-01
9.549395718218937068e-01
7.096378423279284808e-01
0.000000000000000000e+00
0.000000000000000000e+00
0.000000000000000000e+00
0.000000000000000000e+00
6.234142948561272046e-01
1.052009738167162034e+00
1.844314362921714023e-01
6.268098626648220817e-01
0.000000000000000000e+00
1.798124054801439220e+00
0.000000000000000000e+00
1.041546161855361335e-01
1.192744545991973659e+00
2.458231760454336334e-01
1.261809891190774913e+00
9.205853278501100467e-01
9.039376165461791013e-01
4.690273966609013745e-01
