# Ensemble D, m = 25.0, c_n/c_p = 0.625806451613, f = -0.952857142857
# lambda = [  6.94053761e-09  -4.13867136e-09   0.00000000e+00   1.31788142e-09]
#  
2.526922657113378268e+00
3.182311065843116960e-01
3.055726941274445330e-01
0.000000000000000000e+00
0.000000000000000000e+00
0.000000000000000000e+00
0.000000000000000000e+00
4.716791560249528059e-02
0.000000000000000000e+00
0.000000000000000000e+00
1.496654420086648063e+00
7.214887710173398805e-01
0.000000000000000000e+00
9.010495784181820067e-01
1.147731181148865076e+00
3.781369262154752331e-01
2.593266294103182990e+00
4.082381680948459213e-01
1.707147410429285639e+00
6.668022759535408017e-01
0.000000000000000000e+00
0.000000000000000000e+00
0.000000000000000000e+00
0.000000000000000000e+00
0.000000000000000000e+00
4.394568425176924031e-01
0.000000000000000000e+00
6.134508610624050950e-01
7.144651877898079428e-01
0.000000000000000000e+00
0.000000000000000000e+00
5.160358427476219659e-03
4.859561371013736419e-01
1.893064993792733741e+00
1.444070072084470135e+00
3.196149689569960373e-01
4.813997686870349901e-01
2.458670074752840051e+00
6.258211195005579652e-01
9.346270837794309894e-02
7.179736882937086673e-01
5.175984745253913930e-03
0.000000000000000000e+00
9.597420926937394459e-01
4.119259207701868042e-01
0.000000000000000000e+00
4.805514442677306583e-03
0.000000000000000000e+00
0.000000000000000000e+00
8.335004732307979003e-01
0.000000000000000000e+00
0.000000000000000000e+00
0.000000000000000000e+00
7.514561963864797578e-01
0.000000000000000000e+00
5.786394779232003627e-01
0.000000000000000000e+00
1.890927002054906936e+00
0.000000000000000000e+00
0.000000000000000000e+00
0.000000000000000000e+00
0.000000000000000000e+00
0.000000000000000000e+00
6.099467291988713846e-01
2.783509512953598719e+00
0.000000000000000000e+00
7.136050439295648085e-01
0.000000000000000000e+00
6.176084702741661825e-03
0.000000000000000000e+00
0.000000000000000000e+00
0.000000000000000000e+00
9.416867302398042039e-01
7.959846100234866384e-01
0.000000000000000000e+00
0.000000000000000000e+00
8.330932235621524296e-01
0.000000000000000000e+00
3.401149939549220902e-02
3.190355423243813604e-01
1.002563449316580035e+00
3.371995619658378351e-01
1.176987073954139262e+00
6.537032781746873189e-01
0.000000000000000000e+00
0.000000000000000000e+00
0.000000000000000000e+00
1.792055464919016128e+00
0.000000000000000000e+00
6.680604100886188279e-01
0.000000000000000000e+00
0.000000000000000000e+00
0.000000000000000000e+00
8.778792120596570214e-01
0.000000000000000000e+00
2.215687081274216041e-01
5.075874863250267044e-01
1.702620261404124591e+00
0.000000000000000000e+00
0.000000000000000000e+00
