# Ensemble D, m = 25.0, lambda = [  8.09261919e-09  -5.92536356e-09   0.00000000e+00   1.48503609e-09]
0.000000000000000000e+00
1.728558155752446979e+00
9.330873410161101278e-01
5.108518962190755630e-01
1.328156163702825188e+00
4.328772384581651422e-02
1.312336111408062500e+00
1.134231226459437192e+00
1.784456289423071995e+00
5.018613851968938000e-02
8.014040202275090063e-01
1.548782100305248592e-02
1.862581661905642560e+00
1.864358037599529894e+00
1.223057830500994925e+00
1.091942030330751434e+00
1.134391311185219742e+00
0.000000000000000000e+00
1.925777704318218486e+00
1.820786480743321611e+00
7.592533044580564994e-01
3.994165103973196240e-01
2.243258959721917911e+00
1.200423500218942063e+00
1.177612612392016533e+00
1.825819542613877910e+00
1.949721037407415203e+00
7.969833556006005182e-01
7.953029765211890867e-01
1.117435819919098794e+00
2.505935411143612512e+00
0.000000000000000000e+00
9.988046896748161707e-01
0.000000000000000000e+00
2.287727902215566544e+00
0.000000000000000000e+00
6.528676714139178827e-01
2.055100382858881414e+00
7.017659850725810333e-01
1.592349450594771287e+00
0.000000000000000000e+00
9.995592022223473427e-02
6.799097494373295136e-01
4.228217545375914654e-01
1.964705077297482561e+00
0.000000000000000000e+00
2.638160316082276968e-01
4.840603975614564125e-01
1.404973985121147795e+00
2.285855208482445722e+00
3.292959620601279558e-01
1.378299099322000565e+00
0.000000000000000000e+00
1.806274862354193100e+00
1.430626722961292341e+00
0.000000000000000000e+00
1.504908181716618110e+00
9.121282832233880145e-01
2.629440646376783874e-01
3.142427383302517363e-01
8.280683835630675560e-01
2.456253521659587769e+00
9.950836739921112839e-01
0.000000000000000000e+00
0.000000000000000000e+00
5.499474395628399792e-01
7.065862601846609192e-02
2.425614592610132458e-01
2.092411045752824883e+00
1.686841673037520195e+00
1.524188820083325312e-02
2.590676917725845296e+00
1.196755950763495724e+00
1.607168721784772325e+00
0.000000000000000000e+00
0.000000000000000000e+00
0.000000000000000000e+00
9.281308841284240385e-01
6.134402882975891202e-01
6.944470244902057887e-01
5.543133560455838424e-03
8.390129973310832545e-01
2.232929292652301168e-01
2.021738385534874449e-01
2.438779192067077162e+00
0.000000000000000000e+00
7.712642713306789854e-01
1.969919815055347634e+00
0.000000000000000000e+00
2.140168594944288127e+00
1.023306502938239992e+00
1.617533218257546146e+00
2.154418520272804116e+00
3.052666986937929150e-01
2.776342132684650466e-01
0.000000000000000000e+00
0.000000000000000000e+00
8.941662318629138850e-01
0.000000000000000000e+00
2.708530407772816950e+00
