# Ensemble D, m = 25.0, lambda = [  1.10232326e-08  -7.89565701e-09   0.00000000e+00   1.49686053e-09]
3.478464376837013261e-01
2.659827105457435170e+00
3.315381069228180988e-01
2.404288429144542383e-01
3.243789012261504012e-02
0.000000000000000000e+00
8.551858411875686850e-01
1.606548497441116385e+00
6.372137836973623681e-01
2.104405263117073765e+00
2.962056108936777399e+00
9.689307866548634296e-01
9.585888718153128263e-01
0.000000000000000000e+00
2.456434184637851015e+00
1.133997019395850403e+00
0.000000000000000000e+00
4.674004975318772903e-01
9.617760894467077826e-01
1.063977673424872927e+00
9.904002325722880418e-01
3.960082685028560312e-01
8.680914708148220749e-01
2.855782918195655551e+00
2.313052985866088651e-01
2.943508520814536844e+00
4.361540389308261045e-01
9.858281042725598464e-01
0.000000000000000000e+00
0.000000000000000000e+00
1.601583756999625852e+00
1.277358595717479339e+00
5.857108152997657635e-01
2.255827395220340481e+00
8.369163887134334345e-01
0.000000000000000000e+00
1.972194738835914452e+00
1.542834017508149635e+00
9.832066968963374398e-01
1.908685752627806043e+00
2.745747282837442071e+00
3.127689790256404478e+00
2.847581981744821356e+00
2.181206092718330769e+00
1.271866866619319358e+00
1.520617408339304033e+00
2.614084000068903624e+00
1.092638630587853932e+00
2.644307372150637714e-01
1.573432866497853411e+00
8.495762787702508811e-01
1.518012221543469042e+00
1.077984083357917955e+00
9.982050609165735722e-01
0.000000000000000000e+00
3.101390255027956511e-01
5.435456240594691568e-01
1.421062781708081424e+00
0.000000000000000000e+00
1.513000162746012123e+00
0.000000000000000000e+00
5.946178381642041044e-01
1.369605152657520808e+00
1.127316624174313109e+00
8.893874093545744985e-01
1.315749699149372454e+00
6.462925261779588482e-01
1.311021229827143086e+00
5.746208590883199463e-01
8.531442483240843089e-01
2.277670514536236812e+00
3.615967391971779965e-01
1.030675247042722287e+00
0.000000000000000000e+00
3.941235896635245095e-01
0.000000000000000000e+00
0.000000000000000000e+00
1.823301574681750914e+00
1.388155545152403914e+00
1.392318091479794573e+00
4.103379625585666379e-01
7.077556436007818030e-01
8.776319446339494457e-01
2.057042366369183473e+00
3.219672861712729706e+00
1.174030213000108347e+00
2.355476094741296045e+00
1.758750333740273786e-01
8.616437319544828499e-01
7.662956521255706033e-01
9.500649734291075621e-01
2.222317359718514407e+00
2.610498867511648946e+00
1.157923432253288976e+00
7.809437084560958420e-01
0.000000000000000000e+00
2.386253573255521676e+00
7.906121070405345286e-01
7.873489987929997991e-01
6.366659265632664821e-01
