# Ensemble D, m = 25.0, c_n/c_p = 0.625806451613, f = -0.973913043478
# lambda = [  8.90524786e-09  -5.42757996e-09   0.00000000e+00   1.26462500e-09]
#  
1.439161572910746312e+00
1.138425975677114454e+00
1.096292990956193938e-02
4.241729872120346134e-01
0.000000000000000000e+00
0.000000000000000000e+00
8.138005723218995069e-01
2.258585039709124054e+00
0.000000000000000000e+00
1.318717659279394550e+00
1.689002377549734257e+00
0.000000000000000000e+00
1.212073309452416786e-02
0.000000000000000000e+00
0.000000000000000000e+00
0.000000000000000000e+00
8.653083512528726429e-01
0.000000000000000000e+00
1.502766433156748072e+00
1.609547333286029391e-01
1.074897284492040805e+00
6.819645231017653630e-01
6.550478338349581264e-01
0.000000000000000000e+00
0.000000000000000000e+00
0.000000000000000000e+00
1.022432626175556303e+00
6.246398030979424254e-01
1.406554515658037907e+00
1.214536494904788988e+00
0.000000000000000000e+00
1.653618220960223706e+00
1.643720101395635957e+00
2.235516977721228871e-01
5.597377346790259889e-01
4.707419160513072742e-01
0.000000000000000000e+00
1.556896003453934751e+00
5.781087867460760199e-01
1.199731780046491281e+00
0.000000000000000000e+00
1.162902959486891291e-01
0.000000000000000000e+00
6.052588480711098562e-01
0.000000000000000000e+00
1.050818743096954222e+00
0.000000000000000000e+00
0.000000000000000000e+00
7.548706522207893066e-01
5.418173177969713983e-01
7.073659161576031362e-01
6.156301526297830277e-03
0.000000000000000000e+00
0.000000000000000000e+00
2.415295224778961913e-01
0.000000000000000000e+00
0.000000000000000000e+00
1.334103220392724776e+00
9.609347795044760332e-01
0.000000000000000000e+00
0.000000000000000000e+00
2.885602847184816702e-02
7.888831714114531435e-01
3.028585566213003455e-01
0.000000000000000000e+00
0.000000000000000000e+00
1.695423781107911199e-01
0.000000000000000000e+00
2.573216743005266038e-01
1.992755857219782101e+00
5.388779003455769212e-01
6.611247902422690004e-01
0.000000000000000000e+00
0.000000000000000000e+00
0.000000000000000000e+00
0.000000000000000000e+00
4.672557442859249233e-01
1.409044895816543574e+00
1.038299999704233312e-01
1.871924303414688850e+00
5.017408983660878175e-01
5.002394820850650792e-01
2.914910781770784221e-01
0.000000000000000000e+00
1.610952370073650108e+00
0.000000000000000000e+00
2.508793653503542664e-01
0.000000000000000000e+00
0.000000000000000000e+00
0.000000000000000000e+00
9.649348553723717525e-02
1.052694198489370958e+00
0.000000000000000000e+00
0.000000000000000000e+00
2.717223154662624929e-02
0.000000000000000000e+00
0.000000000000000000e+00
0.000000000000000000e+00
2.200763505632990225e-01
1.642768871979036538e+00
