# Ensemble D, m = 25.0, lambda = [  6.26518432e-09  -5.63517962e-09   0.00000000e+00   8.52486724e-10]
9.906132511338400226e-01
5.621302569309567509e-01
6.853141003272466003e-01
1.791406783943996661e+00
0.000000000000000000e+00
2.902362306149862681e-01
1.239613900058260665e+00
0.000000000000000000e+00
0.000000000000000000e+00
0.000000000000000000e+00
0.000000000000000000e+00
0.000000000000000000e+00
0.000000000000000000e+00
2.456291773069864681e-01
4.366870425258498139e-04
2.106367474960090913e+00
1.347287346199778010e-02
2.435684626468954228e+00
0.000000000000000000e+00
0.000000000000000000e+00
7.483479786915328003e-01
0.000000000000000000e+00
0.000000000000000000e+00
0.000000000000000000e+00
2.640937870842556379e+00
0.000000000000000000e+00
0.000000000000000000e+00
0.000000000000000000e+00
0.000000000000000000e+00
0.000000000000000000e+00
2.595056744548612238e-01
0.000000000000000000e+00
9.284081979643031834e-01
4.697168183648556816e-01
0.000000000000000000e+00
0.000000000000000000e+00
0.000000000000000000e+00
0.000000000000000000e+00
1.043812603421716695e-01
0.000000000000000000e+00
0.000000000000000000e+00
8.858243259388999258e-01
5.731040354672448656e-01
0.000000000000000000e+00
5.268024046826996765e-03
1.026981894624444891e+00
0.000000000000000000e+00
1.512237601555117106e+00
2.057173716356642146e+00
0.000000000000000000e+00
2.273339584583615292e+00
0.000000000000000000e+00
8.391148594287124451e-01
1.576152197771919505e+00
2.261675199311570683e+00
0.000000000000000000e+00
0.000000000000000000e+00
0.000000000000000000e+00
1.098831685192130703e+00
1.366663378383080385e+00
2.187244579003263745e+00
0.000000000000000000e+00
0.000000000000000000e+00
4.590369909665566184e-02
1.275304368259395194e+00
0.000000000000000000e+00
0.000000000000000000e+00
1.802008598518041183e+00
1.561583453676032018e+00
5.368057206980064028e-02
0.000000000000000000e+00
0.000000000000000000e+00
0.000000000000000000e+00
0.000000000000000000e+00
1.735483168561001988e-01
0.000000000000000000e+00
1.609863788273850627e-01
0.000000000000000000e+00
0.000000000000000000e+00
2.223311088622723364e-01
8.860950516800554233e-01
0.000000000000000000e+00
3.531249887878643023e-02
0.000000000000000000e+00
2.455138419491562640e+00
2.811431581705420513e+00
6.975040091184157021e-01
0.000000000000000000e+00
7.649151745936198094e-03
2.391959393544360393e-02
2.116945569956533824e+00
0.000000000000000000e+00
0.000000000000000000e+00
0.000000000000000000e+00
0.000000000000000000e+00
0.000000000000000000e+00
0.000000000000000000e+00
0.000000000000000000e+00
0.000000000000000000e+00
2.173318831161779485e+00
