# Ensemble D, m = 25.0, lambda = [  1.21455184e-08  -9.93904990e-09   0.00000000e+00   4.97418947e-10]
0.000000000000000000e+00
0.000000000000000000e+00
4.179791983928740629e-01
0.000000000000000000e+00
1.158894274849391781e+00
1.619851659235403085e+00
7.571666068286152518e-01
0.000000000000000000e+00
1.183390735810667005e+00
1.009912445642749290e+00
0.000000000000000000e+00
0.000000000000000000e+00
0.000000000000000000e+00
1.815796862311464643e+00
1.544332073662034954e+00
0.000000000000000000e+00
0.000000000000000000e+00
8.943390857265964833e-01
2.601482405056921299e-01
1.260974438315134671e+00
0.000000000000000000e+00
2.262847051942474264e-01
0.000000000000000000e+00
1.215266308923278249e+00
9.076283885371936311e-01
0.000000000000000000e+00
1.432238617568732053e+00
1.070448471881750407e+00
0.000000000000000000e+00
2.919688667983776575e+00
0.000000000000000000e+00
1.604521290236167852e+00
1.319909294802853683e+00
8.301653267635754618e-01
0.000000000000000000e+00
0.000000000000000000e+00
0.000000000000000000e+00
2.961852636056586885e+00
1.727544957927214631e+00
1.540472002767009130e+00
1.772320593979010761e+00
0.000000000000000000e+00
3.199988926051335336e-01
0.000000000000000000e+00
1.549871653942070271e+00
1.834775983570173796e+00
9.875463332824858942e-03
2.502290767717454401e-01
1.635683830257432136e+00
0.000000000000000000e+00
0.000000000000000000e+00
1.313124694990575048e+00
0.000000000000000000e+00
1.011111032753111649e+00
8.565017455393665324e-01
0.000000000000000000e+00
2.140325721455226038e+00
8.164412664349149917e-01
1.016493947024968314e+00
1.859551570392529163e+00
1.467227701994113787e+00
1.804344225950161640e+00
7.873052353920515500e-01
3.277179084076056181e-01
8.352679785727160633e-01
0.000000000000000000e+00
5.134780160529291981e-01
1.279894179865595616e+00
2.786091095010910568e+00
0.000000000000000000e+00
7.228908894858138146e-01
7.694129605196917687e-01
0.000000000000000000e+00
7.560670845329645617e-01
1.701413465379635559e+00
8.276977926722332846e-02
8.126134977479687604e-01
0.000000000000000000e+00
0.000000000000000000e+00
0.000000000000000000e+00
1.024558664373586891e+00
0.000000000000000000e+00
1.110008126491691005e+00
8.148171753053289335e-01
1.638933888064467936e+00
6.065095732388449123e-01
0.000000000000000000e+00
1.024632210414837319e+00
0.000000000000000000e+00
8.310019261762814358e-01
2.153035549153749617e+00
1.756859426471586216e+00
0.000000000000000000e+00
5.418862489112512559e-01
2.048542007493110439e+00
0.000000000000000000e+00
0.000000000000000000e+00
9.550763779704510847e-01
0.000000000000000000e+00
0.000000000000000000e+00
