# Ensemble D, m = 25.0, c_n/c_p = 0.638709677419, f = -0.983043478261
# lambda = [  1.08943072e-08  -6.84031089e-09   0.00000000e+00   1.27596164e-09]
#  
1.092136307461416989e+00
0.000000000000000000e+00
1.494408209965541801e+00
7.688262968081831517e-01
0.000000000000000000e+00
8.780267514041140142e-01
8.905210200363586903e-01
0.000000000000000000e+00
1.357072708586431808e+00
1.374360315354766104e+00
0.000000000000000000e+00
1.736392243184855078e+00
1.383043578129130591e+00
1.541453412778133192e+00
0.000000000000000000e+00
1.705992273881023813e+00
1.733707483709416630e+00
0.000000000000000000e+00
0.000000000000000000e+00
0.000000000000000000e+00
0.000000000000000000e+00
0.000000000000000000e+00
0.000000000000000000e+00
0.000000000000000000e+00
5.043347345206493637e-01
6.705267364563510801e-02
2.695005986741773329e-02
1.603396639287295866e-01
0.000000000000000000e+00
1.793635570459048090e+00
1.919695254011740015e+00
0.000000000000000000e+00
1.278062400822242983e+00
2.418719508258163842e+00
2.099918050567134209e+00
6.820157986216812684e-01
8.091080319353846084e-01
1.498176625808781193e+00
1.371964265693476070e-01
0.000000000000000000e+00
9.716584403047390239e-01
1.300790710740246769e+00
2.136461184238833244e+00
1.208976400530925810e+00
1.091403434783157600e+00
0.000000000000000000e+00
2.002813320704860400e-01
2.703619504109838756e-02
0.000000000000000000e+00
2.100790004911517350e+00
8.753368286252397601e-01
0.000000000000000000e+00
2.866539434066830982e-01
5.981114241502474282e-01
0.000000000000000000e+00
1.390404153730813386e+00
2.856095873351337522e-01
2.484498703696823352e+00
4.637434255358757196e-01
0.000000000000000000e+00
0.000000000000000000e+00
8.511613176715934204e-01
1.340101967568639862e-01
2.618940637506153024e-01
0.000000000000000000e+00
3.883226951119632675e-01
5.449720252841633306e-01
1.228173966912546655e+00
2.436070487145777508e-01
0.000000000000000000e+00
1.032347620051067727e+00
0.000000000000000000e+00
3.807753681331509377e-01
8.841309167004011982e-02
2.616726902626063556e+00
2.455508428288909251e+00
1.166041957572337306e+00
0.000000000000000000e+00
1.883786002320239295e+00
8.466524324679801372e-02
7.264055056518041731e-01
1.311191779690023429e+00
1.052529142651255772e-01
7.482953727993584270e-01
0.000000000000000000e+00
7.370518177018581252e-01
0.000000000000000000e+00
0.000000000000000000e+00
0.000000000000000000e+00
1.619314668798521151e+00
0.000000000000000000e+00
3.542100822531987769e-01
4.736192961627915254e-01
0.000000000000000000e+00
0.000000000000000000e+00
2.633462924348151102e+00
5.918050501637883709e-01
1.131306976834208555e+00
8.976868147526694264e-01
4.650230919940321339e-01
