# Ensemble D, m = 25.0, c_n/c_p = 1.0, f = -0.985652173913
# lambda = [  4.55411095e-09  -4.48876936e-09   0.00000000e+00   7.68684717e-10]
#  
1.684036709807175125e+00
0.000000000000000000e+00
8.711714507528517393e-02
0.000000000000000000e+00
4.027952602385372338e-01
7.073262187426495630e-03
0.000000000000000000e+00
0.000000000000000000e+00
1.541204818261188603e+00
8.970097056464528817e-01
0.000000000000000000e+00
6.763497599967620566e-01
0.000000000000000000e+00
5.827281326705372466e-01
4.022533234124381352e-01
6.268912669962288086e-04
1.485183907133493797e+00
0.000000000000000000e+00
0.000000000000000000e+00
1.240962678013369125e+00
0.000000000000000000e+00
4.394920259011816932e-01
3.678843341736708905e-01
1.333113643415568594e+00
0.000000000000000000e+00
0.000000000000000000e+00
8.496138956384554630e-01
0.000000000000000000e+00
1.273436692267389425e+00
1.029234921183174611e+00
0.000000000000000000e+00
0.000000000000000000e+00
1.223018866697476614e+00
9.849387731505863108e-01
0.000000000000000000e+00
0.000000000000000000e+00
1.271388656374703663e+00
0.000000000000000000e+00
0.000000000000000000e+00
0.000000000000000000e+00
6.659398814581417581e-01
0.000000000000000000e+00
0.000000000000000000e+00
1.080345133866716517e-01
0.000000000000000000e+00
6.232346981751643034e-01
1.920367164497005286e+00
0.000000000000000000e+00
0.000000000000000000e+00
0.000000000000000000e+00
2.042204761111525713e-01
9.686592233106333660e-03
5.071844015971676001e-01
0.000000000000000000e+00
3.270045834561804976e-01
4.299878803091217692e-03
8.132102239550527134e-01
0.000000000000000000e+00
0.000000000000000000e+00
0.000000000000000000e+00
2.337130629189320352e+00
1.977359817967698996e+00
0.000000000000000000e+00
0.000000000000000000e+00
0.000000000000000000e+00
0.000000000000000000e+00
1.278643778489657601e+00
0.000000000000000000e+00
0.000000000000000000e+00
0.000000000000000000e+00
1.736908777901627898e+00
9.547579345390210248e-01
1.797557739428872869e+00
4.639367983844364107e-01
1.701888545686893184e-01
0.000000000000000000e+00
1.207046689314153154e+00
0.000000000000000000e+00
4.543364230778693669e-01
0.000000000000000000e+00
1.061279813091958957e+00
0.000000000000000000e+00
4.972650895874136667e-02
0.000000000000000000e+00
0.000000000000000000e+00
0.000000000000000000e+00
7.792525165495622907e-01
0.000000000000000000e+00
0.000000000000000000e+00
1.922539439966413743e+00
0.000000000000000000e+00
7.627538819077452903e-01
0.000000000000000000e+00
2.600097719201460489e+00
6.915406171017045578e-01
0.000000000000000000e+00
0.000000000000000000e+00
0.000000000000000000e+00
0.000000000000000000e+00
0.000000000000000000e+00
