# Ensemble D, m = 25.0, c_n/c_p = 0.922580645161, f = -0.975217391304
# lambda = [  5.29018816e-09  -4.75967058e-09   0.00000000e+00   1.07983256e-09]
#  
7.064438971260817990e-01
0.000000000000000000e+00
4.165135851273979450e-01
1.815106709803076812e-01
8.965383058318656673e-01
2.050527765791622326e+00
0.000000000000000000e+00
1.293963025079820917e-02
5.622287038472637555e-01
2.734531951954243811e-01
0.000000000000000000e+00
0.000000000000000000e+00
0.000000000000000000e+00
0.000000000000000000e+00
0.000000000000000000e+00
0.000000000000000000e+00
1.207064597509247772e+00
0.000000000000000000e+00
0.000000000000000000e+00
6.427129306526546682e-01
0.000000000000000000e+00
0.000000000000000000e+00
5.019013669567600200e-01
0.000000000000000000e+00
1.186744603890979022e+00
9.136902614880748619e-02
2.152520468383936902e-01
0.000000000000000000e+00
0.000000000000000000e+00
0.000000000000000000e+00
0.000000000000000000e+00
0.000000000000000000e+00
0.000000000000000000e+00
0.000000000000000000e+00
0.000000000000000000e+00
0.000000000000000000e+00
1.340220166110696720e+00
0.000000000000000000e+00
1.415208273765306002e+00
0.000000000000000000e+00
0.000000000000000000e+00
3.960038085810994868e-02
0.000000000000000000e+00
2.068969716809794246e+00
0.000000000000000000e+00
3.922150661532624594e-01
0.000000000000000000e+00
0.000000000000000000e+00
5.475089983075522859e-01
0.000000000000000000e+00
1.486810623052825298e+00
7.873497014821989604e-01
0.000000000000000000e+00
0.000000000000000000e+00
0.000000000000000000e+00
1.986235922535054543e+00
0.000000000000000000e+00
4.392380455690062524e-01
5.065498323682365855e-01
3.168496895419692927e-01
0.000000000000000000e+00
2.270220670597677404e-01
0.000000000000000000e+00
6.914950153941845645e-01
8.099771651946112427e-02
0.000000000000000000e+00
3.999097173096745617e-01
0.000000000000000000e+00
3.670233417570154845e-03
9.952921714198863512e-01
1.940553490830740080e-01
6.779388607528982758e-02
1.575798241254758425e+00
1.558584984801429651e-01
1.003196950870483883e+00
3.609434247653461325e-01
7.103956732294486320e-01
1.587772742026271944e+00
0.000000000000000000e+00
0.000000000000000000e+00
8.572102799070415724e-01
1.999660937212913159e-01
0.000000000000000000e+00
0.000000000000000000e+00
5.943094716483085516e-02
0.000000000000000000e+00
0.000000000000000000e+00
3.238372034218291451e-01
1.212557523785095848e+00
1.190877377574666163e+00
1.444013124079177368e+00
2.340352992501906204e+00
1.788175618913045106e+00
2.499839778031009541e+00
0.000000000000000000e+00
2.514934590660686364e+00
1.032380574311465349e+00
1.326343857435903884e+00
1.753395070482779872e+00
4.531926052664062010e-02
