# Ensemble D, m = 25.0, lambda = [  8.03882502e-09  -6.34516128e-09   0.00000000e+00   1.32936984e-09]
0.000000000000000000e+00
2.536868719400234617e+00
0.000000000000000000e+00
2.249011451117989058e+00
0.000000000000000000e+00
9.714342047329158625e-01
1.410391152090745948e+00
0.000000000000000000e+00
2.395795438496897578e+00
7.001924439108350717e-02
0.000000000000000000e+00
1.099248100185170385e+00
4.537798486983458113e-01
0.000000000000000000e+00
0.000000000000000000e+00
1.376765314600059575e+00
1.688365215684649590e+00
5.292173669437695294e-01
1.274637905604682153e+00
3.302622243648610234e-01
1.979687565101653002e+00
0.000000000000000000e+00
0.000000000000000000e+00
0.000000000000000000e+00
0.000000000000000000e+00
1.768653271959899076e+00
1.573784907057486304e+00
3.682140791802736568e-01
0.000000000000000000e+00
4.484475864747182738e-01
8.732052484513085355e-01
8.624528433715390463e-01
2.859626596732448567e-01
3.762460766131341394e-01
2.735829280499423311e-01
7.761124222978022652e-03
1.276131512978656346e+00
7.466224342207310460e-01
1.187813874190838836e+00
0.000000000000000000e+00
7.600851905782664009e-01
0.000000000000000000e+00
2.451830551621967391e+00
0.000000000000000000e+00
3.009745087523086671e+00
0.000000000000000000e+00
8.044922299945933553e-01
2.009256758889713002e+00
2.192673004040974316e+00
0.000000000000000000e+00
2.071141126041954994e+00
0.000000000000000000e+00
1.107519227075719481e+00
0.000000000000000000e+00
0.000000000000000000e+00
1.400947040423133449e+00
1.079461704774258290e+00
0.000000000000000000e+00
6.912610717445951680e-01
2.052910012415489316e+00
1.474353031664071167e+00
1.641905302581490700e+00
0.000000000000000000e+00
2.004540650906687926e-01
2.138437207586383337e+00
1.519291539040942718e+00
1.042120940835100651e+00
0.000000000000000000e+00
0.000000000000000000e+00
7.867973799576010174e-01
0.000000000000000000e+00
8.149826574488634456e-01
2.043284449360897703e+00
1.157334917770880933e+00
3.914759135994347328e-01
0.000000000000000000e+00
0.000000000000000000e+00
1.971959967679574488e+00
4.129113676927000376e-01
0.000000000000000000e+00
0.000000000000000000e+00
0.000000000000000000e+00
0.000000000000000000e+00
0.000000000000000000e+00
0.000000000000000000e+00
1.929364527976860533e+00
6.229698906349149037e-03
7.264164632605096816e-01
6.280943617371553822e-01
2.905176482854323131e-02
5.857858094027393880e-01
2.010352008337332297e+00
1.428241424213160693e+00
3.605245516357840074e-01
0.000000000000000000e+00
8.217277397830726748e-01
3.060953577692144822e-01
2.407701888042799609e+00
0.000000000000000000e+00
0.000000000000000000e+00
