# Ensemble D, m = 25.0, lambda = [  7.48216922e-09  -5.76676125e-09   0.00000000e+00   1.41348342e-09]
1.372432889537749112e+00
0.000000000000000000e+00
4.849526100632480484e-03
5.356463361651783162e-01
1.263992810987263349e+00
4.262317116338613932e-02
1.483226755716193335e+00
1.690014578746471763e+00
1.060130588904057758e+00
2.056090626680114664e+00
0.000000000000000000e+00
2.094451391611464430e+00
1.918342402602318253e-01
0.000000000000000000e+00
0.000000000000000000e+00
3.070154958588539595e-01
0.000000000000000000e+00
0.000000000000000000e+00
0.000000000000000000e+00
8.044584983061010552e-01
2.780698015678876867e-01
0.000000000000000000e+00
0.000000000000000000e+00
0.000000000000000000e+00
0.000000000000000000e+00
0.000000000000000000e+00
0.000000000000000000e+00
0.000000000000000000e+00
1.015063166122741611e+00
1.731694970741660455e+00
0.000000000000000000e+00
0.000000000000000000e+00
2.720464976501399512e+00
4.051855623166861209e-02
0.000000000000000000e+00
7.418229109529250395e-03
9.741573063480010175e-01
1.981481429937042460e+00
2.207718843822306376e-01
8.409545139713052730e-01
7.212848867073385099e-04
4.845104868716738067e-01
7.497114087150305028e-01
1.283343012660103533e+00
0.000000000000000000e+00
2.620990572370300420e+00
0.000000000000000000e+00
1.411301952485207734e+00
1.022906065997461911e-03
2.153168080896150638e+00
5.634580793510294283e-01
1.878549397308292068e+00
0.000000000000000000e+00
1.939355985264985316e+00
1.100754019267122796e+00
1.754548541233545700e-01
2.379609937993385049e+00
0.000000000000000000e+00
0.000000000000000000e+00
5.202995456918217965e-01
0.000000000000000000e+00
0.000000000000000000e+00
5.804014742437585070e-03
0.000000000000000000e+00
9.479272430072811506e-01
8.905532691907407372e-01
1.533907935514532861e+00
1.010354300214053591e+00
4.107607346356379474e-01
0.000000000000000000e+00
5.462796188007158493e-01
7.897341860627122845e-01
1.151939136117242191e+00
4.348698505558497573e-01
1.548222200750925870e+00
1.113395864356912845e+00
1.207655390684695851e+00
1.960374815628793677e+00
0.000000000000000000e+00
2.418489464377193254e+00
9.278577815642483628e-01
0.000000000000000000e+00
0.000000000000000000e+00
2.327963307145508864e-01
9.299391689323685539e-02
4.278896810053454125e-01
1.963164463665552528e+00
1.542917620579905336e+00
2.220622038605910120e+00
9.053073414908977545e-01
0.000000000000000000e+00
3.002132805884004108e-01
0.000000000000000000e+00
2.436176132073928802e+00
8.693037477463515517e-01
0.000000000000000000e+00
2.423244775141186302e+00
0.000000000000000000e+00
0.000000000000000000e+00
1.535476196168530816e+00
