# Ensemble D, m = 25.0, c_n/c_p = 0.638709677419, f = -0.961428571429
# lambda = [  7.67778151e-09  -4.71472395e-09   0.00000000e+00   1.34883354e-09]
#  
2.133756276122495521e+00
2.513159645654530761e-03
0.000000000000000000e+00
0.000000000000000000e+00
0.000000000000000000e+00
4.546050193850438847e-01
8.738935993934945357e-01
4.445606937956788074e-01
2.290503670590287866e-01
0.000000000000000000e+00
2.149257711934555726e+00
1.406952059301522340e+00
0.000000000000000000e+00
2.278385674670084793e+00
6.161350119021007377e-01
0.000000000000000000e+00
0.000000000000000000e+00
2.130181193708944321e+00
5.818925176313224368e-01
1.535006502027100872e-01
0.000000000000000000e+00
0.000000000000000000e+00
1.176628997821298928e+00
0.000000000000000000e+00
0.000000000000000000e+00
0.000000000000000000e+00
0.000000000000000000e+00
1.528165908994278954e+00
0.000000000000000000e+00
0.000000000000000000e+00
1.245364435007390913e+00
1.541502035622131506e-01
0.000000000000000000e+00
0.000000000000000000e+00
4.692993264333807368e-01
5.067457098069136912e-01
0.000000000000000000e+00
0.000000000000000000e+00
0.000000000000000000e+00
2.537600611804858297e-01
1.261508225362759195e+00
7.615270018421551601e-01
1.129223574141878128e+00
0.000000000000000000e+00
0.000000000000000000e+00
2.426660981203643264e-03
8.266323432180301412e-01
1.051660450485555343e+00
8.521104299193688059e-01
2.174016117475175147e-01
1.052018660346134116e+00
0.000000000000000000e+00
5.959817186166372904e-01
8.239733316579376243e-01
0.000000000000000000e+00
1.984827339749015040e+00
1.498942845607975416e+00
1.860832434741708759e-03
1.133432690672275367e+00
1.892900939774331714e+00
0.000000000000000000e+00
7.432914983026274180e-01
2.219727459031986427e+00
8.294238575748472675e-01
1.333759516420029122e-02
0.000000000000000000e+00
1.292753954837194907e+00
5.952687694652456507e-01
0.000000000000000000e+00
1.007502322749431301e+00
1.708349886722783761e+00
1.928909095020736153e+00
3.995130552234878868e-03
2.280497937330489833e-01
0.000000000000000000e+00
1.296652768980807169e+00
5.088462212841188270e-01
1.296388336093245552e+00
4.877095716277422000e-01
2.137503795784267968e+00
3.298475721965413499e+00
3.116154975359760604e-01
0.000000000000000000e+00
2.662444283671004316e-02
1.588529495979331019e+00
4.444352336382676426e-03
9.178815518029482812e-01
1.056285692207809435e+00
6.383466172922311888e-01
2.589657088968249157e-02
0.000000000000000000e+00
8.031791925673302801e-01
0.000000000000000000e+00
0.000000000000000000e+00
0.000000000000000000e+00
8.773797631054306434e-01
1.137207316213078467e+00
0.000000000000000000e+00
4.089981153736513830e-01
1.120973857966433229e+00
