# Ensemble D, m = 25.0, lambda = [  2.13791897e-08  -1.46847447e-08   0.00000000e+00   1.47400777e-09]
0.000000000000000000e+00
3.493760685737929972e+00
2.071195746322477937e+00
1.964876730474744537e+00
2.170493589267307399e+00
1.594614868188015677e+00
9.154228345455940330e-01
2.013666942197701371e+00
1.958600742897118385e+00
5.313326567047566007e-01
2.202814451958572117e-02
5.541568214946412940e-01
1.289987134098631083e+00
6.537484665610702184e-01
2.954882774501259135e+00
1.693022309809654846e+00
3.461046673893579673e+00
1.058455893500054312e+00
2.221284681328455690e+00
1.809707587230057868e+00
0.000000000000000000e+00
9.601536903964039693e-01
9.933736935557208048e-01
3.001866504296992311e+00
8.229603840841913653e-01
1.862235826923057447e+00
5.534010541779367243e-01
1.758326975611748999e+00
7.930119941033185738e-01
5.648695667426951728e-01
2.699427192699041633e+00
8.188678911324011045e-01
1.616095935308495601e+00
2.100528654870237322e+00
1.039109131500907779e+00
1.769318159100838006e+00
3.329845100830509441e+00
4.097567011077963284e-01
1.834791267593961273e+00
6.028679143944128960e-01
3.057208223784015466e+00
5.818865879103152228e-01
2.087960619213271141e+00
4.598861968687057988e-01
1.540501356830667135e+00
2.692766787031324327e+00
5.885659829563685275e-01
1.474502665883434815e+00
1.752976064435384451e+00
1.905361190729593979e+00
2.481607124314304802e-01
2.175899708795994147e+00
1.732974575080724389e+00
1.375712549229787030e+00
9.434368171456138930e-01
1.922407270727600759e+00
1.176216564584299906e+00
1.669381733150999692e+00
0.000000000000000000e+00
9.402942382896510853e-01
1.853280987820761894e+00
2.524912020782798194e+00
2.440878448338478446e+00
1.270936125443236753e+00
1.104136919946378415e+00
2.373008507564452252e+00
1.779346591159512991e-01
1.137509629506329611e+00
3.209589164303258801e+00
6.634566617744763750e-01
2.140710789312296303e+00
1.685717852586836152e+00
1.778286746515125083e+00
3.891458168867437450e+00
7.411470039401303334e-01
0.000000000000000000e+00
1.101948632121189320e+00
5.102511940939845614e-01
1.767635647621225603e+00
0.000000000000000000e+00
2.635456886911927921e+00
0.000000000000000000e+00
2.438959673378828352e+00
2.104005730243068140e+00
1.892093578257306064e+00
1.916776845707716781e+00
1.719639110334447052e+00
2.551926397368074806e+00
1.936441653785147432e+00
3.023608772585025140e+00
2.890754550839588766e-01
1.309895762648016215e-01
0.000000000000000000e+00
6.261694222333439308e-01
1.765727654691614745e+00
2.317002295858370253e+00
1.878283664055441449e+00
1.883705434249848043e+00
1.504183235880440117e+00
2.035795757843571696e+00
