# Ensemble D, m = 25.0, c_n/c_p = 0.651612903226, f = -0.971304347826
# lambda = [  8.89001841e-09  -5.62662108e-09   0.00000000e+00   1.37777159e-09]
#  
1.890635777695922129e-02
5.892676731150905400e-01
7.063312521838940317e-01
3.852695457871793128e-01
7.841954007376694680e-01
1.541110916468034775e+00
9.769652588921706737e-01
5.914747268893879584e-01
7.464580245711269768e-01
4.248650671288103364e-01
2.473705913467172390e+00
0.000000000000000000e+00
1.132082812685621664e-01
3.435528778673811734e-02
4.029226684608669951e-01
5.597202278986418422e-01
1.583099638833171063e+00
0.000000000000000000e+00
5.370164810222608498e-01
1.012577221032234381e-01
9.540633201396975238e-01
0.000000000000000000e+00
8.000745455971143283e-01
1.170545527135367969e+00
1.801396664937039982e-01
1.153776104392668200e+00
0.000000000000000000e+00
0.000000000000000000e+00
4.214751923414578605e-01
6.797847362322462228e-01
9.643915644738141335e-01
0.000000000000000000e+00
1.704067963010220232e+00
3.383251568685728405e-01
1.803194789325915370e-01
0.000000000000000000e+00
1.053754193157083963e+00
1.381275461042230646e+00
6.486522374606824848e-02
1.212718753177331577e+00
0.000000000000000000e+00
0.000000000000000000e+00
1.120605076846145298e+00
1.991608887186657073e+00
1.052227199511279743e+00
3.372215212123287342e-01
1.602897720701868201e+00
3.162002655518907947e-03
2.191431505847676764e+00
8.607011695818812536e-01
9.669024685023610566e-01
5.975520777992897603e-01
0.000000000000000000e+00
0.000000000000000000e+00
2.575667328160292868e+00
0.000000000000000000e+00
1.318591561854342231e+00
8.819363796595854899e-01
4.208762391327719454e-01
1.421831908683884871e-01
6.130371302045797277e-01
6.252641900661229934e-01
1.227801421838709661e+00
0.000000000000000000e+00
2.155713237573916974e+00
0.000000000000000000e+00
0.000000000000000000e+00
1.406615006689614145e+00
4.333082322016135746e-01
2.168795872760092003e+00
1.656392517905824757e+00
1.561675408069574722e+00
1.933395878419031516e-02
9.597105112595655241e-01
1.152312188190141917e+00
2.118066008336382325e-02
9.533578401718071360e-01
4.751240566603172066e-01
3.735699531746199953e-01
3.122595937770650809e-01
0.000000000000000000e+00
1.407708294532283855e+00
0.000000000000000000e+00
3.093334143426018992e-02
0.000000000000000000e+00
7.298240617705584743e-01
1.036139929658471681e+00
0.000000000000000000e+00
5.958063106107559515e-01
1.867951713784980816e+00
0.000000000000000000e+00
1.151535303372420049e+00
2.212075427662663518e+00
1.049704666633372918e+00
9.662914997136682338e-01
7.482763135160570567e-01
1.176941269488658737e+00
0.000000000000000000e+00
2.168748795606705304e+00
2.955208597553787842e-02
