# Ensemble D, m = 25.0, lambda = [  6.93811341e-09  -5.95222987e-09   0.00000000e+00   1.04272395e-09]
0.000000000000000000e+00
1.209941388505022808e-01
9.977933522958573054e-01
5.147370282976065914e-01
2.860030465358602836e+00
0.000000000000000000e+00
7.770915527318519311e-01
2.701661858276056982e+00
0.000000000000000000e+00
0.000000000000000000e+00
0.000000000000000000e+00
1.719753673096502400e+00
4.538339055300583298e-03
5.870998876883029016e-01
0.000000000000000000e+00
0.000000000000000000e+00
5.934768250319875094e-01
0.000000000000000000e+00
5.036395396377315453e-03
0.000000000000000000e+00
0.000000000000000000e+00
2.172021297974512155e+00
0.000000000000000000e+00
3.552756724259474586e-02
4.867802753071155952e-01
1.659591169799195187e+00
0.000000000000000000e+00
1.236528979513196597e-01
2.479514929787515753e-01
0.000000000000000000e+00
0.000000000000000000e+00
1.408855646825423857e+00
0.000000000000000000e+00
2.498938671192744376e+00
6.353144535036221452e-01
4.252948106433018793e-02
5.699289124722384248e-01
0.000000000000000000e+00
9.370914843908371983e-02
0.000000000000000000e+00
0.000000000000000000e+00
2.276057621512195706e+00
1.670018248891951718e+00
0.000000000000000000e+00
0.000000000000000000e+00
0.000000000000000000e+00
0.000000000000000000e+00
2.021806026192270345e+00
4.629461070171200232e-01
0.000000000000000000e+00
6.938551621558475269e-01
6.543042422356170063e-01
0.000000000000000000e+00
2.671365339657001958e-01
2.467384008001197448e-01
4.560159473604724067e-01
0.000000000000000000e+00
0.000000000000000000e+00
0.000000000000000000e+00
0.000000000000000000e+00
0.000000000000000000e+00
2.489531641373735893e-01
2.079921118823754966e+00
6.825045604459007986e-01
1.316776027039073149e+00
1.084837363875676530e+00
1.602796934002406859e+00
2.199659438730310057e-01
0.000000000000000000e+00
8.608253485212781150e-03
1.794251980173665051e-01
2.548663095443685744e+00
0.000000000000000000e+00
6.194093543039352889e-01
2.265491508539451804e+00
0.000000000000000000e+00
9.582879931130258155e-01
1.250603980300813323e+00
4.880945202815271666e-01
6.605492245069494173e-02
0.000000000000000000e+00
0.000000000000000000e+00
0.000000000000000000e+00
1.358407710737609964e-01
7.865323884754910067e-01
1.840305054798163642e+00
0.000000000000000000e+00
0.000000000000000000e+00
0.000000000000000000e+00
1.649393487969142980e+00
0.000000000000000000e+00
0.000000000000000000e+00
2.313331662794822385e+00
9.802034623962924131e-01
0.000000000000000000e+00
0.000000000000000000e+00
2.540086812355305312e+00
2.135956517429415946e+00
2.472005613052157269e+00
0.000000000000000000e+00
