# Ensemble D, m = 25.0, lambda = [  6.13324032e-09  -5.60889773e-09   0.00000000e+00   7.46897906e-10]
0.000000000000000000e+00
3.040718805248094833e-02
0.000000000000000000e+00
0.000000000000000000e+00
0.000000000000000000e+00
8.662613640414517091e-01
3.015716109470249151e+00
0.000000000000000000e+00
0.000000000000000000e+00
0.000000000000000000e+00
0.000000000000000000e+00
0.000000000000000000e+00
0.000000000000000000e+00
3.733960579718996198e-01
0.000000000000000000e+00
0.000000000000000000e+00
8.592525982065908341e-01
0.000000000000000000e+00
0.000000000000000000e+00
4.005313820723728768e-01
0.000000000000000000e+00
1.335987910746988971e+00
0.000000000000000000e+00
1.548858988182014951e+00
2.676100310788780967e-01
0.000000000000000000e+00
0.000000000000000000e+00
2.703568617477670188e-01
0.000000000000000000e+00
7.541651229236699949e-01
0.000000000000000000e+00
2.243640815426487245e-01
0.000000000000000000e+00
3.725320185491076685e-01
0.000000000000000000e+00
0.000000000000000000e+00
0.000000000000000000e+00
0.000000000000000000e+00
0.000000000000000000e+00
2.106428953353044198e-01
0.000000000000000000e+00
0.000000000000000000e+00
0.000000000000000000e+00
0.000000000000000000e+00
0.000000000000000000e+00
1.055923816301777229e+00
0.000000000000000000e+00
4.163415863134229400e-01
5.433645451313594971e-02
0.000000000000000000e+00
0.000000000000000000e+00
1.624600842623517227e+00
0.000000000000000000e+00
0.000000000000000000e+00
1.994516672304359195e-01
5.955481584074091561e-01
5.781490451092674565e-01
1.142292453290804505e-02
0.000000000000000000e+00
9.166322035735656737e-01
1.187504040522617377e+00
1.541535424986535840e+00
0.000000000000000000e+00
2.640389358052258606e-01
7.896813859854232565e-01
2.063818948778548101e+00
0.000000000000000000e+00
0.000000000000000000e+00
7.071298981491265234e-01
2.908659187335899676e-01
0.000000000000000000e+00
0.000000000000000000e+00
0.000000000000000000e+00
0.000000000000000000e+00
5.984153289160095701e-01
0.000000000000000000e+00
1.187190893115694923e+00
0.000000000000000000e+00
1.032424847160996029e+00
9.348083206729961292e-01
0.000000000000000000e+00
0.000000000000000000e+00
2.321600771675544017e+00
1.011612856424380036e+00
2.409956425452953077e+00
1.922935565372335454e+00
0.000000000000000000e+00
1.167283726204266375e-02
5.043085962897308865e-03
1.295099820460018147e+00
0.000000000000000000e+00
0.000000000000000000e+00
0.000000000000000000e+00
0.000000000000000000e+00
4.634491243506317498e-02
3.722823888888801003e-01
1.041098662995218332e-01
1.426590442446528106e+00
0.000000000000000000e+00
0.000000000000000000e+00
