# Ensemble D, m = 25.0, lambda = [  8.73257960e-09  -7.05669898e-09   0.00000000e+00   1.18245026e-09]
0.000000000000000000e+00
1.233047912579761762e+00
0.000000000000000000e+00
1.850703844895056904e-01
0.000000000000000000e+00
1.998446563411226728e+00
4.457825679499976546e-01
2.510784108963698635e+00
0.000000000000000000e+00
0.000000000000000000e+00
1.193457484686626824e+00
6.146526413029270719e-01
0.000000000000000000e+00
0.000000000000000000e+00
1.920263058779307697e+00
2.969489987851093304e-01
0.000000000000000000e+00
0.000000000000000000e+00
0.000000000000000000e+00
8.119076708414439958e-01
0.000000000000000000e+00
0.000000000000000000e+00
9.690103771775298025e-01
4.482802747158435852e-01
3.438892654311620500e-01
1.415882733334069998e+00
0.000000000000000000e+00
0.000000000000000000e+00
2.499404583768517762e-01
1.712892989122296594e+00
1.799318220515438771e+00
0.000000000000000000e+00
4.841466264672058539e-01
2.333101444885246067e+00
0.000000000000000000e+00
1.756643414727510732e+00
4.741817623280008553e-01
2.848782787189801269e+00
3.456819888009725061e-01
8.875029050661037422e-01
0.000000000000000000e+00
9.916686932614657835e-01
3.092607667039984267e-03
3.337648976888829555e+00
0.000000000000000000e+00
1.089729996937747414e+00
5.817857399143485653e-01
0.000000000000000000e+00
0.000000000000000000e+00
9.149495414381135505e-02
2.051154388263294770e+00
9.263234323551979843e-01
7.825565527560403023e-01
2.787107001473969059e-01
8.518503674062266606e-01
2.160507865120402382e+00
8.657264207746487861e-01
0.000000000000000000e+00
0.000000000000000000e+00
0.000000000000000000e+00
1.856289040351365660e+00
0.000000000000000000e+00
2.592791739535563078e+00
2.223075571765667391e+00
2.616813806990875513e+00
1.183388890223656897e+00
1.846411491787199655e+00
2.077610143352472960e+00
0.000000000000000000e+00
4.394515821491707386e-01
2.331357275043606680e+00
2.712755391781400682e+00
0.000000000000000000e+00
1.925570294771426605e+00
1.669044494513110266e-01
0.000000000000000000e+00
1.023117468864918500e+00
8.682038763205233156e-01
9.796011112792653991e-03
4.957983146679989517e-01
1.229924188527089068e+00
1.304871861832622937e+00
4.744507824142751296e-01
0.000000000000000000e+00
1.623888217976779291e+00
4.955645916960906283e-01
1.011520733570085095e+00
0.000000000000000000e+00
3.779987975226049568e-01
1.999686481089778756e+00
9.623357587663357027e-01
1.090247587959810138e+00
1.926506807998344062e+00
4.416539518108099638e-01
1.544465413553961941e+00
5.739563367921268755e-01
0.000000000000000000e+00
1.153053868514484215e+00
2.187171099570134114e+00
7.835484473298779395e-01
