# Ensemble D, m = 25.0, c_n/c_p = 0.974193548387, f = -0.985652173913
# lambda = [  4.90982352e-09  -4.71449105e-09   0.00000000e+00   8.07338700e-10]
#  
6.016024783479589910e-01
0.000000000000000000e+00
5.255032536615757977e-01
0.000000000000000000e+00
7.812604633390581033e-02
8.882305081083941012e-01
6.434151681321574889e-01
0.000000000000000000e+00
7.463487603823762973e-01
4.911543790714095747e-01
1.273436692267389425e+00
0.000000000000000000e+00
0.000000000000000000e+00
0.000000000000000000e+00
0.000000000000000000e+00
1.809039227730212751e+00
2.133274290855731448e-01
4.957168275143606362e-01
6.790096949691881711e-02
1.641775631007562630e+00
6.823743180494930005e-01
0.000000000000000000e+00
2.045366835469087263e+00
0.000000000000000000e+00
1.193206538228438696e+00
6.373766463605580190e-01
0.000000000000000000e+00
0.000000000000000000e+00
8.488931664556682577e-01
0.000000000000000000e+00
0.000000000000000000e+00
0.000000000000000000e+00
5.983909839246123186e-01
1.616241752490205741e+00
0.000000000000000000e+00
9.245760674806221546e-01
9.081835194687994939e-01
0.000000000000000000e+00
0.000000000000000000e+00
0.000000000000000000e+00
0.000000000000000000e+00
2.447940463221604246e-01
9.492330624229309288e-01
4.262996061815895188e-01
0.000000000000000000e+00
7.897138816558933738e-02
1.246348199685843650e+00
6.479489392549120375e-01
4.396093433591699573e-02
1.567548393547083974e+00
2.200042411164706557e+00
0.000000000000000000e+00
0.000000000000000000e+00
4.173549336961199230e-01
3.707663557230362894e-01
1.351595721781724047e+00
0.000000000000000000e+00
1.424694568790474750e-02
0.000000000000000000e+00
0.000000000000000000e+00
2.129637446903705378e+00
0.000000000000000000e+00
2.133274290855731448e-01
6.092866063782443886e-01
0.000000000000000000e+00
1.407086483546468036e+00
0.000000000000000000e+00
0.000000000000000000e+00
2.306484721745214739e-01
0.000000000000000000e+00
4.077124104812662048e-02
0.000000000000000000e+00
3.824769764945639139e-01
0.000000000000000000e+00
1.325355499823115180e+00
6.701799791731148925e-01
0.000000000000000000e+00
5.007577791405211087e-01
2.893857468985202797e+00
1.006205654910054953e-01
9.195735183445936656e-01
6.888705942546613503e-01
5.759093551638632125e-01
0.000000000000000000e+00
5.872464938225058217e-01
2.151729508776954181e-01
0.000000000000000000e+00
7.663751530880350549e-01
2.805404123303266717e-01
0.000000000000000000e+00
8.343497798704054835e-01
1.654677262334750543e+00
7.335390265132294418e-01
2.106969336478859312e+00
2.970946379426410780e-03
1.692744392278784649e-01
9.645485420643756455e-03
1.017600223359068412e+00
6.083398807245881529e-02
1.924344846787045260e-01
