# Ensemble D, m = 25.0, lambda = [  6.55509001e-09  -4.71477115e-09   0.00000000e+00   1.50132947e-09]
0.000000000000000000e+00
0.000000000000000000e+00
1.195087623328104698e+00
0.000000000000000000e+00
0.000000000000000000e+00
0.000000000000000000e+00
0.000000000000000000e+00
6.631999125320841015e-01
9.093692919287336140e-01
8.239794504859010438e-02
1.253847203391362575e+00
0.000000000000000000e+00
0.000000000000000000e+00
3.135188323875748827e-03
0.000000000000000000e+00
9.749041092020269694e-01
1.086960675116538821e+00
0.000000000000000000e+00
0.000000000000000000e+00
2.117609304473026199e+00
4.248089919834234784e-01
0.000000000000000000e+00
1.212034195869823527e+00
4.199826570627334665e-01
0.000000000000000000e+00
8.646745255429106880e-01
0.000000000000000000e+00
0.000000000000000000e+00
2.313847767579623405e+00
7.807383838143713284e-01
5.212664635863475393e-01
2.866567644152361871e-01
4.986669606456848314e-01
1.283807580842264873e+00
9.916276208555270255e-01
1.016914548358367254e+00
2.370987083188475175e+00
2.711370131372940140e+00
1.223941155333081010e+00
0.000000000000000000e+00
1.397942265570830234e+00
0.000000000000000000e+00
7.287160157793746151e-01
0.000000000000000000e+00
2.458101054277093966e-03
2.105510104208540678e+00
2.157006823178239330e+00
0.000000000000000000e+00
0.000000000000000000e+00
5.534281706890586960e-01
0.000000000000000000e+00
0.000000000000000000e+00
8.895328425872951472e-01
1.620528092084684069e+00
5.442700870880794965e-04
0.000000000000000000e+00
7.869277932310059231e-01
5.707669321955697317e-01
6.154045004170072275e-02
9.349290450881979631e-01
0.000000000000000000e+00
0.000000000000000000e+00
6.516382630381725161e-01
0.000000000000000000e+00
5.912867236274145510e-02
0.000000000000000000e+00
0.000000000000000000e+00
0.000000000000000000e+00
0.000000000000000000e+00
9.702476993500972480e-01
1.522269516314814997e+00
3.003710199905083034e-01
0.000000000000000000e+00
1.233045723875445532e+00
6.011608383058986149e-01
0.000000000000000000e+00
2.268662531078473599e+00
1.187701080956336863e+00
0.000000000000000000e+00
3.518530518790484729e-01
0.000000000000000000e+00
3.558266221320977030e-02
0.000000000000000000e+00
5.834653579986949223e-01
1.311825904895866035e+00
1.283348173590663333e+00
0.000000000000000000e+00
1.174397391544667935e+00
0.000000000000000000e+00
1.352644518163163556e-01
1.220907083083513783e-01
1.301196482694826351e+00
1.335826650748534253e-02
1.372476174133168136e+00
1.223413174869293130e+00
9.437551175459901742e-01
1.571041477091013272e+00
2.984521539851541644e-02
0.000000000000000000e+00
1.173840353308392981e+00
