# Ensemble D, m = 25.0, lambda = [  4.43073364e-09  -4.34765738e-09   0.00000000e+00   8.53976497e-10]
0.000000000000000000e+00
0.000000000000000000e+00
0.000000000000000000e+00
0.000000000000000000e+00
6.513010379403094685e-02
0.000000000000000000e+00
1.398952618236630752e+00
0.000000000000000000e+00
7.643112590208451206e-03
0.000000000000000000e+00
0.000000000000000000e+00
0.000000000000000000e+00
0.000000000000000000e+00
0.000000000000000000e+00
0.000000000000000000e+00
2.546393948070932445e-02
0.000000000000000000e+00
5.552039191944851959e-01
6.016211091279535239e-01
2.525967819701118722e-01
8.951266129344488676e-02
0.000000000000000000e+00
0.000000000000000000e+00
0.000000000000000000e+00
0.000000000000000000e+00
3.708128763577517306e-02
0.000000000000000000e+00
2.004474960431272823e+00
0.000000000000000000e+00
1.501362548552382714e+00
1.380355458393637047e+00
0.000000000000000000e+00
0.000000000000000000e+00
0.000000000000000000e+00
0.000000000000000000e+00
0.000000000000000000e+00
8.338831451689473484e-01
8.593016277738326769e-01
1.967892211760185583e+00
0.000000000000000000e+00
0.000000000000000000e+00
0.000000000000000000e+00
1.026501875382793250e+00
2.329710945047829718e+00
0.000000000000000000e+00
3.667245091105897914e-01
0.000000000000000000e+00
0.000000000000000000e+00
0.000000000000000000e+00
0.000000000000000000e+00
1.859337219411388631e+00
0.000000000000000000e+00
2.330410947210032058e-01
0.000000000000000000e+00
5.102605972766797171e-01
1.260204616506019615e-01
7.883652132366066878e-01
7.759622720422454378e-01
0.000000000000000000e+00
0.000000000000000000e+00
6.343599086373367113e-01
0.000000000000000000e+00
8.013533337036591320e-01
0.000000000000000000e+00
0.000000000000000000e+00
1.974696090626191669e+00
0.000000000000000000e+00
0.000000000000000000e+00
1.191022463238934126e+00
0.000000000000000000e+00
0.000000000000000000e+00
0.000000000000000000e+00
0.000000000000000000e+00
9.670484440887796573e-01
9.506378094511211407e-02
0.000000000000000000e+00
0.000000000000000000e+00
9.541546817821066062e-01
0.000000000000000000e+00
0.000000000000000000e+00
0.000000000000000000e+00
2.706902409738337845e+00
6.047131800737172158e-01
0.000000000000000000e+00
4.056505203023875183e-01
0.000000000000000000e+00
5.645757298096498733e-01
0.000000000000000000e+00
0.000000000000000000e+00
1.098341431628030440e+00
0.000000000000000000e+00
0.000000000000000000e+00
0.000000000000000000e+00
0.000000000000000000e+00
0.000000000000000000e+00
1.065375224736088144e+00
0.000000000000000000e+00
0.000000000000000000e+00
0.000000000000000000e+00
0.000000000000000000e+00
