# Ensemble D, m = 25.0, c_n/c_p = 0.81935483871, f = -0.952857142857
# lambda = [  5.77012266e-09  -4.50489696e-09   0.00000000e+00   1.43449902e-09]
#  
0.000000000000000000e+00
5.741728716448507575e-01
0.000000000000000000e+00
1.094659401835201384e+00
5.007963950412703813e-01
1.224731811573868123e+00
3.309644756997864867e-01
6.168800812235405995e-02
1.206367789477255759e+00
3.423994178431863489e+00
5.400467233940083878e-01
0.000000000000000000e+00
3.080273634458298382e+00
1.106259797711872661e+00
1.118752695683214338e+00
5.547073530286318133e-04
8.469572959614632413e-03
0.000000000000000000e+00
1.188354246467556052e+00
1.401115768023129426e+00
7.704934820484420355e-01
0.000000000000000000e+00
1.875300443113135485e+00
1.093599591706138300e-03
0.000000000000000000e+00
1.462336047514723791e+00
1.672858383780779779e+00
1.485262214730475261e+00
1.223072262091013940e+00
0.000000000000000000e+00
8.447863253301783892e-01
1.054644359393703545e-01
1.292056846593298003e-01
4.795691238831587683e-03
7.331092589847356678e-01
0.000000000000000000e+00
0.000000000000000000e+00
0.000000000000000000e+00
0.000000000000000000e+00
1.226205544617195997e+00
2.399747985621616397e+00
0.000000000000000000e+00
1.984997226692204908e+00
1.276989976675407146e+00
6.202062278655003924e-01
0.000000000000000000e+00
0.000000000000000000e+00
1.371149929883032359e-01
1.005645464288729141e+00
1.046665517477001796e-02
0.000000000000000000e+00
3.902488419422057153e-01
0.000000000000000000e+00
1.801471642440470644e+00
7.921264851760682901e-02
0.000000000000000000e+00
1.110309149312326049e+00
1.397402918366760671e+00
5.233947299600563013e-02
2.261426292169427921e+00
0.000000000000000000e+00
1.192913749621369313e+00
1.683694317032541354e+00
1.039557094565512152e+00
1.608732171578937553e+00
2.799557803417441981e+00
6.006060829444986870e-01
4.737737780142114996e-02
2.048888987435232956e+00
8.816976415097477204e-01
2.212922821059835510e+00
8.473652209258528689e-01
2.175077364519529821e-01
0.000000000000000000e+00
2.081617085603499478e-02
5.167037237313119036e-01
0.000000000000000000e+00
0.000000000000000000e+00
9.423215200677695913e-01
0.000000000000000000e+00
0.000000000000000000e+00
0.000000000000000000e+00
2.550369678945321739e-01
2.366318650854887018e+00
1.089486065097914125e+00
0.000000000000000000e+00
0.000000000000000000e+00
2.301791264276401017e-01
2.568307764578785957e+00
8.326715662207997415e-01
0.000000000000000000e+00
0.000000000000000000e+00
4.215180527187384341e-01
8.532460960064108813e-01
0.000000000000000000e+00
1.373189403658295227e+00
3.076129891283161180e-02
9.964791516301727547e-01
1.428788062504561876e-02
1.352762854585199126e-01
