# Ensemble D, m = 25.0, c_n/c_p = 0.741935483871, f = -0.983043478261
# lambda = [  1.08408250e-08  -7.90680818e-09   0.00000000e+00   1.47490137e-09]
#  
8.148683787393763422e-01
3.451067611802742796e-01
2.804707532178946749e+00
7.680139658265366931e-01
1.309326088112577668e+00
0.000000000000000000e+00
1.461330306026834336e+00
1.599828279103143069e+00
7.539701480772718067e-01
1.749119043921653294e+00
7.842825271748041782e-01
1.244519510064020951e+00
7.595224148851273394e-02
9.929924057539034621e-01
0.000000000000000000e+00
1.128345132138006690e+00
0.000000000000000000e+00
1.126422745519760182e+00
2.657049760938225536e+00
2.007255276859928994e+00
1.925300412817025686e+00
1.370753021689013806e+00
1.935367992130096138e+00
5.320691828632295728e-01
6.936650061757959618e-01
2.406000614324601106e+00
8.038612838672738459e-01
2.841124875816552695e-02
1.098885340766593943e+00
1.318008430780263751e+00
0.000000000000000000e+00
0.000000000000000000e+00
3.718898869610734459e-01
1.464733892059032261e+00
1.405241826316600662e+00
1.225744650118007761e-01
8.709248332848583685e-01
1.595617629462009468e+00
1.393855407840634664e+00
6.253295058948252771e-01
0.000000000000000000e+00
1.010134966476637475e+00
9.125797102060831945e-01
1.096996021999639748e+00
2.438618063207050657e+00
4.269064481996304172e-01
1.272085098445545626e+00
1.028190397801012956e+00
1.310443984691630703e+00
1.882058623886271542e+00
1.462970612195559683e+00
0.000000000000000000e+00
3.538749565304377676e+00
8.957717333533239401e-01
9.666515228170786678e-01
2.646720490983587304e+00
2.576700332293271778e+00
1.054202759198527684e+00
4.919731683372808306e-01
0.000000000000000000e+00
0.000000000000000000e+00
1.622788039405167027e+00
1.350328748144476343e+00
2.186767270561650101e+00
2.042188693878983496e+00
1.077274382554899601e+00
2.002199794438216940e-01
1.844895074487633568e+00
2.276883559924312017e+00
0.000000000000000000e+00
6.593818104631995469e-01
4.316952459603300429e-01
5.940146513364764208e-02
5.120128498480642776e-01
0.000000000000000000e+00
0.000000000000000000e+00
8.708862631479151739e-01
0.000000000000000000e+00
1.658262622966030497e-01
0.000000000000000000e+00
3.204658874664381596e+00
1.110083820608230187e+00
1.831703734461856747e+00
7.063841830100485719e-01
1.070296786098621222e+00
1.660592622923920514e+00
3.027138123957874960e+00
5.740220052072437795e-01
1.989983754648161129e+00
1.783706348699023003e+00
3.648728576438339116e-02
0.000000000000000000e+00
0.000000000000000000e+00
1.957590795936317019e+00
1.483907778741660743e-01
1.638103861091387392e+00
3.000741317040345635e+00
2.277612883875376415e+00
0.000000000000000000e+00
6.012090589194606371e-01
