# Ensemble D, m = 25.0, lambda = [  7.56574818e-09  -6.41075130e-09   0.00000000e+00   1.02324681e-09]
0.000000000000000000e+00
0.000000000000000000e+00
5.847033565577237635e-01
1.577821278238040081e+00
0.000000000000000000e+00
0.000000000000000000e+00
5.416554988911210788e-01
8.608058670150333658e-01
0.000000000000000000e+00
0.000000000000000000e+00
2.020463464534643094e+00
1.319201300198120874e+00
2.706805557217745850e+00
1.322644507165867456e+00
2.163942307845782675e+00
1.293653912303157183e+00
0.000000000000000000e+00
1.579497081132254510e-01
6.386942972711143751e-01
0.000000000000000000e+00
7.788777584006864770e-03
0.000000000000000000e+00
0.000000000000000000e+00
0.000000000000000000e+00
4.090502974688031701e-01
0.000000000000000000e+00
1.073148041557882015e+00
1.143304859734383117e+00
9.572933246866648094e-02
2.345591472351926665e-01
7.774110523029423292e-02
2.460192166365303468e+00
0.000000000000000000e+00
4.437826147885293726e-01
0.000000000000000000e+00
6.924313887591434513e-01
9.672766581000923347e-01
0.000000000000000000e+00
0.000000000000000000e+00
0.000000000000000000e+00
0.000000000000000000e+00
6.197995164124533440e-01
3.566500833784334162e-02
8.795055012202608324e-01
0.000000000000000000e+00
1.036518322352915078e+00
0.000000000000000000e+00
1.123822464082272266e+00
0.000000000000000000e+00
0.000000000000000000e+00
1.048272466936651881e+00
0.000000000000000000e+00
0.000000000000000000e+00
0.000000000000000000e+00
0.000000000000000000e+00
0.000000000000000000e+00
8.724337765642867781e-01
4.496695579036786294e-01
0.000000000000000000e+00
0.000000000000000000e+00
0.000000000000000000e+00
3.589585189488650463e-01
0.000000000000000000e+00
0.000000000000000000e+00
0.000000000000000000e+00
2.243540444522817978e+00
3.705765934942179207e+00
1.081901163408391264e+00
1.669790199705554201e+00
2.010396934909765287e-02
1.701958009131598226e+00
6.700885842287901406e-01
1.278855430172991969e+00
0.000000000000000000e+00
2.934110638682918895e-02
8.033150836166216280e-01
0.000000000000000000e+00
0.000000000000000000e+00
4.836217359164167173e-01
0.000000000000000000e+00
0.000000000000000000e+00
0.000000000000000000e+00
0.000000000000000000e+00
1.138735676627803617e+00
2.330575240455978747e-01
0.000000000000000000e+00
0.000000000000000000e+00
1.462946715541279641e+00
0.000000000000000000e+00
0.000000000000000000e+00
0.000000000000000000e+00
0.000000000000000000e+00
2.701869003481761400e+00
0.000000000000000000e+00
0.000000000000000000e+00
0.000000000000000000e+00
8.171512698511179673e-01
0.000000000000000000e+00
1.344237431392171667e+00
1.765413301628018461e+00
