# Ensemble D, m = 25.0, lambda = [  4.58846312e-09  -3.81227278e-09   0.00000000e+00   1.38367025e-09]
0.000000000000000000e+00
1.067687506355009974e+00
7.542380539442991583e-02
1.299428414005226410e-03
8.450636359030777589e-01
0.000000000000000000e+00
2.853971288071844858e-01
4.737366026074288361e-01
0.000000000000000000e+00
0.000000000000000000e+00
0.000000000000000000e+00
1.479542136528830376e+00
0.000000000000000000e+00
0.000000000000000000e+00
5.946693936489341192e-01
9.858758004791208507e-02
2.583067712949133288e+00
5.382988655665832400e-01
3.901566467540543148e-01
0.000000000000000000e+00
1.957376857953154303e+00
0.000000000000000000e+00
3.853913226496312738e-01
0.000000000000000000e+00
1.490808754628024646e+00
2.018885787723914086e-03
0.000000000000000000e+00
0.000000000000000000e+00
0.000000000000000000e+00
0.000000000000000000e+00
0.000000000000000000e+00
2.145414525293601327e-02
0.000000000000000000e+00
0.000000000000000000e+00
0.000000000000000000e+00
0.000000000000000000e+00
1.611477429444486686e+00
0.000000000000000000e+00
1.699992071589209619e+00
0.000000000000000000e+00
0.000000000000000000e+00
1.240830680033956135e+00
6.403969369012149637e-03
1.966412596846733862e-01
9.503905529014524678e-01
5.318903894126188886e-02
0.000000000000000000e+00
0.000000000000000000e+00
0.000000000000000000e+00
1.306333587420267228e-01
0.000000000000000000e+00
0.000000000000000000e+00
2.818659717683676957e-01
1.865667543164517772e+00
0.000000000000000000e+00
3.161310535996928340e-03
0.000000000000000000e+00
0.000000000000000000e+00
0.000000000000000000e+00
1.283608558665756405e+00
0.000000000000000000e+00
1.127687866935564331e+00
1.417412175675641262e+00
8.294274224017834651e-01
1.489001673185485153e+00
0.000000000000000000e+00
0.000000000000000000e+00
7.020377916650013539e-01
0.000000000000000000e+00
5.698332216527058902e-01
0.000000000000000000e+00
1.081293853780281033e-02
7.032314296456333436e-01
0.000000000000000000e+00
0.000000000000000000e+00
9.970270123411054675e-01
1.654025692690943017e-01
0.000000000000000000e+00
2.330446010516646071e-01
1.291092571126892588e-02
5.771966636364072034e-01
4.285382305629522603e-01
0.000000000000000000e+00
3.898370401694639664e-02
4.274265816293625897e-01
1.810492516004524599e-01
0.000000000000000000e+00
4.830080791546486618e-01
0.000000000000000000e+00
9.554179134992654143e-01
6.663120127093972167e-01
0.000000000000000000e+00
0.000000000000000000e+00
1.468618992927464229e+00
5.294424084772553218e-02
1.092268068632314293e+00
0.000000000000000000e+00
0.000000000000000000e+00
8.319105119196660292e-01
4.851292497425754302e-01
