# Ensemble D, m = 25.0, lambda = [  6.68224588e-09  -5.93254101e-09   0.00000000e+00   8.45341310e-10]
6.163813455467490598e-01
0.000000000000000000e+00
1.375790191966194120e+00
6.000739623153133334e-02
3.512506711627114142e-02
1.786601972244175496e+00
0.000000000000000000e+00
0.000000000000000000e+00
1.112809000747827515e+00
0.000000000000000000e+00
5.257192423828718070e-02
1.877707138295787281e+00
0.000000000000000000e+00
3.659653375141569964e-01
0.000000000000000000e+00
0.000000000000000000e+00
4.694852101012166046e-02
1.626071717861357513e+00
8.699914464719914475e-01
6.245085125798859327e-01
5.554543379585045182e-01
2.342602428219603128e-01
3.710362788747969542e-01
8.402996306765617152e-02
1.464877697989142469e+00
3.146893894838773131e-02
0.000000000000000000e+00
6.763824358263349490e-01
1.123931419485581396e+00
7.722553363210100941e-02
0.000000000000000000e+00
0.000000000000000000e+00
0.000000000000000000e+00
0.000000000000000000e+00
7.560492568163203198e-02
0.000000000000000000e+00
3.916647296203847328e-01
4.449626041298587742e-01
2.880032957084841319e-02
2.696077296333335149e-01
2.133883544093019058e+00
5.653806040251054821e-01
1.924559164959919633e+00
0.000000000000000000e+00
2.791733881752556656e-01
0.000000000000000000e+00
0.000000000000000000e+00
0.000000000000000000e+00
0.000000000000000000e+00
0.000000000000000000e+00
8.425636534308510450e-01
2.583416721815999795e-01
0.000000000000000000e+00
4.072892096070514500e-01
5.821933202298563287e-02
1.910309863425983246e-01
0.000000000000000000e+00
1.005603564841987874e+00
0.000000000000000000e+00
0.000000000000000000e+00
0.000000000000000000e+00
3.444300424451144371e-01
2.172889234119257662e-01
9.307202837338492962e-01
2.615559957115932921e+00
0.000000000000000000e+00
1.763563511021253083e+00
0.000000000000000000e+00
0.000000000000000000e+00
1.566010587346082228e-01
2.235053957446643036e+00
6.623702383165400720e-01
2.509209556138729778e-03
0.000000000000000000e+00
1.754797270576369250e+00
0.000000000000000000e+00
0.000000000000000000e+00
0.000000000000000000e+00
0.000000000000000000e+00
1.969769982279530041e+00
9.237594950323058107e-02
0.000000000000000000e+00
3.206530878641879467e-01
0.000000000000000000e+00
4.495008578832985213e-01
2.576004843409226419e-01
0.000000000000000000e+00
6.523370194596304072e-01
0.000000000000000000e+00
0.000000000000000000e+00
7.901763511829711373e-01
0.000000000000000000e+00
0.000000000000000000e+00
1.922332483733891206e-01
2.550295619714555984e-01
1.929705215023438170e+00
0.000000000000000000e+00
2.848464933206537708e+00
1.007053672801872413e+00
4.217620226087870905e-01
