# Ensemble D, m = 25.0, c_n/c_p = 0.793548387097, f = -0.989565217391
# lambda = [  1.06156577e-08  -8.33613505e-09   0.00000000e+00   1.21378317e-09]
#  
2.892833418244860955e+00
2.787054082428101154e+00
1.791714190165645926e+00
1.884239583363882531e+00
1.515591352878947307e+00
2.687250267361537048e+00
1.301910265493909868e+00
1.282092702875957002e+00
5.911238982505913064e-01
2.251587236278172810e+00
1.118999432280249451e+00
2.498891642936184265e+00
1.496667227517072263e+00
0.000000000000000000e+00
4.838877995453516601e-01
5.029990419196690432e-01
4.988329801492601967e-01
0.000000000000000000e+00
1.910745429988094657e-01
1.548595194393656005e+00
1.002290033381982193e+00
1.213336933988493849e+00
5.129867442588735837e-01
2.999005172844615430e-01
0.000000000000000000e+00
1.777790534376457954e+00
1.470926972464162041e+00
0.000000000000000000e+00
2.870997731234116390e+00
8.429507262543532997e-01
1.076630674608516580e+00
0.000000000000000000e+00
9.564332316544629231e-01
1.949163802551416858e+00
3.109043881888896355e+00
0.000000000000000000e+00
7.298217966216709041e-01
2.589701791973544331e+00
1.623356657415719537e-02
2.643808529936906737e+00
1.328876066121991384e+00
3.125693828143687181e-02
2.170648752744334331e+00
0.000000000000000000e+00
1.906916395960730704e+00
8.341915685594490926e-01
5.240868613956938260e-01
6.631274520864181010e-01
8.112970420244740577e-01
6.426357870872061173e-02
1.179452344170347722e+00
1.291216455569589527e+00
0.000000000000000000e+00
2.364523762031613963e-01
8.735638036707888965e-01
0.000000000000000000e+00
4.932879844691308580e-01
1.650904176482344443e+00
2.740157273958443995e-01
2.705448140712993332e+00
3.328718603208584703e+00
2.637859583701235522e+00
1.083764156089071617e+00
8.243419582833632075e-01
0.000000000000000000e+00
1.722631188239766575e-01
2.056297320367897363e+00
9.480576848763184739e-01
1.656526190439619184e-01
2.116728085408324134e+00
0.000000000000000000e+00
9.137616904426383302e-01
0.000000000000000000e+00
0.000000000000000000e+00
1.362996300527593574e+00
5.794228082818495551e-01
1.586799637776174832e+00
1.242525075908765819e+00
0.000000000000000000e+00
7.816992743536755883e-01
4.187518797975948170e-01
1.514509412128145049e+00
2.747553354807093506e-01
0.000000000000000000e+00
1.583723974411818669e-01
2.784657870912646271e-01
3.514875016634683158e-01
4.090423827632558296e-01
1.533271707344186385e+00
4.095661118546196078e-01
1.917773216538408931e+00
1.108367625405732637e+00
5.350680106895692179e-01
1.688580144876254518e+00
1.700794641610147373e+00
1.904778628646874861e+00
1.312766361409051008e+00
1.637838992424534013e+00
4.761032208754225475e-02
2.321133089346923306e+00
