# Ensemble D, m = 25.0, lambda = [  6.78571553e-09  -5.49216114e-09   0.00000000e+00   1.31531119e-09]
0.000000000000000000e+00
0.000000000000000000e+00
0.000000000000000000e+00
1.014240593961962967e-03
8.718686707695787463e-01
0.000000000000000000e+00
2.925536298759119913e-01
0.000000000000000000e+00
0.000000000000000000e+00
0.000000000000000000e+00
1.533720616984731444e-01
1.156556615827206924e+00
1.154331122933912379e+00
4.171822065610908403e-01
0.000000000000000000e+00
0.000000000000000000e+00
2.585393963129775652e-01
9.362375981066013431e-01
2.446573848379538951e+00
0.000000000000000000e+00
0.000000000000000000e+00
0.000000000000000000e+00
2.436609298006547242e+00
0.000000000000000000e+00
0.000000000000000000e+00
0.000000000000000000e+00
0.000000000000000000e+00
1.566061240118271414e+00
2.777309421465993244e-01
0.000000000000000000e+00
0.000000000000000000e+00
1.202075418714575461e+00
2.450783811879959084e-01
0.000000000000000000e+00
3.998504385610294198e-01
0.000000000000000000e+00
0.000000000000000000e+00
0.000000000000000000e+00
5.763650836217455442e-01
0.000000000000000000e+00
2.122835113755816919e-02
4.557623310404116390e-01
2.319358876569676653e+00
1.684315487599530092e+00
4.013546328909474159e-01
8.944256093498471616e-01
1.344579052109418305e+00
1.424468017323710090e+00
8.910960241401066906e-01
7.906506159798847300e-01
2.027049144739146325e+00
4.112955581464015631e-01
0.000000000000000000e+00
1.155568156304323857e+00
7.805702848998800070e-01
1.945812054757157350e+00
1.101753365657804462e+00
9.733615755313644868e-01
0.000000000000000000e+00
0.000000000000000000e+00
5.246570644701060715e-01
3.987327242750670075e-01
0.000000000000000000e+00
0.000000000000000000e+00
0.000000000000000000e+00
1.240006753669820189e-01
7.824564284493666921e-01
0.000000000000000000e+00
2.428717785862674339e-01
2.819942628889752102e-03
2.399104651349100170e-01
1.267905465142841859e+00
0.000000000000000000e+00
8.393166309604405129e-01
0.000000000000000000e+00
0.000000000000000000e+00
0.000000000000000000e+00
2.392221512623907920e+00
1.247850131823989989e-01
1.332239761057099070e+00
0.000000000000000000e+00
6.176890392294370757e-01
0.000000000000000000e+00
6.375737384936180918e-01
1.668081854335703884e+00
2.899053415981842248e-03
3.061458321625851742e-01
2.134642305618037472e+00
8.610357401727157800e-01
0.000000000000000000e+00
1.594428017985368262e+00
0.000000000000000000e+00
5.362887248867723514e-03
2.764115144288114223e+00
0.000000000000000000e+00
0.000000000000000000e+00
4.276467840120251052e-01
1.075753451727452292e+00
0.000000000000000000e+00
1.838812882761617362e-01
