# Ensemble D, m = 25.0, c_n/c_p = 0.625806451613, f = -0.998695652174
# lambda = [  1.82033851e-08  -1.13769370e-08   0.00000000e+00   5.81650676e-10]
#  
1.421015564691529898e+00
5.973269205909618185e-01
0.000000000000000000e+00
3.425027840491588482e-01
1.406135546404664871e-01
0.000000000000000000e+00
5.748227133115444559e-02
0.000000000000000000e+00
7.983406580456393620e-01
0.000000000000000000e+00
1.888963848482514973e-01
0.000000000000000000e+00
1.538519646079063441e-01
0.000000000000000000e+00
0.000000000000000000e+00
6.321074957014879425e-01
0.000000000000000000e+00
1.084288782271937368e+00
0.000000000000000000e+00
1.842874966398454772e-01
0.000000000000000000e+00
3.698704220187649661e-01
1.703235949909003066e+00
0.000000000000000000e+00
2.158956068509048365e-01
0.000000000000000000e+00
0.000000000000000000e+00
1.235465365200706156e+00
6.852373732362072589e-01
1.857597769732178827e-01
3.389337537855134030e+00
2.276756649678123579e-01
7.587721187604223871e-01
0.000000000000000000e+00
0.000000000000000000e+00
1.824045250457121403e-01
1.101911572927074569e-02
9.679991595470540666e-01
0.000000000000000000e+00
2.400017212326023497e+00
1.912576750443799822e+00
0.000000000000000000e+00
5.641401539117154584e-01
0.000000000000000000e+00
0.000000000000000000e+00
9.684045416251560456e-02
0.000000000000000000e+00
7.622688591872259778e-01
1.216037886511528665e+00
1.158581967745166696e-01
1.090832246370508019e+00
9.420799244607911405e-01
0.000000000000000000e+00
1.385225093460051404e+00
0.000000000000000000e+00
0.000000000000000000e+00
0.000000000000000000e+00
2.932497133130372302e-01
0.000000000000000000e+00
0.000000000000000000e+00
6.462223305028486076e-01
2.643421680188738243e+00
0.000000000000000000e+00
1.058524199865158666e+00
0.000000000000000000e+00
2.851326456347529417e-02
0.000000000000000000e+00
0.000000000000000000e+00
1.971092429733864115e+00
0.000000000000000000e+00
0.000000000000000000e+00
7.438028119298476515e-01
0.000000000000000000e+00
5.654996886934716277e-02
9.040238554271370353e-01
0.000000000000000000e+00
2.706903796314273913e-01
0.000000000000000000e+00
2.696997945201863867e-01
0.000000000000000000e+00
5.365588071591787661e-02
0.000000000000000000e+00
0.000000000000000000e+00
0.000000000000000000e+00
9.068006172284466260e-01
0.000000000000000000e+00
0.000000000000000000e+00
5.215165819096309052e-01
1.524649226438636651e+00
1.930042924630532619e+00
4.936255539704703654e-01
2.577176535712393690e+00
3.071490807528156064e-01
0.000000000000000000e+00
7.413960044629119839e-01
0.000000000000000000e+00
0.000000000000000000e+00
0.000000000000000000e+00
0.000000000000000000e+00
1.469451879153275575e+00
