# Ensemble D, m = 25.0, c_n/c_p = 0.896774193548, f = -0.971304347826
# lambda = [  5.52457728e-09  -4.81213151e-09   0.00000000e+00   1.17833030e-09]
#  
4.304298021865645141e-01
0.000000000000000000e+00
5.486002111348144972e-01
4.058178747540089337e-01
0.000000000000000000e+00
0.000000000000000000e+00
3.593369680679978084e-01
1.670022331184816688e-01
9.911609335333557702e-01
1.157854748437657344e+00
0.000000000000000000e+00
0.000000000000000000e+00
3.787683829603134544e-01
0.000000000000000000e+00
0.000000000000000000e+00
1.470514490476938718e+00
6.317058631515449774e-01
4.835662759643252762e-02
1.248207447424667799e-01
2.865609621009863051e-01
2.661735896003517010e-01
1.862445483788953249e+00
7.832636716887666009e-03
1.870784728126450247e+00
0.000000000000000000e+00
2.416849484574879470e-01
6.500612992944377888e-01
0.000000000000000000e+00
4.435335080580941614e-01
0.000000000000000000e+00
2.935301721090803357e-03
0.000000000000000000e+00
1.195455403914146508e+00
6.134054756512188344e-01
7.893930910728443884e-01
6.250995126056670959e-01
0.000000000000000000e+00
0.000000000000000000e+00
5.706790436078188478e-01
0.000000000000000000e+00
2.119404072650285187e+00
2.244076344092332587e+00
0.000000000000000000e+00
0.000000000000000000e+00
1.130288772586249824e+00
0.000000000000000000e+00
1.142540404741674731e+00
1.424702387533328007e+00
1.826775393962549288e+00
7.154885323826873922e-01
0.000000000000000000e+00
1.453002501884025133e+00
2.334750206066219747e+00
1.510580727765679088e+00
1.115966600392203217e-01
1.943515198614773620e+00
1.027124055108461942e+00
0.000000000000000000e+00
0.000000000000000000e+00
9.054257281327764417e-01
0.000000000000000000e+00
1.855484110653344176e+00
2.026990975369439285e-01
0.000000000000000000e+00
1.106624301016237322e+00
4.531191204903468710e-03
0.000000000000000000e+00
4.173727151308665451e-01
1.994352488814795210e+00
6.646690321061404783e-01
1.566785253184448834e+00
1.558182708718335752e+00
1.017511089807495273e+00
8.650413571311931227e-01
5.362543644974224200e-02
0.000000000000000000e+00
0.000000000000000000e+00
0.000000000000000000e+00
4.739891833345598673e-03
2.551007143244327091e-01
0.000000000000000000e+00
9.458978407875365257e-02
0.000000000000000000e+00
7.520160564629824185e-01
2.679323935617132224e-01
0.000000000000000000e+00
8.047843268364930358e-01
0.000000000000000000e+00
3.606520378660586501e-01
1.943513540153271713e+00
9.433478275359227228e-01
5.006958826439370513e-01
0.000000000000000000e+00
0.000000000000000000e+00
5.364927060030074690e-01
0.000000000000000000e+00
0.000000000000000000e+00
0.000000000000000000e+00
0.000000000000000000e+00
7.676151401772890459e-01
