# Ensemble D, m = 25.0, lambda = [  5.70807458e-09  -5.27973882e-09   0.00000000e+00   7.98715845e-10]
0.000000000000000000e+00
0.000000000000000000e+00
1.410905076825654803e+00
1.244534229950289950e+00
1.314928665835087385e+00
7.238405775923658636e-01
0.000000000000000000e+00
0.000000000000000000e+00
4.002880783024469480e-01
0.000000000000000000e+00
1.844379751502615683e+00
5.279326170913187788e-01
1.002535366206219747e+00
0.000000000000000000e+00
0.000000000000000000e+00
7.762809847684315825e-03
1.808666095122344109e+00
0.000000000000000000e+00
0.000000000000000000e+00
2.564515129945496574e-01
0.000000000000000000e+00
0.000000000000000000e+00
0.000000000000000000e+00
6.635966382222745208e-02
7.715415085076043900e-02
8.566190130229562882e-01
3.615657615347537823e-01
0.000000000000000000e+00
0.000000000000000000e+00
1.935240178572618763e+00
0.000000000000000000e+00
1.475274433293418119e-01
8.886651186128226299e-02
0.000000000000000000e+00
0.000000000000000000e+00
0.000000000000000000e+00
3.119039343912078932e-01
0.000000000000000000e+00
2.791365552186864107e-01
2.082668783975538118e-01
0.000000000000000000e+00
2.729425043681208973e-01
2.968016371926963104e-01
0.000000000000000000e+00
1.080250354873512286e+00
2.082809895160004032e+00
0.000000000000000000e+00
0.000000000000000000e+00
4.493283299175832371e-03
0.000000000000000000e+00
0.000000000000000000e+00
0.000000000000000000e+00
0.000000000000000000e+00
7.606219782765234749e-02
0.000000000000000000e+00
6.871746046646699524e-01
0.000000000000000000e+00
2.446487847103275381e+00
0.000000000000000000e+00
6.226029228841852836e-01
0.000000000000000000e+00
4.018304971574828688e-01
0.000000000000000000e+00
1.169310150975422374e-01
0.000000000000000000e+00
0.000000000000000000e+00
0.000000000000000000e+00
0.000000000000000000e+00
8.430771860005861207e-01
0.000000000000000000e+00
0.000000000000000000e+00
4.660634406574678534e-01
6.554674954688634037e-01
2.562070803249054229e+00
9.234101852371798813e-01
1.457298353607413333e+00
1.473107328203087318e+00
1.893158272356718630e-01
0.000000000000000000e+00
0.000000000000000000e+00
8.129592946653176888e-01
0.000000000000000000e+00
0.000000000000000000e+00
6.498947158150946146e-01
0.000000000000000000e+00
0.000000000000000000e+00
4.063898625856451896e-01
7.676777894500531885e-02
8.713435689827879749e-01
7.144200422230881364e-02
3.929947946434206307e-02
4.152701944517225158e-02
1.458864785851544665e+00
0.000000000000000000e+00
4.999370898249013706e-01
8.081480568684278748e-03
0.000000000000000000e+00
9.225367279750642732e-03
8.206432006981049243e-01
0.000000000000000000e+00
