# Ensemble C, m = 300.0, c_n/c_p = 0.883870967742, f = -0.973913043478
# lambda = [  8.35991178e-09  -7.19632462e-09   0.00000000e+00   1.67674214e-09]
#  
2.522602099341604731e+00
1.163311993048635307e+00
0.000000000000000000e+00
7.675580649477619088e-01
5.784371885833782256e-01
1.494060925106928783e+00
7.905671291483620244e-01
0.000000000000000000e+00
0.000000000000000000e+00
9.443569574072634421e-01
0.000000000000000000e+00
0.000000000000000000e+00
0.000000000000000000e+00
1.047996618829578841e+00
1.277952067093344191e+00
0.000000000000000000e+00
9.768696711066099381e-01
1.759789640959889212e+00
1.416740222472689048e+00
0.000000000000000000e+00
1.186666412266753845e+00
0.000000000000000000e+00
3.107690837130566014e-03
1.765551384816966829e-01
1.173705957057381788e+00
1.878766725491276546e-01
1.904931281953369693e+00
0.000000000000000000e+00
2.147029292918861909e+00
0.000000000000000000e+00
0.000000000000000000e+00
0.000000000000000000e+00
3.350546189261478514e-01
0.000000000000000000e+00
1.719056690532161591e+00
0.000000000000000000e+00
1.940626743860472736e+00
8.256949240094225706e-01
3.221352625899381317e-01
0.000000000000000000e+00
1.867203060196072351e-01
1.680358856235536935e+00
8.324347313315327845e-01
3.344106801136052520e-01
2.289937404617286287e-01
9.716415139438261406e-01
1.049710637553826487e-01
0.000000000000000000e+00
1.852589115531228514e-01
1.696382279340511445e+00
0.000000000000000000e+00
7.350231706424143613e-03
0.000000000000000000e+00
3.325148547907308405e-01
0.000000000000000000e+00
0.000000000000000000e+00
1.314612114239821494e+00
4.900077907021475609e-01
0.000000000000000000e+00
0.000000000000000000e+00
0.000000000000000000e+00
1.068530231271234143e+00
2.473974886457530609e+00
0.000000000000000000e+00
2.610154727647467920e-01
0.000000000000000000e+00
0.000000000000000000e+00
2.466178781492863958e+00
6.335259346773138844e-01
1.667555159426950873e+00
6.269822546543742103e-03
1.174403085676946623e-01
0.000000000000000000e+00
4.107517749450802502e-01
1.555177194068918300e+00
0.000000000000000000e+00
2.836247939835129933e-03
1.053477984738643736e+00
7.088011253314168147e-01
1.750959284115275183e-01
0.000000000000000000e+00
1.215190364227227704e+00
0.000000000000000000e+00
0.000000000000000000e+00
6.993683868237662304e-01
5.411016258043459537e-01
1.211666160717597585e+00
0.000000000000000000e+00
0.000000000000000000e+00
2.236823898179260084e+00
0.000000000000000000e+00
0.000000000000000000e+00
0.000000000000000000e+00
5.221643118322732979e-02
2.207832027757384630e+00
3.394628874916968408e-01
3.566278862904339042e-01
9.016741283928245698e-01
8.341452255803826210e-01
7.589129323538799099e-01
