# Ensemble C, m = 300.0, c_n/c_p = 0.883870967742, f = -0.961428571429
# lambda = [  7.52056332e-09  -6.39081528e-09   0.00000000e+00   1.82834586e-09]
#  
1.213160067910714832e-02
0.000000000000000000e+00
3.304177646400420221e-01
7.933944533686927425e-01
2.588094123984846506e-01
0.000000000000000000e+00
0.000000000000000000e+00
4.861072836195163838e-01
0.000000000000000000e+00
0.000000000000000000e+00
9.332263377844928209e-01
4.476801517369299876e-01
0.000000000000000000e+00
2.539454362420225930e-01
0.000000000000000000e+00
1.036131291088218109e+00
9.466545250703370940e-01
1.165237556830415411e+00
8.809909373980867597e-01
4.891777225389816741e-01
0.000000000000000000e+00
4.349432605670756069e-01
4.034656478544362268e-01
0.000000000000000000e+00
1.142862297684460682e+00
6.147901244949532940e-01
5.418890831099514305e-01
1.496437632999348732e+00
0.000000000000000000e+00
0.000000000000000000e+00
0.000000000000000000e+00
2.442093648592802868e+00
0.000000000000000000e+00
5.845466604663176469e-01
3.714273785578475207e-01
7.868686005415010953e-01
0.000000000000000000e+00
8.431902344874611099e-01
0.000000000000000000e+00
1.868521724935132466e+00
0.000000000000000000e+00
7.364678799998171099e-01
0.000000000000000000e+00
7.997890593587820077e-03
6.883729073717185232e-01
4.370303198316091015e-02
0.000000000000000000e+00
3.374459792053491336e-01
4.612216190547682726e-01
6.576872151612592754e-01
1.021578598588762481e-02
3.547345583384881040e-01
4.775738845889353490e-01
2.471862172289446047e+00
0.000000000000000000e+00
0.000000000000000000e+00
0.000000000000000000e+00
1.280058447011431344e+00
0.000000000000000000e+00
1.005635249351139349e+00
0.000000000000000000e+00
0.000000000000000000e+00
1.466436359276987567e+00
5.055873486407244100e-01
1.075450870408522830e+00
0.000000000000000000e+00
0.000000000000000000e+00
1.872932002543471197e-01
9.727830693452916427e-03
0.000000000000000000e+00
0.000000000000000000e+00
1.076097140272457509e+00
1.183456634294405951e+00
0.000000000000000000e+00
4.811945577023072351e-01
1.325610491086014031e+00
0.000000000000000000e+00
5.605988980172663672e-01
3.806103615016084851e-01
6.966389846355481863e-01
8.750034917708264803e-01
2.708408017493637576e-01
1.541913648382438939e+00
3.976668244281907350e-01
1.674132109961341097e+00
1.171779849643149518e+00
0.000000000000000000e+00
0.000000000000000000e+00
5.091959292485929156e-01
0.000000000000000000e+00
0.000000000000000000e+00
2.257806719745485857e+00
2.003671679735947286e+00
0.000000000000000000e+00
1.592669144170165696e+00
1.987710307535756504e+00
0.000000000000000000e+00
1.755959664150613664e+00
4.620308080241035120e-01
0.000000000000000000e+00
