# Ensemble C, m = 300.0, c_n/c_p = 0.767741935484, f = -0.979130434783
# lambda = [  1.30652610e-08  -9.82141138e-09   0.00000000e+00   2.03857766e-09]
#  
2.363411641630851268e+00
4.709746358062828486e-01
1.593900023769304397e+00
2.277669819088417036e+00
3.371357938473666049e+00
8.689899151507980701e-02
2.998204149476202396e-01
1.398045252948646677e+00
1.283524895441526370e+00
1.238438458408923415e+00
3.652222061265592706e-02
2.332973453353471172e+00
3.472624497114516373e+00
2.536252950638146153e+00
1.195896511650157423e+00
2.129422436090055992e+00
1.548170196690703548e+00
1.494337951356488059e+00
1.762408430669221815e+00
2.914483056635231439e-01
2.280308466955657920e+00
2.747481304876101676e-02
1.807974691333320338e+00
1.872418679433923261e+00
0.000000000000000000e+00
2.572799738510394008e-01
2.340088624478700918e+00
0.000000000000000000e+00
4.506242531288979780e-01
9.850018648506537744e-01
1.019493606003048836e+00
2.190726289999927745e-01
2.473386122417530864e+00
2.080987008984221287e+00
9.652023817930886762e-02
0.000000000000000000e+00
6.068181633178330869e-02
5.739466489118904002e-01
2.435931436876512812e+00
2.445288143411509463e+00
1.491869696947043744e+00
1.281881044625680532e+00
2.220703348633717322e+00
2.518512221031057319e+00
2.628502435008426286e-01
1.022137027643854168e+00
6.324992974473335750e-01
1.775204024197494679e+00
0.000000000000000000e+00
1.617788073175773000e+00
1.050778536101738686e-01
3.533729526955881717e+00
1.402430018174408488e+00
3.576581887989426445e+00
9.774304075995059182e-02
4.166372348161643258e-01
2.110125189647917843e+00
8.349696226358450657e-01
0.000000000000000000e+00
1.312292527346300197e+00
1.508455338440434501e-01
0.000000000000000000e+00
1.329634392058057779e+00
5.943491939860928719e-01
1.162221863799751675e+00
7.108320461330646101e-01
2.048263994191934778e-01
6.205534315083024444e-01
3.373990062597109763e+00
0.000000000000000000e+00
1.762780547683796106e+00
0.000000000000000000e+00
3.962420916906739810e-01
8.499322036745334819e-01
0.000000000000000000e+00
3.552335246227464882e-01
0.000000000000000000e+00
1.685801923945375869e+00
1.921528394630701131e+00
6.142350778585564663e-01
2.228289364434659525e+00
1.578089811608224036e+00
1.889317499893823804e+00
1.540565073960901810e+00
1.168131009222360822e-01
1.708899963433624158e+00
7.166091326749230994e-01
0.000000000000000000e+00
1.319783173626787987e+00
0.000000000000000000e+00
2.570328830008669296e+00
0.000000000000000000e+00
1.444682427243704215e+00
5.403812403359037342e-01
6.000927258550191601e-01
2.845348149223061007e+00
2.085848419514383517e-02
7.480703493150556715e-01
1.273235522602541581e+00
9.872608530441673302e-01
