# Ensemble C, m = 300.0, c_n/c_p = 0.767741935484, f = -0.961428571429
# lambda = [  9.99433597e-09  -7.37710954e-09   0.00000000e+00   2.11051439e-09]
#  
0.000000000000000000e+00
1.959034879548781083e+00
2.537218723882922244e+00
0.000000000000000000e+00
2.411558982007900864e-01
1.237041824299173337e-01
1.649750303694079434e-02
1.036293818862605853e+00
7.659450266648313299e-01
2.255703714260643977e-01
1.113845100803939614e-01
7.935156887637336010e-02
4.140885384772332589e-01
5.806868853844442402e-01
0.000000000000000000e+00
5.480084092200471907e-02
6.723560666901955141e-02
1.563478964105091018e+00
0.000000000000000000e+00
0.000000000000000000e+00
0.000000000000000000e+00
6.940347690095887145e-01
4.604216442025471645e-01
1.771503886640590081e-02
1.093284512404041064e-01
1.629903065163752052e+00
9.698025077022310869e-01
7.417350234534023645e-01
1.665489425122867351e+00
1.522935510604183917e-01
1.866757550305032431e+00
1.679610506824778859e+00
3.807407227472364153e-01
8.296906461695401358e-01
8.153351725229548985e-02
1.098577882764434577e+00
9.822266996813425188e-02
7.144211494277653562e-01
2.347465999570688133e+00
0.000000000000000000e+00
0.000000000000000000e+00
1.717279237417651760e+00
9.461951082596232743e-01
1.598777387683187001e+00
0.000000000000000000e+00
2.345855046336460692e+00
2.404127195251981597e-01
4.255217840198958767e-01
7.713045815981740549e-01
2.360463518523448823e+00
1.569667607965410605e+00
2.060274581480082023e+00
1.531177382938189835e+00
1.821878140531393520e+00
0.000000000000000000e+00
0.000000000000000000e+00
3.095267093081231380e+00
1.370943274744313989e+00
1.977878467108831403e-02
9.116290329655210023e-01
0.000000000000000000e+00
3.040800398232968993e-01
2.014786344460614220e+00
0.000000000000000000e+00
3.278412284568037183e-02
1.551339091021911865e-01
4.705094803857481911e-01
8.410589670013077779e-01
0.000000000000000000e+00
1.382924603084656479e+00
8.300495245595930216e-01
6.868809060371622310e-01
0.000000000000000000e+00
0.000000000000000000e+00
0.000000000000000000e+00
2.379758621704309574e-01
1.584730190756177548e-01
1.507763111709949477e+00
1.084307950161263134e+00
1.101974217586188409e+00
8.369814391700231004e-02
3.337608649564026697e-01
1.003397112454724738e+00
3.390161863553923238e-01
9.099380384134014843e-01
0.000000000000000000e+00
8.088573493913950307e-02
7.769035208956362459e-02
0.000000000000000000e+00
3.760058443282751073e-01
0.000000000000000000e+00
2.680125748650696860e-01
0.000000000000000000e+00
1.939773794271703045e+00
0.000000000000000000e+00
6.668028432916496551e-02
0.000000000000000000e+00
1.030209815172626442e+00
0.000000000000000000e+00
3.160490240989990984e-01
