# Ensemble C, m = 300.0, c_n/c_p = 0.729032258065, f = -0.998695652174
# lambda = [  4.67182188e-08  -3.40146636e-08   0.00000000e+00   1.73901395e-09]
#  
3.038291781571321959e+00
4.648246139935286791e+00
3.747394554915776332e+00
8.739527098562941410e-01
5.219158748817164906e+00
3.050466182581822672e+00
3.514631625438884743e+00
4.668707020680066044e+00
4.001415426555738897e+00
2.756557338787430034e+00
2.211757636460035314e+00
3.499129067895926593e+00
3.608520483388697464e+00
1.854113035500940310e+00
2.864956641193270759e+00
5.044399532192643143e+00
2.196378586984381709e+00
4.371742872523099344e+00
2.797411787937817085e+00
4.262867044345409084e+00
4.184881911635032203e+00
2.310881851636298112e+00
2.982414884693143975e+00
1.959161215347466678e+00
3.483027411166876863e+00
2.584893954156183948e+00
4.264645018859621217e+00
4.368032972560119020e+00
4.671901556767340757e+00
5.719291931378462479e+00
3.825077156893310182e+00
4.282388276624329748e+00
2.332994166239886091e+00
2.339258283121471216e+00
2.574346689666101806e+00
3.492352912151889477e+00
2.228389808469573019e+00
3.885490194770778061e+00
2.305133001576197938e+00
3.810980127328676303e+00
6.362207708097792569e+00
3.446327077514995896e+00
4.838434053869721474e+00
5.464383571598190770e+00
3.247338257607445655e+00
3.835180804374351826e+00
2.321205754956995992e+00
3.086333930650942747e+00
3.534607959455038362e+00
2.751905498237291692e+00
3.035796614717187758e+00
3.247937076704424442e+00
3.484912845318679953e+00
4.848980273402934138e+00
5.030985391074186630e+00
3.618793101810449553e+00
4.410635088756536426e+00
5.890933450582300779e+00
4.124886331063055245e+00
4.039247367902232710e+00
2.827593632598028428e+00
3.767838302749098922e+00
1.985627027654487398e+00
3.235517599078880924e+00
2.718822163016246130e+00
4.804370979075176962e+00
2.373305560876570741e+00
3.146390080269219514e+00
2.239028402834054354e+00
4.346205720434599407e+00
4.833783933310130898e+00
4.109013506564242135e+00
2.625996372117083144e+00
4.609190346040483277e+00
2.678098889140329231e+00
2.442834122715360934e+00
3.107480699692175108e+00
3.052196170632888172e+00
3.219394734216430631e+00
3.364745722088084090e+00
3.168146106322446531e+00
3.320615940489731521e+00
2.559129868494524729e+00
4.419099872599820955e+00
3.595451353723907228e+00
4.335351616736366154e+00
5.274695367877312968e+00
3.309222021507848055e+00
2.710382036097910952e+00
8.529041658072586962e-01
3.771099548042651683e+00
3.318188107129605768e+00
3.456533570718665960e+00
6.124937809521723286e-01
3.280235362753809447e+00
3.321573154986563470e+00
3.233000933355881124e+00
5.927038258094478707e+00
2.792175754371495344e+00
4.048531975817898143e+00
