# Ensemble C, m = 300.0, c_n/c_p = 0.651612903226, f = -0.965714285714
# lambda = [  1.16522650e-08  -7.33244281e-09   0.00000000e+00   1.97113707e-09]
#  
8.537407285934272005e-01
0.000000000000000000e+00
0.000000000000000000e+00
1.631377199601807271e-01
0.000000000000000000e+00
1.733919272015903124e+00
0.000000000000000000e+00
2.218463371951538754e+00
1.216400671099046260e+00
0.000000000000000000e+00
3.140230835215815031e+00
4.880506551401508353e-01
0.000000000000000000e+00
1.368212786429925110e-01
5.150831183772651700e-01
1.348791490092417167e+00
2.872655397204826322e+00
2.013499523285128490e+00
1.185839066754508231e+00
0.000000000000000000e+00
2.676459395445502487e+00
0.000000000000000000e+00
1.073916871775024040e+00
0.000000000000000000e+00
0.000000000000000000e+00
2.166910684240728191e+00
0.000000000000000000e+00
0.000000000000000000e+00
3.027169603291874900e-01
9.274361502553858383e-01
1.734904180037044830e+00
1.743901304976384514e+00
0.000000000000000000e+00
0.000000000000000000e+00
0.000000000000000000e+00
0.000000000000000000e+00
3.448662571707549196e-01
0.000000000000000000e+00
9.546527040009527773e-03
6.949965810096179197e-01
9.777568701713135191e-01
0.000000000000000000e+00
4.427348866564353447e-01
3.930867766229690030e+00
7.708376689476050814e-01
9.245394717733936840e-01
1.811794472157890511e-03
0.000000000000000000e+00
4.725127305670473454e-01
0.000000000000000000e+00
0.000000000000000000e+00
0.000000000000000000e+00
8.123531278341220574e-01
1.592887652970717202e-02
1.284389464188398611e+00
9.746255937562336991e-01
2.670372116946512220e-01
0.000000000000000000e+00
0.000000000000000000e+00
3.382835462280235905e-01
0.000000000000000000e+00
0.000000000000000000e+00
0.000000000000000000e+00
1.604799407529067246e+00
0.000000000000000000e+00
0.000000000000000000e+00
5.105751190984469945e-02
1.800831431845996700e-01
1.106787572944788606e-01
1.277908040421884411e-02
2.279665766948058003e-02
0.000000000000000000e+00
2.109398214280903794e+00
1.210008503284505828e-02
0.000000000000000000e+00
5.545713137355009481e-01
3.467143840437619140e+00
0.000000000000000000e+00
1.129444874371068330e+00
2.748695086154581135e-01
0.000000000000000000e+00
7.086432851011175149e-01
0.000000000000000000e+00
2.545775308748257970e+00
9.590589933528075317e-01
5.622607874902789682e-01
0.000000000000000000e+00
1.338444707257846034e+00
2.290418844526409092e+00
0.000000000000000000e+00
9.997918700079270193e-01
1.904104195652737808e+00
0.000000000000000000e+00
1.513472654933015304e+00
1.269811384346747118e+00
1.030268688538417549e-01
8.901458907352898242e-01
0.000000000000000000e+00
9.122385833734825145e-01
0.000000000000000000e+00
