# Ensemble C, m = 300.0, lambda = [  6.39128524e-09  -5.82761511e-09   0.00000000e+00   1.66722014e-09]
1.212010687571997369e+00
3.899158026920974268e-02
1.917350232433614243e+00
0.000000000000000000e+00
9.771641137478868089e-01
5.021929036734711360e-01
1.645039907258988965e+00
1.512256159365401448e-02
0.000000000000000000e+00
0.000000000000000000e+00
1.437731229293503166e+00
0.000000000000000000e+00
1.432203486118293068e-01
0.000000000000000000e+00
0.000000000000000000e+00
9.831759339696385380e-01
2.073812413463285154e+00
0.000000000000000000e+00
0.000000000000000000e+00
0.000000000000000000e+00
7.897835593591684411e-02
0.000000000000000000e+00
3.193416856836947537e-01
0.000000000000000000e+00
2.032814141137872177e+00
0.000000000000000000e+00
9.066745822479699290e-01
0.000000000000000000e+00
2.551581854552762135e-03
1.026056291321719049e+00
7.917896311895789019e-01
1.436905224790823166e+00
0.000000000000000000e+00
1.240705470457865722e+00
0.000000000000000000e+00
0.000000000000000000e+00
8.358216661081609503e-03
1.602375057048587070e+00
2.207364904302575148e+00
4.154424684649126731e-01
6.571686614887082278e-01
1.299683666176490338e+00
1.316992558118143808e-01
0.000000000000000000e+00
1.056407816936094646e+00
0.000000000000000000e+00
1.691310404119911848e+00
3.067438167083033629e-01
1.113873822840400374e+00
0.000000000000000000e+00
5.949893507502562739e-01
6.295792612511974529e-01
1.604462994913024854e-01
5.875532696750728201e-01
0.000000000000000000e+00
0.000000000000000000e+00
0.000000000000000000e+00
9.849160518787066776e-01
1.505448551822051506e+00
2.151983621586354367e+00
1.254746546679448738e+00
0.000000000000000000e+00
7.159840333238838561e-02
0.000000000000000000e+00
2.574607679076707623e+00
7.064448676270532745e-01
0.000000000000000000e+00
0.000000000000000000e+00
0.000000000000000000e+00
2.290758782255383874e+00
0.000000000000000000e+00
2.283484242726633306e-01
0.000000000000000000e+00
1.742441963204070521e-01
0.000000000000000000e+00
0.000000000000000000e+00
1.767079512862819390e+00
0.000000000000000000e+00
5.218171198141663414e-01
2.556530045023388986e+00
6.482912084026698496e-02
0.000000000000000000e+00
0.000000000000000000e+00
0.000000000000000000e+00
0.000000000000000000e+00
0.000000000000000000e+00
1.042087675694002361e-02
1.458202733655715733e+00
3.553770673207894970e-01
1.532994904053603502e+00
0.000000000000000000e+00
1.382131837482917791e-01
2.770462991751219128e-01
0.000000000000000000e+00
0.000000000000000000e+00
1.431414216819651142e-01
0.000000000000000000e+00
0.000000000000000000e+00
1.599324259627761480e+00
0.000000000000000000e+00
