# Ensemble C, m = 300.0, lambda = [  9.03615383e-09  -6.86331278e-09   0.00000000e+00   2.07672935e-09]
0.000000000000000000e+00
1.794772620800004992e+00
2.153284161225709425e+00
8.061964039449455166e-01
1.658506939605432606e+00
8.515751577980040787e-01
0.000000000000000000e+00
9.680367274375154540e-01
0.000000000000000000e+00
5.998288802191938940e-01
0.000000000000000000e+00
1.039044100506642809e-01
0.000000000000000000e+00
2.408441909495168787e+00
0.000000000000000000e+00
0.000000000000000000e+00
3.729698032378604977e-01
0.000000000000000000e+00
1.034787614936368838e+00
6.006475040851805280e-01
5.950434120720522468e-01
4.616620999671826597e-01
1.554325842659327828e+00
1.382815664395848465e+00
0.000000000000000000e+00
1.079959334372284641e+00
4.711701834760367164e-02
2.347054381389658204e-02
1.017413697969648867e+00
1.425801518222911568e+00
1.524485610517677614e+00
6.900738923753847454e-01
0.000000000000000000e+00
0.000000000000000000e+00
0.000000000000000000e+00
0.000000000000000000e+00
0.000000000000000000e+00
3.492639001942923760e-01
1.591226683097649142e+00
0.000000000000000000e+00
9.037895582700818109e-02
2.031983991384393562e+00
0.000000000000000000e+00
7.172030202471698646e-01
1.083454015528869219e+00
0.000000000000000000e+00
2.717245845718194337e-03
0.000000000000000000e+00
0.000000000000000000e+00
9.005746402048840915e-01
1.167325483285432064e+00
1.235935229117875789e+00
1.357847135198138044e+00
5.502762154926395255e-02
0.000000000000000000e+00
0.000000000000000000e+00
0.000000000000000000e+00
3.852220214164902568e-01
1.744483021156119751e+00
1.211807712056307995e+00
1.617941568896587023e-01
0.000000000000000000e+00
0.000000000000000000e+00
1.394157322053282133e+00
4.344472918419037821e-01
1.903640276868429959e+00
9.976039908250819988e-01
1.770800807581634162e+00
9.682514259187983141e-01
0.000000000000000000e+00
1.134805972442631594e+00
2.034689663078603328e+00
1.498462378428193187e+00
6.945177576798775565e-01
0.000000000000000000e+00
0.000000000000000000e+00
6.090203581937035648e-02
2.251304831541368345e-01
1.041842106910816357e+00
2.903106961583239998e-01
0.000000000000000000e+00
5.168652933861731524e-01
0.000000000000000000e+00
1.260337472743515264e+00
1.607374634996282525e+00
1.620125738037253571e+00
0.000000000000000000e+00
2.660157387510619920e-01
9.745363932500588841e-03
0.000000000000000000e+00
6.382920908087359735e-02
4.272835872451090644e-01
2.241653531718674486e-01
9.120521366874064784e-01
0.000000000000000000e+00
2.161753709579640415e+00
1.895791748609671479e-01
0.000000000000000000e+00
1.996075787028239734e-01
6.755980828224819046e-01
