# Ensemble C, m = 300.0, lambda = [  7.93557883e-09  -7.32153142e-09   0.00000000e+00   1.22682670e-09]
0.000000000000000000e+00
9.084319036121329960e-01
5.458464831086188296e-01
9.014801477504531535e-01
1.267999807487215191e+00
5.482831251097753933e-01
0.000000000000000000e+00
1.595533471668570513e+00
0.000000000000000000e+00
0.000000000000000000e+00
0.000000000000000000e+00
0.000000000000000000e+00
0.000000000000000000e+00
0.000000000000000000e+00
9.741571474108031703e-01
0.000000000000000000e+00
2.351964200767603153e+00
0.000000000000000000e+00
0.000000000000000000e+00
0.000000000000000000e+00
0.000000000000000000e+00
9.684479600296074242e-01
1.694054033677714566e+00
1.367810582144358911e+00
7.103169555800740165e-01
0.000000000000000000e+00
1.579875440974937817e+00
0.000000000000000000e+00
4.641133334466647775e-01
4.820606486954204239e-01
2.975198239725481142e-01
2.809596829414811925e+00
1.407048223890008609e+00
5.011929572808600242e-02
1.843607051341981246e-02
8.289888443753795633e-01
0.000000000000000000e+00
0.000000000000000000e+00
1.871857847019814169e+00
5.831535910234665332e-01
0.000000000000000000e+00
9.882596277138132324e-03
1.297838537965612549e+00
0.000000000000000000e+00
1.086924392321414468e+00
0.000000000000000000e+00
7.206771851759345981e-01
0.000000000000000000e+00
8.830305948743482070e-01
0.000000000000000000e+00
0.000000000000000000e+00
1.367727639906890058e+00
1.660562325648116566e+00
1.064757692632613661e+00
1.810056624893306015e-02
7.575064890424826336e-02
0.000000000000000000e+00
1.265793791655975276e-02
9.207642279498781113e-01
3.253900021234660822e-01
9.145109620261393513e-01
5.310627246265324786e-01
0.000000000000000000e+00
0.000000000000000000e+00
0.000000000000000000e+00
0.000000000000000000e+00
0.000000000000000000e+00
0.000000000000000000e+00
1.192724646539547462e-02
3.945064266802245645e-01
1.410149840729894299e-01
0.000000000000000000e+00
2.750462685350454906e-01
0.000000000000000000e+00
0.000000000000000000e+00
0.000000000000000000e+00
1.039474400167680890e-01
1.506277592451901404e+00
4.002640094404250615e-01
0.000000000000000000e+00
0.000000000000000000e+00
0.000000000000000000e+00
0.000000000000000000e+00
1.759283406260429228e+00
0.000000000000000000e+00
0.000000000000000000e+00
0.000000000000000000e+00
2.930482042771804241e-01
6.057441801849191565e-01
0.000000000000000000e+00
0.000000000000000000e+00
0.000000000000000000e+00
5.937454556002363069e-03
0.000000000000000000e+00
0.000000000000000000e+00
0.000000000000000000e+00
0.000000000000000000e+00
6.400564109050819184e-01
0.000000000000000000e+00
5.027514048327298424e-01
