# Ensemble C, m = 300.0, c_n/c_p = 0.767741935484, f = -0.957142857143
# lambda = [  9.52733793e-09  -7.00105671e-09   0.00000000e+00   2.11840847e-09]
#  
1.961802425709710196e+00
1.728228043361485389e+00
3.502826939881934550e-03
0.000000000000000000e+00
1.698463060529595836e+00
1.497364735285807436e-01
0.000000000000000000e+00
0.000000000000000000e+00
1.414393302398019303e+00
2.214832294656717826e-01
8.158820934335552222e-01
0.000000000000000000e+00
0.000000000000000000e+00
8.897916259233838721e-02
1.299007310615169164e+00
2.423721486402485858e+00
3.106626505649645043e-01
1.873360567454470105e-01
7.399215651090949031e-01
1.039553821782350562e+00
1.679073557140062789e+00
5.744506363315547981e-01
1.386425585886809364e-01
1.198033331621824349e+00
4.693339984388321395e-02
6.301455551344388173e-01
1.385947123190250374e-01
8.197421216307533565e-02
8.966073602940495268e-01
1.198358994489802543e+00
7.653415152960538759e-01
9.973699984379837125e-02
3.728374507076234190e-01
0.000000000000000000e+00
0.000000000000000000e+00
3.117959362655129962e-01
2.140289588474471663e-02
0.000000000000000000e+00
1.747847695784928934e+00
2.541336367731200085e-01
1.479482340652048533e-01
0.000000000000000000e+00
1.610620277254026442e-02
0.000000000000000000e+00
0.000000000000000000e+00
1.423737531540690160e+00
0.000000000000000000e+00
1.800827600194690792e+00
2.195936878247711554e+00
8.571417537496712757e-01
1.492246291826767823e+00
2.605454512415412704e-01
1.112210052230567514e-01
0.000000000000000000e+00
6.472855387338605215e-01
1.438484330000140865e+00
0.000000000000000000e+00
0.000000000000000000e+00
1.285156322275159635e+00
4.250214449684142637e-01
0.000000000000000000e+00
7.998969779844937456e-02
1.644177555530027812e-01
1.977653414231399953e+00
7.438335495267441866e-01
1.178285275795752263e+00
3.200997857905476529e-01
0.000000000000000000e+00
0.000000000000000000e+00
1.377991157587659554e+00
0.000000000000000000e+00
7.224323714873950308e-01
1.131624655467696437e-02
5.821003773195687625e-01
6.649621599439223818e-01
1.604798776291330512e-02
1.744481716559238782e+00
1.535331076905071812e-01
2.645669867470734182e+00
1.946687835137386746e-01
1.456928345351315768e+00
2.328967518263389991e+00
2.273488456591584050e+00
1.126649536446796329e+00
0.000000000000000000e+00
0.000000000000000000e+00
1.230140208857805756e-02
2.319966853436277177e-01
2.711315574126433869e+00
8.897564593185853798e-01
1.839989356400257625e+00
2.398957231817420988e-02
1.771529597050425675e+00
1.033413553572339882e-01
0.000000000000000000e+00
4.947438826912438359e-02
8.467441405394252607e-01
0.000000000000000000e+00
5.369255255194978899e-02
0.000000000000000000e+00
