# Ensemble C, m = 300.0, c_n/c_p = 0.664516129032, f = -0.961428571429
# lambda = [  1.10922841e-08  -7.08669160e-09   0.00000000e+00   2.02742884e-09]
#  
0.000000000000000000e+00
0.000000000000000000e+00
1.098278175574763038e+00
1.006138296080540728e+00
7.090154161588007042e-01
3.231827118541492072e-01
1.048058077260587639e+00
1.495404801520155980e+00
6.857915708614567007e-01
0.000000000000000000e+00
0.000000000000000000e+00
8.072871343475989114e-01
5.082435866311917350e-01
0.000000000000000000e+00
1.506949116096198416e-02
0.000000000000000000e+00
2.158663743273651292e+00
1.206195377297807791e+00
1.186922362029361189e+00
1.593550921189436087e+00
0.000000000000000000e+00
1.088461312855774743e+00
1.200960418256563189e+00
8.102732560151219010e-01
1.453268666008821972e-02
1.065119543758560466e-01
0.000000000000000000e+00
0.000000000000000000e+00
7.002912367734874799e-01
2.199358058848084330e+00
0.000000000000000000e+00
2.596065022224668950e-01
8.284421057364868002e-01
0.000000000000000000e+00
0.000000000000000000e+00
6.131081964977520560e-01
0.000000000000000000e+00
1.903010761965258757e+00
0.000000000000000000e+00
0.000000000000000000e+00
0.000000000000000000e+00
0.000000000000000000e+00
7.596967249732743399e-01
1.195454387143632502e+00
5.913062484920716955e-01
3.054061490560457948e-01
7.445577793712102599e-01
9.161942009532429987e-01
0.000000000000000000e+00
2.494070261001434918e+00
0.000000000000000000e+00
4.805243715810220695e-01
5.157443482140932067e-01
1.227411248156543788e+00
4.930087296150625908e-01
2.680755048335058177e+00
5.121457956996418037e-01
2.440955120367869699e-02
0.000000000000000000e+00
2.142698055389912426e+00
2.143844739005338618e-01
0.000000000000000000e+00
2.234182808578078827e+00
9.311267291728524409e-01
6.014047783996341601e-03
2.466600830116963683e-01
1.704859278843395831e-01
1.779488812348460458e+00
6.896555806534533373e-01
8.564589406588749565e-01
3.063660852479471952e+00
8.852274540005532488e-01
2.233991621767780877e+00
1.330768492987734808e+00
1.493340851054309804e+00
1.072272605061856066e+00
0.000000000000000000e+00
8.365498031622413400e-02
4.168669317477741165e-01
1.281944244730212290e+00
1.569847628925391536e-01
0.000000000000000000e+00
7.724919265087372144e-01
7.604620614653778699e-01
1.114472091806567366e+00
8.106608532976110615e-01
8.040216687968393394e-01
0.000000000000000000e+00
0.000000000000000000e+00
0.000000000000000000e+00
2.162479079744289212e+00
2.532938803598143718e-01
1.723332282108719582e+00
7.214206144408031873e-01
0.000000000000000000e+00
4.247240651754505825e-01
1.602855911198215744e-01
2.299073334177417216e+00
0.000000000000000000e+00
0.000000000000000000e+00
