# Ensemble C, m = 300.0, c_n/c_p = 0.935483870968, f = -0.998695652174
# lambda = [  9.00871854e-09  -8.41651848e-09   0.00000000e+00   4.30298038e-10]
#  
0.000000000000000000e+00
0.000000000000000000e+00
0.000000000000000000e+00
3.830470979601627857e-01
1.281043741191818741e+00
9.749404280501479114e-01
6.481135811804686897e-01
4.306070933540336321e-01
1.239932912283290500e+00
8.109167333715148196e-01
0.000000000000000000e+00
5.003931033027050335e-01
0.000000000000000000e+00
5.067570506463990876e-01
2.168213606887340050e-01
8.075815629433645837e-01
1.306105675810609767e+00
3.923768017028857469e-01
8.247497763618338862e-01
1.682863375936311412e+00
0.000000000000000000e+00
1.486357601577528165e+00
2.395134141601713562e-01
7.160586870281133998e-02
0.000000000000000000e+00
9.723759439434144225e-01
4.997116664078158910e-01
0.000000000000000000e+00
0.000000000000000000e+00
0.000000000000000000e+00
0.000000000000000000e+00
4.381859097903165190e-01
0.000000000000000000e+00
3.921088810243693046e-01
0.000000000000000000e+00
4.002781084627535790e-01
0.000000000000000000e+00
9.479241779835301251e-01
1.591965566504507157e+00
0.000000000000000000e+00
0.000000000000000000e+00
1.047494155451404341e+00
9.467726134437169927e-01
0.000000000000000000e+00
0.000000000000000000e+00
0.000000000000000000e+00
1.163002987623947604e+00
9.802246744687626023e-01
0.000000000000000000e+00
0.000000000000000000e+00
0.000000000000000000e+00
2.312115823046329566e-01
6.222910894106697954e-01
0.000000000000000000e+00
1.113443479720684470e+00
5.360898891438801162e-01
0.000000000000000000e+00
6.903606180772705603e-01
1.416035901060122004e+00
0.000000000000000000e+00
2.702315106643479181e-01
9.661276369907204620e-01
0.000000000000000000e+00
8.354319068439786111e-02
1.636267335238221543e+00
0.000000000000000000e+00
1.459027704938523767e-02
1.353840576566340825e+00
0.000000000000000000e+00
0.000000000000000000e+00
0.000000000000000000e+00
2.503416617164603772e-02
1.069450590855831329e-01
0.000000000000000000e+00
1.391378675910330820e+00
1.261086988447363832e-01
1.435492265513689247e-01
0.000000000000000000e+00
0.000000000000000000e+00
0.000000000000000000e+00
1.919851745142563182e+00
3.181005918631149010e-01
6.569074881619022532e-01
7.923516966078933965e-01
1.844586771893148125e+00
7.060297191143954931e-01
7.762737538064701237e-01
0.000000000000000000e+00
2.614383598572374012e-01
1.033684242469056491e-01
4.164187924885649483e-01
0.000000000000000000e+00
3.683842844344766693e-02
8.543896863907606276e-01
1.809248334988568629e+00
6.214852000621603478e-01
1.052328204152238156e+00
0.000000000000000000e+00
1.063184295355757758e+00
1.756689459829176292e-01
