# Ensemble C, m = 300.0, c_n/c_p = 0.78064516129, f = -0.994782608696
# lambda = [  1.95501477e-08  -1.51821018e-08   0.00000000e+00   1.55696269e-09]
#  
2.282617764388049419e+00
2.040365195397803699e+00
1.882336910803147578e+00
2.573541256669658051e+00
1.310249132982783671e+00
1.670620181895785095e+00
2.878526478176393510e+00
2.234840860518974459e+00
2.559517539040186307e+00
1.113596349608199088e-01
3.141745519947632292e+00
1.371806935070301714e+00
2.359712831680724765e+00
1.856981108950465753e+00
2.706451580482370556e+00
2.721703402828640872e+00
1.343377268455605122e+00
1.977360243315702037e+00
1.125519700423772917e+00
2.431712383497564467e+00
1.322292746175124378e+00
2.066846935039595934e+00
2.012578385219058852e+00
2.020464228643374049e+00
1.744223661062382469e+00
2.265853038524884067e+00
1.609727531683460056e+00
2.468623471243963863e+00
2.588117170778393650e+00
1.788170145342210082e+00
2.680457606283019434e+00
2.615636803352998641e+00
0.000000000000000000e+00
2.772134554019194397e+00
2.041102834842100755e+00
2.705262865764038960e+00
1.973551711409508247e+00
1.151910571297580788e+00
2.544151175145704880e+00
2.646201242691191169e+00
2.451362577181225078e+00
1.347323731261620861e+00
2.369926770446265873e+00
2.640887888541813666e+00
2.724762545146199422e+00
2.035177688246327499e+00
2.852024577871350886e+00
2.776599674725598099e+00
2.749396039585278562e+00
2.660848856825598574e+00
2.965421494440628747e-01
2.260674623777506831e+00
0.000000000000000000e+00
1.419683383836004342e+00
1.720999096549767279e-02
1.343513257365513747e+00
1.234081739889991702e+00
7.571233377326617164e-01
2.579619568932947526e+00
1.699004261330685051e+00
2.117890502216225990e+00
1.551388136931373563e+00
1.142073618034894711e+00
2.169316093602304818e+00
2.075494905293078673e+00
2.785584554809641844e+00
1.870504462543178148e+00
1.413110048135170382e+00
8.813398027375587418e-01
2.455908254793162104e+00
4.009199195618811662e-01
1.360186140807992050e+00
1.626299249454464135e+00
0.000000000000000000e+00
1.872214210244676380e+00
1.686910962040043316e+00
1.870192320594589841e+00
2.565868635161591804e+00
2.370114401516913993e+00
1.517619411159553788e+00
2.142420879534898237e+00
8.625178010253933270e-01
2.539889513246288644e+00
1.897657038404693353e+00
2.112124607509523688e+00
1.540968409947449214e+00
1.161094799472998762e+00
1.258286379362977048e+00
1.251663788584196357e+00
1.782372747896277421e+00
1.867003587299189915e+00
1.737480453135488601e+00
2.575157573940733524e+00
2.406500769439075427e+00
2.829000731673180891e+00
5.294231101930041428e-01
2.611845651292149295e+00
2.445125605560385829e+00
2.581672139906627361e+00
2.706543586904831322e+00
