# Ensemble C, m = 300.0, c_n/c_p = 0.858064516129, f = -0.994782608696
# lambda = [  1.21964711e-08  -1.04107572e-08   0.00000000e+00   1.06764932e-09]
#  
6.632883986022503064e-01
1.239177822485785452e+00
1.308305616124027182e+00
3.689524577852990733e-02
3.071631821252278072e-01
8.695010361636341667e-01
1.150498172145974385e+00
1.836893823681478910e+00
1.685451920130859982e+00
4.767282415243779825e-01
0.000000000000000000e+00
1.472224144902681608e+00
0.000000000000000000e+00
3.710337566146024724e-01
1.762263620052685109e+00
3.174207352198610277e-01
5.608498388082392427e-01
1.816025231151230379e+00
1.160893608153841683e+00
8.399070920533796558e-01
1.028869718937298616e+00
9.440591838218277410e-01
1.093041767431196742e+00
0.000000000000000000e+00
8.804977877941182474e-01
5.536893203287850396e-01
0.000000000000000000e+00
6.522978894955718809e-01
1.801715141357620009e+00
0.000000000000000000e+00
1.301574055225996229e+00
0.000000000000000000e+00
0.000000000000000000e+00
0.000000000000000000e+00
1.984935830237698928e+00
1.830858722105640934e+00
1.611588619025786651e-01
1.426776159130782373e+00
0.000000000000000000e+00
0.000000000000000000e+00
3.026338163187746177e-01
6.410126905659979668e-02
6.621211586202280230e-01
8.397678593863935337e-01
1.501438291046430784e+00
0.000000000000000000e+00
0.000000000000000000e+00
0.000000000000000000e+00
0.000000000000000000e+00
0.000000000000000000e+00
0.000000000000000000e+00
1.690275272325212796e+00
6.531431067337257756e-01
0.000000000000000000e+00
6.696688369482558523e-01
0.000000000000000000e+00
0.000000000000000000e+00
0.000000000000000000e+00
0.000000000000000000e+00
6.032595955162485257e-01
1.068283121485827269e+00
0.000000000000000000e+00
8.894824202034160021e-02
2.262778506883565410e-01
1.854385905081556984e+00
1.039227449683550297e+00
6.382265444343768745e-01
1.150059863861025572e-02
6.873268821191108602e-01
3.876469730612671638e-01
0.000000000000000000e+00
1.862093768401016369e+00
1.674381057492057456e+00
1.309796417219974973e+00
0.000000000000000000e+00
6.069287383736181318e-02
1.590647046066995918e+00
1.158950289301720726e+00
1.289523564855137083e+00
1.791834935979160104e+00
0.000000000000000000e+00
1.159578839076730539e+00
0.000000000000000000e+00
1.857840505629571481e+00
5.770526601901879715e-01
1.967170931349473850e+00
1.497941357104874305e+00
0.000000000000000000e+00
4.996539945848283565e-02
0.000000000000000000e+00
0.000000000000000000e+00
2.735051095919247000e-01
1.005718387777551071e+00
1.194616434057077958e+00
1.286929567905590321e+00
0.000000000000000000e+00
5.415322364827176438e-01
5.814496088029903476e-01
8.435958005615109556e-01
0.000000000000000000e+00
