# Ensemble C, m = 300.0, c_n/c_p = 0.78064516129, f = -0.972608695652
# lambda = [  1.12464903e-08  -8.53903578e-09   0.00000000e+00   2.04078622e-09]
#  
0.000000000000000000e+00
2.597204954932269327e+00
6.767495185929467416e-01
7.491741306699833958e-01
2.546019348209401123e+00
1.431123979406003111e+00
9.700659854037292362e-01
2.073473892436187072e+00
7.574408735937372406e-01
0.000000000000000000e+00
3.810215052432167765e-02
1.896073704986236841e+00
8.375571221784958720e-01
4.002470383775383334e-02
1.883382121922773031e-02
0.000000000000000000e+00
8.904776652079627874e-01
0.000000000000000000e+00
0.000000000000000000e+00
2.430486921841149700e-02
1.319408522214014223e-01
1.079996246620877232e+00
0.000000000000000000e+00
5.067938877652431451e-01
0.000000000000000000e+00
8.694404405016574744e-01
8.512942224165324090e-01
2.717705698610044962e+00
9.694373455086806590e-01
8.363869761994411345e-01
2.348285709527964116e+00
2.194787959168201130e+00
0.000000000000000000e+00
2.224377468582310752e-02
5.235900675534104209e-01
1.740890222518103103e+00
0.000000000000000000e+00
1.462450592844348973e+00
1.298332225650492555e+00
2.058643158617977642e-01
0.000000000000000000e+00
2.695487410779263460e+00
3.137885481425958023e+00
1.450219990900809774e+00
8.781481969748801408e-02
0.000000000000000000e+00
1.530943461250519610e-01
0.000000000000000000e+00
0.000000000000000000e+00
0.000000000000000000e+00
0.000000000000000000e+00
7.159186700101732859e-01
1.389481463410410678e+00
1.120219261162271884e+00
1.071577875033091320e+00
1.590948242988338812e+00
2.210584185098203758e+00
1.034210131000150357e+00
1.461580983063251349e+00
1.849930504558658928e+00
6.761286214428190444e-01
4.383585132169122607e-03
2.557684700885642037e+00
0.000000000000000000e+00
1.959430180705453273e+00
1.417163131363923467e+00
0.000000000000000000e+00
1.591034923386516420e+00
1.044808738333301346e+00
9.615853835539870387e-01
2.207454049728127643e+00
0.000000000000000000e+00
0.000000000000000000e+00
4.595393602725444948e-01
1.660085172569177869e-01
4.587246169943567931e-01
2.380682761902361388e+00
1.719725121774573928e+00
5.386540449271454145e-01
7.505893644969396927e-01
0.000000000000000000e+00
0.000000000000000000e+00
2.266178053324954464e-02
0.000000000000000000e+00
0.000000000000000000e+00
8.266447512235276518e-01
0.000000000000000000e+00
1.349311824051354636e-01
3.282388259600508285e-01
0.000000000000000000e+00
5.650057780975094313e-02
1.586558032121941686e+00
2.065198676287091292e-02
0.000000000000000000e+00
2.538097282915768638e+00
0.000000000000000000e+00
0.000000000000000000e+00
7.485620564062281934e-01
0.000000000000000000e+00
1.486404784917896515e+00
