# Ensemble C, m = 300.0, lambda = [  6.25595442e-09  -6.13083533e-09   0.00000000e+00   1.24491921e-09]
0.000000000000000000e+00
4.240061123649075392e-01
0.000000000000000000e+00
1.819804502153341774e+00
0.000000000000000000e+00
6.902260905368797772e-01
0.000000000000000000e+00
0.000000000000000000e+00
0.000000000000000000e+00
9.471515792937099457e-03
0.000000000000000000e+00
0.000000000000000000e+00
0.000000000000000000e+00
2.193306972182129222e+00
0.000000000000000000e+00
0.000000000000000000e+00
0.000000000000000000e+00
4.302699917694559062e-01
0.000000000000000000e+00
0.000000000000000000e+00
0.000000000000000000e+00
4.784222600405837467e-01
0.000000000000000000e+00
1.530835677230081959e+00
0.000000000000000000e+00
1.763905686260891281e+00
1.110089501083520247e-03
0.000000000000000000e+00
0.000000000000000000e+00
0.000000000000000000e+00
0.000000000000000000e+00
0.000000000000000000e+00
0.000000000000000000e+00
0.000000000000000000e+00
0.000000000000000000e+00
3.777087538131904121e-01
5.433413720468601577e-02
1.224596359953573188e+00
1.167583523454554850e+00
0.000000000000000000e+00
0.000000000000000000e+00
0.000000000000000000e+00
3.093731489684465024e-03
6.721587076631519997e-01
0.000000000000000000e+00
0.000000000000000000e+00
0.000000000000000000e+00
1.084269600533383171e+00
2.214114585318613937e-01
0.000000000000000000e+00
5.683652885133385624e-01
0.000000000000000000e+00
2.124499218374164222e+00
0.000000000000000000e+00
0.000000000000000000e+00
0.000000000000000000e+00
0.000000000000000000e+00
2.105242843497717509e+00
0.000000000000000000e+00
7.487111900983062229e-02
7.264515329975206326e-01
0.000000000000000000e+00
9.022521499367338604e-01
3.785886048582596808e-01
6.812966494676576668e-01
0.000000000000000000e+00
0.000000000000000000e+00
0.000000000000000000e+00
1.230736192451720612e+00
0.000000000000000000e+00
0.000000000000000000e+00
4.668780782947265506e-02
1.430505084938397564e+00
0.000000000000000000e+00
1.735970759767055061e+00
0.000000000000000000e+00
0.000000000000000000e+00
0.000000000000000000e+00
1.547553037036761614e+00
8.489421837550072125e-02
0.000000000000000000e+00
0.000000000000000000e+00
1.174034671581906331e+00
1.778135427619165210e+00
0.000000000000000000e+00
3.741796797493322502e-01
0.000000000000000000e+00
1.374207443902653925e+00
0.000000000000000000e+00
1.672495033381822926e+00
1.109201553740710278e+00
1.262973149910247450e+00
1.181030304211333704e+00
0.000000000000000000e+00
0.000000000000000000e+00
5.137432373896707594e-01
0.000000000000000000e+00
1.948920544932339460e+00
6.869727609619273867e-01
2.893040007105455169e-01
