# Ensemble C, m = 300.0, c_n/c_p = 0.896774193548, f = -0.94
# lambda = [  6.35410249e-09  -5.35630343e-09   0.00000000e+00   1.94407855e-09]
#  
3.244620208624521274e-02
1.692316388829790519e+00
0.000000000000000000e+00
1.301904496526065991e+00
0.000000000000000000e+00
4.300898700901836236e-01
8.017038757013965622e-01
0.000000000000000000e+00
5.661810906558618628e-01
0.000000000000000000e+00
1.128265486787355804e-01
0.000000000000000000e+00
0.000000000000000000e+00
1.665792638150131455e-01
1.407960553727112485e+00
0.000000000000000000e+00
9.916048785842507263e-02
0.000000000000000000e+00
0.000000000000000000e+00
2.959189060819497619e-01
0.000000000000000000e+00
8.010052312847673606e-02
0.000000000000000000e+00
0.000000000000000000e+00
0.000000000000000000e+00
1.852534862268738133e-02
0.000000000000000000e+00
0.000000000000000000e+00
0.000000000000000000e+00
0.000000000000000000e+00
8.276260066358961387e-01
1.266688568586726404e+00
8.652911048545801620e-01
1.629564465751334040e-02
5.588406929932333567e-01
7.419888801483268681e-01
1.156511402665658973e-02
0.000000000000000000e+00
0.000000000000000000e+00
2.837217025913944535e-01
1.072221775706272640e+00
0.000000000000000000e+00
0.000000000000000000e+00
0.000000000000000000e+00
7.849257203159695218e-01
1.515612443554595234e+00
9.264299683972354593e-01
2.024604755549802348e+00
0.000000000000000000e+00
4.269678052502905163e-02
8.031570227446273025e-01
0.000000000000000000e+00
6.324245063591962257e-01
3.138714649928993072e-01
6.646184744673502842e-02
0.000000000000000000e+00
9.358921278133739419e-01
0.000000000000000000e+00
3.903157034888340426e-01
3.982252143349497842e-01
6.613124566544343295e-03
0.000000000000000000e+00
1.167423163286035320e-01
0.000000000000000000e+00
0.000000000000000000e+00
0.000000000000000000e+00
1.198692354794633097e+00
0.000000000000000000e+00
0.000000000000000000e+00
2.264268337651170471e-01
1.374684757335027152e+00
0.000000000000000000e+00
0.000000000000000000e+00
1.233688667873791722e+00
0.000000000000000000e+00
1.125273088672861910e+00
2.205831531504069520e+00
6.350016827334253877e-01
0.000000000000000000e+00
1.047601294156497609e+00
0.000000000000000000e+00
6.909045338798794900e-01
0.000000000000000000e+00
0.000000000000000000e+00
0.000000000000000000e+00
2.116098858979168218e-01
6.160766790449220646e-03
5.752642527272287983e-03
1.128265486787355804e-01
2.997648794143656370e-01
0.000000000000000000e+00
1.030719094872408967e-02
2.076349832740399248e-01
3.400776947510860126e-01
3.609086533326309465e-01
1.427408307203326565e+00
3.231337827664025331e-01
0.000000000000000000e+00
1.828392821061151530e+00
3.726016034594116233e-01
