# Ensemble C, m = 300.0, c_n/c_p = 1.0, f = -0.944285714286
# lambda = [  5.23672857e-09  -4.94496798e-09   0.00000000e+00   1.72354803e-09]
#  
6.278191479032066979e-01
1.650927249743914249e+00
3.912323274938173112e-01
2.309335305293612750e-01
0.000000000000000000e+00
6.774084860866425029e-01
5.931987468903940908e-01
1.124747838478602269e+00
0.000000000000000000e+00
1.918500948066661049e+00
3.926303343167867332e-01
3.446944234078690439e-01
0.000000000000000000e+00
1.186545453752207990e+00
1.536762719488630746e-01
1.196936897256129395e+00
0.000000000000000000e+00
1.500601588175296680e-02
0.000000000000000000e+00
8.768403623062492880e-01
0.000000000000000000e+00
1.318604082922927745e+00
0.000000000000000000e+00
1.422737737856359486e+00
1.634483835751462111e-01
5.550163868322997018e-01
1.069347117918879375e+00
0.000000000000000000e+00
3.811566869338360863e-01
0.000000000000000000e+00
6.442767272418445934e-01
1.374007985848889390e+00
0.000000000000000000e+00
4.444086950349699916e-01
9.572344133712466872e-04
0.000000000000000000e+00
0.000000000000000000e+00
1.637025768279540827e+00
8.077785837061507435e-02
1.045417810063186348e+00
6.333292886322271220e-02
7.904865569218718635e-01
0.000000000000000000e+00
0.000000000000000000e+00
2.598757446800682658e+00
0.000000000000000000e+00
1.626707714011931483e+00
7.864653572031933271e-01
0.000000000000000000e+00
4.878535178220389512e-01
1.267372399962324980e+00
9.555279286174467313e-01
1.556050062427809522e-01
1.230334504132237994e+00
0.000000000000000000e+00
1.262480269948593886e-02
0.000000000000000000e+00
0.000000000000000000e+00
0.000000000000000000e+00
0.000000000000000000e+00
6.291512633860421033e-01
0.000000000000000000e+00
0.000000000000000000e+00
0.000000000000000000e+00
0.000000000000000000e+00
4.353368652038698827e-01
8.219737329007686943e-01
0.000000000000000000e+00
0.000000000000000000e+00
0.000000000000000000e+00
0.000000000000000000e+00
2.080948826790552861e-02
2.318771853538249772e+00
4.174546979038493699e-01
3.636950959745703926e-01
1.103702614527082071e+00
0.000000000000000000e+00
7.565718649077135538e-01
0.000000000000000000e+00
3.957975980627634338e-01
1.136743345034993968e+00
1.312103943464707712e+00
1.187225085770975130e-01
1.276490120936712547e+00
0.000000000000000000e+00
6.874730336080658866e-01
1.714382212484275581e+00
1.239886693506984106e+00
1.297391999647918778e-02
0.000000000000000000e+00
9.812860910561854721e-02
4.769624784583921251e-01
0.000000000000000000e+00
0.000000000000000000e+00
0.000000000000000000e+00
0.000000000000000000e+00
6.466439388440218261e-01
1.761335239083619442e+00
1.230940007790984669e+00
0.000000000000000000e+00
