# Ensemble C, m = 300.0, c_n/c_p = 0.716129032258, f = -0.94
# lambda = [  8.71096779e-09  -5.86388632e-09   0.00000000e+00   2.12830654e-09]
#  
0.000000000000000000e+00
0.000000000000000000e+00
9.409494907430828725e-01
6.622950066330302032e-02
1.358707120753425590e+00
5.457623481176476776e-01
0.000000000000000000e+00
0.000000000000000000e+00
2.392397821700634086e+00
1.940640626653527878e+00
0.000000000000000000e+00
0.000000000000000000e+00
1.944197315026562761e-02
0.000000000000000000e+00
1.026339906815318725e+00
0.000000000000000000e+00
7.856294696897960991e-03
0.000000000000000000e+00
0.000000000000000000e+00
6.810274450742452856e-01
8.837808823709134565e-01
0.000000000000000000e+00
3.369085909111486088e-01
1.265366399401633313e+00
1.876758102565370567e+00
0.000000000000000000e+00
1.762028675166019021e+00
0.000000000000000000e+00
0.000000000000000000e+00
0.000000000000000000e+00
3.571794765334427857e-01
0.000000000000000000e+00
2.219844291715283191e+00
4.220091587268525596e-02
0.000000000000000000e+00
3.670906710893655500e-01
6.670590563378618887e-01
3.371981758772375076e-02
0.000000000000000000e+00
0.000000000000000000e+00
8.520743529384902995e-03
3.550816953887930838e-02
0.000000000000000000e+00
0.000000000000000000e+00
1.860076267800011340e+00
0.000000000000000000e+00
3.103501551449649454e-01
7.325242928879689419e-01
1.385728132682891023e-01
1.829373108471964993e-01
0.000000000000000000e+00
2.138506729078556656e+00
4.909781453970711584e-02
1.020820726698893621e-01
0.000000000000000000e+00
0.000000000000000000e+00
8.868351749265425132e-01
1.192157799240232130e+00
2.437758029631702586e-02
0.000000000000000000e+00
0.000000000000000000e+00
0.000000000000000000e+00
7.436654197121864152e-02
3.194298835793932256e-01
8.418462882376760714e-02
8.514133009553783715e-01
5.130653216985839316e-02
2.443291995171148756e-01
6.679752080536160985e-02
0.000000000000000000e+00
0.000000000000000000e+00
5.891346974249188628e-01
3.469106666999877131e-02
0.000000000000000000e+00
0.000000000000000000e+00
2.872993588915771501e-01
0.000000000000000000e+00
2.618035495168938187e+00
0.000000000000000000e+00
1.013857334743631267e+00
0.000000000000000000e+00
0.000000000000000000e+00
4.210228698019396337e-02
0.000000000000000000e+00
8.301027221050640836e-01
0.000000000000000000e+00
0.000000000000000000e+00
1.401005385180370100e+00
1.333271563159948991e-01
1.454682976189791255e+00
1.471923575652990701e+00
1.216250413831454935e+00
0.000000000000000000e+00
2.229625486953385138e+00
6.820397003167930072e-02
3.885647638732848269e-02
0.000000000000000000e+00
1.551273322530871912e+00
0.000000000000000000e+00
1.085103363315186531e+00
