# Ensemble C, m = 300.0, lambda = [  9.28127160e-09  -5.82393377e-09   0.00000000e+00   2.02990790e-09]
3.831152579618475884e-01
1.400362729744800916e+00
3.676962343217961560e-01
0.000000000000000000e+00
1.727361185107405106e+00
0.000000000000000000e+00
1.927751470040618198e+00
0.000000000000000000e+00
4.819626968618884733e-01
8.477229243295458794e-01
0.000000000000000000e+00
4.232973860771836044e-02
0.000000000000000000e+00
0.000000000000000000e+00
4.552569054632076284e-01
0.000000000000000000e+00
0.000000000000000000e+00
0.000000000000000000e+00
1.324851799194449065e+00
0.000000000000000000e+00
1.102733376268247856e+00
0.000000000000000000e+00
2.014174831977270319e+00
3.445479976842578118e-01
0.000000000000000000e+00
2.379710134741416905e+00
0.000000000000000000e+00
1.262988360529250009e+00
4.756124757621951749e-01
0.000000000000000000e+00
1.593890334030183098e+00
1.369082465549644967e+00
5.418524244789453270e-01
6.455223648065014919e-01
0.000000000000000000e+00
1.208848369009120294e+00
0.000000000000000000e+00
7.641750955661011924e-01
1.346784762809546399e+00
0.000000000000000000e+00
0.000000000000000000e+00
0.000000000000000000e+00
9.851704487737199534e-01
0.000000000000000000e+00
2.680754898250479190e-01
3.541872836099499988e-01
1.331752207715163894e-01
7.187945181343615708e-01
0.000000000000000000e+00
1.616969323542592374e+00
0.000000000000000000e+00
2.353947661275587855e+00
5.885550357342597128e-01
1.076927961143472112e+00
1.037083819478758162e+00
0.000000000000000000e+00
1.962005746448567178e+00
0.000000000000000000e+00
1.501125107896705391e+00
2.306370398446252329e-02
1.954554782579029648e-01
0.000000000000000000e+00
2.638587366100910835e-03
0.000000000000000000e+00
1.276866466945650203e+00
6.927945459738954828e-03
0.000000000000000000e+00
2.522966617016478619e+00
4.652588097472334233e-02
5.343756865459718952e-01
1.688149182217115740e+00
1.824919096861285617e+00
1.143810090093057674e+00
0.000000000000000000e+00
1.595359647461947361e+00
4.990897600748585017e-01
5.298835776745428605e-01
1.761504904291616658e+00
1.276102630675624905e+00
0.000000000000000000e+00
0.000000000000000000e+00
0.000000000000000000e+00
6.883089319536791484e-01
8.612506309771541524e-01
8.796505986318153836e-01
1.870721235945778105e-01
4.381424755665636606e-01
0.000000000000000000e+00
0.000000000000000000e+00
9.810426921841377546e-01
1.483017734692668288e+00
5.383866931823058088e-01
2.634053546200289198e+00
0.000000000000000000e+00
0.000000000000000000e+00
1.551316888344993927e+00
2.704459704504266759e-01
0.000000000000000000e+00
1.501792363206007730e+00
7.780731526560699662e-02
