# Ensemble C, m = 300.0, lambda = [  1.02994687e-08  -7.05964503e-09   0.00000000e+00   2.13613636e-09]
0.000000000000000000e+00
1.264989949229036181e+00
2.420608452361889262e-01
0.000000000000000000e+00
3.818571090717395281e-04
0.000000000000000000e+00
2.789963485611254290e-01
0.000000000000000000e+00
0.000000000000000000e+00
2.934391942337476467e-01
8.333757559325097319e-02
1.484862683110137471e+00
0.000000000000000000e+00
1.145357500931749817e+00
0.000000000000000000e+00
8.890269897660308188e-03
0.000000000000000000e+00
1.915630974266293585e+00
5.466758115139908752e-02
5.557097950877881720e-01
8.347502194191761538e-01
6.751628932705864283e-01
1.824066240577216336e+00
0.000000000000000000e+00
0.000000000000000000e+00
1.627471821559822285e+00
2.115319244464882731e-01
0.000000000000000000e+00
1.761416620579550063e+00
3.861700331677772602e-01
9.535973507816507544e-01
1.083230458415072928e+00
5.215945343520630439e-01
2.127654981755275898e+00
0.000000000000000000e+00
9.124109994924658462e-01
2.089325155734230999e-01
1.480667927645297643e+00
2.802341784370877553e-01
4.962480211295277055e-01
4.099676404301582089e-01
2.315418580250479252e-02
9.891658758973318477e-01
1.491450100948052082e+00
3.603011921764343387e-03
8.603119644810320876e-01
1.394393695980783221e+00
0.000000000000000000e+00
1.078314575951327292e+00
6.550684024571146180e-01
1.294317730682700951e+00
1.058962458225903402e+00
5.692969472446872403e-02
5.521364035072341414e-01
7.686396221696161213e-01
1.735327833450537760e+00
0.000000000000000000e+00
9.625020434840786399e-01
1.733222501889495781e+00
1.003613139824670153e+00
0.000000000000000000e+00
0.000000000000000000e+00
0.000000000000000000e+00
5.406486306308173617e-01
9.283810080595635839e-01
0.000000000000000000e+00
2.262476746098524227e+00
6.645959503789399259e-01
0.000000000000000000e+00
0.000000000000000000e+00
1.863680450680473388e+00
0.000000000000000000e+00
2.804338627618556234e+00
2.187516064364979140e+00
0.000000000000000000e+00
1.823747169375041999e+00
2.188040455160276121e+00
1.192140292451851158e+00
8.906880464481800042e-01
1.710079635937080955e-01
0.000000000000000000e+00
5.201370030217744578e-01
7.303234367332073207e-01
2.369152728323749901e+00
9.090908667784249886e-01
3.057851996736308253e-01
1.397582169015868292e+00
3.101739662024633470e-01
1.764241972756452670e+00
0.000000000000000000e+00
2.005135026842218338e+00
0.000000000000000000e+00
1.348778209801829497e+00
0.000000000000000000e+00
6.644610600289869717e-01
0.000000000000000000e+00
2.434719518474826927e+00
0.000000000000000000e+00
1.056992268910057930e+00
4.231269677960680098e-01
