# Ensemble C, m = 300.0, c_n/c_p = 0.987096774194, f = -0.972608695652
# lambda = [  6.19473532e-09  -5.94731081e-09   0.00000000e+00   1.42137711e-09]
#  
5.679399296626097549e-02
0.000000000000000000e+00
9.770542495617190459e-01
4.235633970745384946e-01
1.104515398057757558e+00
0.000000000000000000e+00
1.005678275254305865e+00
1.260958568926625389e+00
5.845865729785552217e-02
0.000000000000000000e+00
1.242811457427874133e+00
4.289914632159741448e-01
7.709523585545901003e-01
8.810839525944462736e-01
0.000000000000000000e+00
0.000000000000000000e+00
5.384975141065553167e-02
1.391294154572041641e+00
2.105543641012652956e-01
4.478998702640631380e-01
5.958118179677085458e-01
1.267280985678064312e-02
1.295050887226465886e+00
8.360830064711699539e-01
9.701646144638036429e-01
2.936264056730143457e-01
2.450287998315507920e+00
8.482021443884786294e-01
0.000000000000000000e+00
0.000000000000000000e+00
1.486913466407630002e-01
1.053289223647063677e+00
0.000000000000000000e+00
1.246545981726355334e+00
0.000000000000000000e+00
0.000000000000000000e+00
0.000000000000000000e+00
0.000000000000000000e+00
0.000000000000000000e+00
0.000000000000000000e+00
6.001560834837000868e-01
0.000000000000000000e+00
0.000000000000000000e+00
7.343555896831207574e-01
0.000000000000000000e+00
1.680547565285065659e+00
8.462379948452150025e-01
0.000000000000000000e+00
1.832913498965240251e+00
1.044249294104348191e+00
4.257257681744196498e-01
7.866412398573291442e-01
0.000000000000000000e+00
4.559750581875815327e-03
8.786883690766360555e-01
0.000000000000000000e+00
0.000000000000000000e+00
0.000000000000000000e+00
0.000000000000000000e+00
6.528686666995502375e-01
0.000000000000000000e+00
3.221009555775403849e-02
2.080948826790552861e-02
1.176568699188050626e+00
0.000000000000000000e+00
0.000000000000000000e+00
2.493436144332331850e+00
0.000000000000000000e+00
0.000000000000000000e+00
6.199489401286225609e-01
7.178899584628126718e-01
1.349512298225616025e+00
1.722947083225369713e+00
1.492304844107682271e+00
0.000000000000000000e+00
0.000000000000000000e+00
9.435257470228981536e-01
1.367887840796055965e+00
3.762613725197694881e-01
1.547914124724568130e-01
1.810146828316935741e+00
1.042665819343228106e+00
0.000000000000000000e+00
2.685266021816596016e+00
8.931879323736382492e-01
0.000000000000000000e+00
2.324702425800732053e-01
0.000000000000000000e+00
0.000000000000000000e+00
0.000000000000000000e+00
3.881692609159628216e-01
2.612897866903738819e+00
0.000000000000000000e+00
0.000000000000000000e+00
2.446506050205083049e+00
0.000000000000000000e+00
5.841412007247026583e-01
2.764541305376018165e-01
1.001036437939841539e+00
8.241041533264834573e-01
