# Ensemble C, m = 300.0, c_n/c_p = 0.78064516129, f = -0.992173913043
# lambda = [  1.75717265e-08  -1.36099306e-08   0.00000000e+00   1.71278979e-09]
#  
6.308258981572097968e-01
1.460697307445147031e+00
2.034964968504530347e+00
7.826239963047859627e-01
1.736994795405553127e+00
6.395352219769817603e-01
1.642117351858505936e+00
2.671446533333749151e+00
2.241845046197476155e+00
2.645787183474706428e+00
2.503804493119986763e+00
1.829681134613626359e+00
1.625969255482161202e+00
2.108941539128320386e+00
1.959594558677747234e+00
1.559749590098020500e+00
2.694402408225772927e+00
1.488943790349213980e+00
2.929895349525450943e+00
1.703756991088449357e+00
2.634296022300378848e+00
9.582140751280249225e-01
2.917100620818062762e+00
2.946966340394321371e+00
7.085485733007196307e-01
2.869001051372462197e+00
8.257843447741820553e-01
1.480310841018551038e+00
2.148204328715129563e+00
2.501500773820173773e+00
2.867050107958837302e+00
1.872688970940720399e+00
1.786274764651277991e+00
1.160163710406052484e+00
2.628235107258729553e+00
5.398974434574056458e-01
1.965180346428541558e+00
2.165634196851843107e+00
2.925132814037732842e+00
2.229258568806343099e+00
3.475637878552942928e-01
3.084018070569218839e+00
2.435193388594589337e+00
1.692884492168256427e+00
1.060621489150994634e+00
2.111714391781897238e+00
2.854202590694788988e+00
1.122251632346766836e+00
1.687500655661743121e+00
1.112429675767695914e+00
2.875836667272021252e+00
1.863105198587498901e+00
1.529508748914334859e+00
1.046699084354630882e+00
2.390842949447123722e+00
2.680632747445414577e+00
1.103539052699801459e+00
3.878756291178908078e-01
1.211035269670770242e+00
2.382652457882436625e+00
2.934201024827244098e+00
2.044462501383731645e+00
2.552290111364954761e+00
2.347479947114375243e+00
1.098321265157511162e+00
6.361409354789764325e-01
5.522770281948895521e-01
1.523992709226720255e+00
1.048555453658120085e+00
2.260831063762742676e+00
2.314316309097787627e+00
6.671707712832403159e-01
1.819832552670100245e+00
2.909050905759535954e+00
2.587979437901330559e+00
1.805707771342007772e+00
1.329666932921625522e+00
1.532056647764215906e+00
0.000000000000000000e+00
2.801496113956400968e+00
2.760356412116605540e+00
2.225559843406469174e+00
2.768879127666678208e+00
1.424133205724956719e+00
1.138878011558138503e+00
1.828703668260265314e+00
2.791573135769429115e+00
0.000000000000000000e+00
1.148840166965898080e+00
2.097628007728558064e+00
1.963731910601564934e+00
0.000000000000000000e+00
1.753226382566629438e+00
2.771423279377986937e+00
1.012089642748944973e+00
9.513076248548971714e-01
2.955725801432102617e+00
1.877671148140247215e-01
0.000000000000000000e+00
1.977463568619537870e+00
