# Ensemble C, m = 300.0, c_n/c_p = 0.612903225806, f = -0.965714285714
# lambda = [  1.10946201e-08  -6.56678804e-09   0.00000000e+00   1.76531065e-09]
#  
4.303968867511874241e-01
0.000000000000000000e+00
1.122743548908612832e+00
1.804637946701511453e+00
0.000000000000000000e+00
0.000000000000000000e+00
9.896464176571556637e-01
2.508710402694601382e-02
0.000000000000000000e+00
6.119131796286301217e-01
6.498414453031776672e-01
9.425125494625270495e-01
1.781368383520626431e+00
1.950852031960394584e+00
4.380332927203516857e-01
0.000000000000000000e+00
0.000000000000000000e+00
9.808729484080866978e-01
0.000000000000000000e+00
9.874933462242035942e-01
0.000000000000000000e+00
1.013079894738212916e+00
1.592173403608376780e-01
0.000000000000000000e+00
2.604391249715546586e+00
0.000000000000000000e+00
8.156488703230548865e-01
9.302237131238877410e-01
1.339707179903452783e+00
6.820107907960980542e-01
4.772136014830682393e-01
0.000000000000000000e+00
1.472270189138935148e+00
7.252934319213595327e-01
6.114492348428092194e-01
2.961987972408404723e-01
2.596060528697979652e+00
3.105162919885627870e-01
1.488773071314994700e+00
0.000000000000000000e+00
0.000000000000000000e+00
0.000000000000000000e+00
5.226682493837000454e-01
1.638277685627171465e+00
0.000000000000000000e+00
0.000000000000000000e+00
1.133928604028724418e+00
0.000000000000000000e+00
0.000000000000000000e+00
1.631508303360833079e+00
1.981410414888621796e+00
1.743684088745028005e+00
1.111909927671618670e+00
9.571468068504380977e-02
7.657643472360500976e-03
0.000000000000000000e+00
0.000000000000000000e+00
1.805431943098421810e+00
0.000000000000000000e+00
5.733073003660047462e-01
1.393054158561988221e+00
0.000000000000000000e+00
0.000000000000000000e+00
1.717009265692372860e-02
3.805681663143457572e-01
2.347539499300715232e-02
7.496717222758526589e-01
2.073102472079134895e+00
0.000000000000000000e+00
1.587006889663535036e-01
4.961838123777310150e-01
0.000000000000000000e+00
7.346224955526221567e-01
2.507191299480659996e-01
0.000000000000000000e+00
0.000000000000000000e+00
0.000000000000000000e+00
0.000000000000000000e+00
0.000000000000000000e+00
1.394659351068726183e+00
0.000000000000000000e+00
4.765495479972883253e-01
9.550695798771741130e-01
1.615200887763868165e+00
6.521728155132131555e-01
0.000000000000000000e+00
2.328724980560863855e+00
0.000000000000000000e+00
0.000000000000000000e+00
1.619850226265250881e-01
0.000000000000000000e+00
1.435259466542386786e+00
2.243106814479326694e+00
2.636936108418554969e-01
6.981149513925553052e-01
1.280725123259029152e-01
8.931684769152451464e-01
3.551606219174391343e-01
0.000000000000000000e+00
2.025482417521570433e+00
