# Ensemble C, m = 300.0, lambda = [  5.37584589e-09  -5.01083339e-09   0.00000000e+00   1.74650514e-09]
1.430075158612264641e+00
0.000000000000000000e+00
0.000000000000000000e+00
9.586873043500212521e-01
1.054321153894989038e+00
0.000000000000000000e+00
0.000000000000000000e+00
0.000000000000000000e+00
5.835909923124243948e-01
0.000000000000000000e+00
0.000000000000000000e+00
7.277837348557127939e-01
9.199988411413344280e-02
9.922331234750793039e-01
8.351598445379390112e-01
0.000000000000000000e+00
2.286394977785259908e+00
2.585117950380317886e+00
4.606428004590233660e-03
0.000000000000000000e+00
0.000000000000000000e+00
1.323226134636499518e+00
2.514673260718664149e+00
0.000000000000000000e+00
2.330464042350747889e+00
0.000000000000000000e+00
0.000000000000000000e+00
2.475562493774767336e+00
3.661225694380799145e-01
0.000000000000000000e+00
5.932184209943647257e-01
9.865098291539315944e-01
0.000000000000000000e+00
0.000000000000000000e+00
0.000000000000000000e+00
3.006076418318352483e-01
0.000000000000000000e+00
7.384920385177911814e-03
0.000000000000000000e+00
0.000000000000000000e+00
0.000000000000000000e+00
0.000000000000000000e+00
9.575680346528255352e-03
0.000000000000000000e+00
0.000000000000000000e+00
0.000000000000000000e+00
0.000000000000000000e+00
8.894218259168176210e-01
0.000000000000000000e+00
2.201892796264462770e+00
4.899370818770333869e-01
0.000000000000000000e+00
0.000000000000000000e+00
0.000000000000000000e+00
1.344312877916760841e-03
5.465851500107233862e-01
0.000000000000000000e+00
2.119707694660935449e+00
0.000000000000000000e+00
0.000000000000000000e+00
0.000000000000000000e+00
1.621724982954247052e+00
7.150246903893160422e-01
1.420836888466232129e+00
2.178338638456232879e+00
0.000000000000000000e+00
3.449903331791443484e-01
5.620636433971281098e-01
7.642136457532215932e-01
0.000000000000000000e+00
0.000000000000000000e+00
0.000000000000000000e+00
0.000000000000000000e+00
9.114414868615987597e-01
0.000000000000000000e+00
0.000000000000000000e+00
7.561118656100535018e-01
1.298578924233081633e+00
0.000000000000000000e+00
0.000000000000000000e+00
4.081038237152532361e-03
1.554965749224850313e-01
0.000000000000000000e+00
0.000000000000000000e+00
1.576193573610865650e+00
0.000000000000000000e+00
1.203950326491121103e+00
0.000000000000000000e+00
6.763545052209880559e-01
0.000000000000000000e+00
0.000000000000000000e+00
0.000000000000000000e+00
2.287770799577010905e+00
0.000000000000000000e+00
0.000000000000000000e+00
0.000000000000000000e+00
8.045686515094684077e-02
0.000000000000000000e+00
0.000000000000000000e+00
6.307508144680517015e-01
