# Ensemble C, m = 300.0, c_n/c_p = 0.948387096774, f = -0.97652173913
# lambda = [  7.05233592e-09  -6.53131369e-09   0.00000000e+00   1.44079564e-09]
#  
0.000000000000000000e+00
0.000000000000000000e+00
1.197500038216830820e+00
0.000000000000000000e+00
0.000000000000000000e+00
9.015194809770035178e-01
0.000000000000000000e+00
6.127939342049719684e-01
0.000000000000000000e+00
0.000000000000000000e+00
1.233606791982235995e+00
1.913358756041845217e-03
7.340313734581727090e-01
0.000000000000000000e+00
1.690171223860359173e-01
7.130482918923527480e-01
1.010806069600921564e+00
0.000000000000000000e+00
3.764176952919719432e-01
0.000000000000000000e+00
1.252772027953996226e+00
7.772462762918982276e-03
9.508940850830714664e-02
3.900667184475975491e-01
1.443536487451342054e-01
1.040716255441629157e+00
0.000000000000000000e+00
0.000000000000000000e+00
1.090347392577365182e-01
2.152413473991650505e+00
7.439211800453684499e-03
1.498116133291981455e+00
0.000000000000000000e+00
1.572095832625971745e+00
3.148984498338905924e-01
6.295943129471693878e-01
2.986333025347342573e+00
0.000000000000000000e+00
0.000000000000000000e+00
1.562411166114979100e+00
0.000000000000000000e+00
0.000000000000000000e+00
3.590241461463949402e-01
2.091547053961847757e-01
7.139137943646280959e-01
0.000000000000000000e+00
2.808708064317657072e-01
0.000000000000000000e+00
3.619334680088482359e-01
0.000000000000000000e+00
1.125316829017349640e+00
2.784565620332443703e-02
1.441922111728647510e-02
0.000000000000000000e+00
7.186653343090020352e-01
2.447995783734278896e-01
1.925177535675935525e+00
4.759215542046232872e-01
0.000000000000000000e+00
5.294164276836930139e-01
1.918758152853151877e+00
4.769197527153900551e-01
0.000000000000000000e+00
4.691173292871205769e-01
0.000000000000000000e+00
1.258245189748304682e+00
0.000000000000000000e+00
0.000000000000000000e+00
3.819015361328199631e-01
3.661758603890200581e-01
9.579154226284767315e-01
1.660960827006785490e+00
1.182825085300744650e-01
4.090920844646849797e-01
0.000000000000000000e+00
6.459521603215014895e-01
1.551635896678454696e+00
1.554898940056078871e+00
6.961596142994817826e-02
0.000000000000000000e+00
2.083013048819445601e+00
0.000000000000000000e+00
6.554510270709932307e-01
0.000000000000000000e+00
0.000000000000000000e+00
0.000000000000000000e+00
1.851206854901878751e+00
9.268925507657065077e-02
0.000000000000000000e+00
0.000000000000000000e+00
6.321272539243055766e-01
0.000000000000000000e+00
0.000000000000000000e+00
5.356410881436203253e-01
1.259118283129942784e+00
8.272117146639147711e-03
1.560778770873494925e-01
9.057543998805601959e-03
2.960075545918043338e-01
2.159733962110871319e-01
