# Ensemble C, m = 300.0, lambda = [  7.72487570e-09  -6.84268243e-09   0.00000000e+00   1.59951987e-09]
1.118477692520834621e+00
4.068503910249970379e-01
0.000000000000000000e+00
0.000000000000000000e+00
0.000000000000000000e+00
1.074131384489896979e-01
0.000000000000000000e+00
0.000000000000000000e+00
1.239581289095524230e+00
1.505629522717154112e+00
0.000000000000000000e+00
9.845667693768560547e-01
2.489889074342888975e+00
0.000000000000000000e+00
0.000000000000000000e+00
2.158396617581978205e+00
0.000000000000000000e+00
0.000000000000000000e+00
0.000000000000000000e+00
4.996602977845463478e-01
0.000000000000000000e+00
6.931290963812754002e-01
1.279927034454582113e-01
0.000000000000000000e+00
0.000000000000000000e+00
0.000000000000000000e+00
0.000000000000000000e+00
1.726369688460911211e+00
2.123121874674530618e-01
0.000000000000000000e+00
8.623258565514573259e-01
0.000000000000000000e+00
6.047673068381319572e-01
1.200557579922518991e+00
1.796584833921700319e+00
1.163969590362101680e+00
5.516669479549277666e-01
0.000000000000000000e+00
3.739799746915923873e-01
1.032336567572956998e+00
6.878163701438651245e-02
1.557760476298156282e+00
0.000000000000000000e+00
7.362118466184891519e-01
0.000000000000000000e+00
2.145822302075529375e+00
6.683963490302143873e-01
4.805984244952489215e-01
0.000000000000000000e+00
1.539836628724005063e-01
0.000000000000000000e+00
4.285612830930151107e-01
0.000000000000000000e+00
2.287101739480321694e+00
0.000000000000000000e+00
1.244377863564024300e-01
1.020327223603473055e+00
0.000000000000000000e+00
7.587223841969954474e-01
1.557997420255552434e+00
0.000000000000000000e+00
3.086776686944409653e-01
1.872736969273161689e+00
1.168447544559216400e+00
6.242395149140042010e-01
1.542668472637382937e+00
1.351663718275313508e+00
3.132172071435219141e-01
0.000000000000000000e+00
1.235873250697324233e+00
0.000000000000000000e+00
0.000000000000000000e+00
8.210461586406088141e-01
0.000000000000000000e+00
0.000000000000000000e+00
0.000000000000000000e+00
0.000000000000000000e+00
0.000000000000000000e+00
2.867636767214984950e-01
0.000000000000000000e+00
0.000000000000000000e+00
0.000000000000000000e+00
1.415827898887100034e+00
0.000000000000000000e+00
0.000000000000000000e+00
1.281559960985857893e+00
0.000000000000000000e+00
0.000000000000000000e+00
5.034138775904838103e-02
3.452532250912721534e-01
9.982922848646025304e-01
0.000000000000000000e+00
7.361913638422625805e-01
2.711833057202827409e-03
0.000000000000000000e+00
0.000000000000000000e+00
7.602130035125256313e-01
0.000000000000000000e+00
0.000000000000000000e+00
1.110772265355587152e+00
