# Ensemble C, m = 300.0, c_n/c_p = 0.974193548387, f = -0.952857142857
# lambda = [  5.74861707e-09  -5.33625314e-09   0.00000000e+00   1.69922863e-09]
#  
1.179925216326277226e+00
0.000000000000000000e+00
0.000000000000000000e+00
0.000000000000000000e+00
0.000000000000000000e+00
0.000000000000000000e+00
0.000000000000000000e+00
0.000000000000000000e+00
1.976499732617858385e+00
0.000000000000000000e+00
0.000000000000000000e+00
0.000000000000000000e+00
0.000000000000000000e+00
6.114066183734253590e-01
8.221012883147078565e-01
0.000000000000000000e+00
1.220082321856925944e-01
0.000000000000000000e+00
0.000000000000000000e+00
0.000000000000000000e+00
2.981667514372010608e-01
2.223014429289570382e-01
0.000000000000000000e+00
2.609927312385075249e-01
2.710511198645545239e+00
8.644191088326154404e-02
0.000000000000000000e+00
1.619447594129080015e+00
0.000000000000000000e+00
0.000000000000000000e+00
1.831660664457691823e+00
9.648713133874077252e-01
0.000000000000000000e+00
6.386401294345640522e-01
1.434540171731923719e+00
0.000000000000000000e+00
4.087113451284742904e-01
0.000000000000000000e+00
0.000000000000000000e+00
3.564026652340560042e-01
0.000000000000000000e+00
0.000000000000000000e+00
3.703413807186035633e-01
0.000000000000000000e+00
0.000000000000000000e+00
2.342798102024979734e+00
0.000000000000000000e+00
1.088689206595105263e+00
0.000000000000000000e+00
1.955416571845614016e-03
1.776749399683824615e-01
3.629398896796449114e-01
1.013309715791604615e-01
2.104457418758631515e-01
4.519594416372951229e-01
1.211351164942988667e+00
0.000000000000000000e+00
0.000000000000000000e+00
0.000000000000000000e+00
1.558044510007801753e+00
1.729933035798427943e+00
1.036658957130195402e+00
2.045914011110174791e-01
0.000000000000000000e+00
1.287095299900087086e+00
9.387879846962592367e-01
3.974223168205461287e-01
6.232226560649947907e-03
8.541856858753246184e-01
1.168543891790711602e-02
0.000000000000000000e+00
9.320419177046061765e-02
0.000000000000000000e+00
6.120753814342125843e-01
3.531272356995210360e-02
7.365329667423975435e-01
1.551058305287232042e-01
5.650414395526487388e-01
1.586315129348342956e-01
1.553289354448470494e+00
1.325768591598181612e+00
0.000000000000000000e+00
7.969753996898309989e-02
7.477085990309610963e-01
3.254895091284029096e-01
5.097854575173738773e-02
9.615853130670731774e-01
4.391020769770762056e-01
1.222522351494716997e+00
0.000000000000000000e+00
4.831457969866352897e-01
0.000000000000000000e+00
1.082231717590020237e+00
1.570572088772549613e+00
0.000000000000000000e+00
5.351149071843129823e-01
3.287834727376777455e-02
5.373450643456748610e-01
6.195340334977740282e-01
1.749094214295621619e+00
