# Ensemble C, m = 300.0, lambda = [  1.20248261e-08  -9.88266152e-09   0.00000000e+00   1.57741291e-09]
1.180704628867962125e+00
2.066678701020061293e-01
4.191635881553109066e-01
2.082692610070072003e+00
1.860180483886778369e+00
8.573462121769909183e-01
1.210568266817332539e+00
1.397985679816678317e+00
2.022519586338675346e+00
0.000000000000000000e+00
0.000000000000000000e+00
2.323289076250217577e-01
1.932996424855332851e+00
6.460439858641882083e-01
0.000000000000000000e+00
1.794211659099840928e+00
0.000000000000000000e+00
1.162122997279293912e+00
2.135857682493105703e+00
1.336348319746626601e+00
2.053526419305018891e+00
0.000000000000000000e+00
1.895096504988935893e+00
4.909144235016733027e-01
1.349832611419419459e+00
1.892428992254188813e+00
0.000000000000000000e+00
1.196865249244173812e+00
1.663003526076633598e+00
2.470757913680694529e+00
1.429767418485132557e+00
1.761209230169398676e+00
5.198057443607508876e-01
0.000000000000000000e+00
8.207362720373145848e-01
1.521512065702388394e+00
1.987863487820269670e+00
2.124834784524288089e+00
0.000000000000000000e+00
1.393390889998940424e-02
1.994853787369589959e+00
0.000000000000000000e+00
7.272212820237422548e-01
2.365908088046889124e-01
2.239826014128194487e+00
1.501836329789751678e+00
1.000845377345401355e+00
6.947181526912068472e-01
4.355121459580892362e-01
0.000000000000000000e+00
0.000000000000000000e+00
7.097166282139680260e-02
5.498889677853380231e-02
0.000000000000000000e+00
2.370616836243903514e+00
7.332503597771958814e-01
5.957012954397566951e-01
0.000000000000000000e+00
4.078789522216417218e-01
5.432378947065794605e-01
0.000000000000000000e+00
8.578862688789924418e-01
1.469474893901302481e+00
3.447421590086481857e-01
1.432934289243370692e-02
1.158834000207937809e+00
4.652502517757262646e-01
0.000000000000000000e+00
1.890456810958726086e+00
2.147887008214269589e+00
0.000000000000000000e+00
1.415394755631221635e+00
1.366622557820265538e+00
2.193208278318232729e+00
1.336837374468911488e+00
0.000000000000000000e+00
0.000000000000000000e+00
0.000000000000000000e+00
1.282364522150042152e+00
2.484500172117441730e-01
1.744113729444323635e+00
0.000000000000000000e+00
1.680537768265935039e+00
1.972952171590338200e+00
1.826958761542916143e+00
0.000000000000000000e+00
1.339819023443006074e+00
0.000000000000000000e+00
9.731926253149519868e-01
1.147277671269761434e+00
1.821419148160933865e+00
6.969096400921327428e-01
0.000000000000000000e+00
0.000000000000000000e+00
1.038806568044617240e+00
9.284994913012771800e-01
0.000000000000000000e+00
4.025987515179583198e-01
8.345436913766062226e-01
1.167034901458478435e+00
