# Ensemble C, m = 300.0, lambda = [  1.03715747e-08  -8.28554993e-09   0.00000000e+00   1.88829689e-09]
2.476328686562515813e+00
0.000000000000000000e+00
2.283981457396984549e+00
0.000000000000000000e+00
1.131977303755359765e+00
0.000000000000000000e+00
0.000000000000000000e+00
0.000000000000000000e+00
2.034050238231412511e+00
1.880286320599133809e+00
2.099586741717232030e+00
1.953246287683210181e+00
0.000000000000000000e+00
0.000000000000000000e+00
0.000000000000000000e+00
1.230172719123773906e+00
1.900398036064741447e+00
8.237134043090326152e-01
1.706093899250017198e+00
2.047604323109712077e+00
1.559842282875179897e+00
7.200491821891548128e-01
7.843237268923374250e-01
0.000000000000000000e+00
1.131784995816354167e+00
2.142537252000144554e-01
1.700577911329423486e+00
2.429737522340056799e+00
0.000000000000000000e+00
1.281553972832916388e+00
2.289493041851290211e+00
1.577954664899931858e+00
1.765421516859986550e-01
1.460261080203431483e+00
9.998706777797720102e-01
2.269515667572941986e+00
1.574047355146009242e+00
0.000000000000000000e+00
6.624113853229013360e-01
7.490242682913366146e-01
2.801702119775869443e-03
3.159912509354887988e-01
1.679185062364553227e+00
2.970303609154773539e-01
0.000000000000000000e+00
1.549097797039969748e+00
2.383725453474859202e-01
0.000000000000000000e+00
1.775951819477401550e+00
2.067254670511716075e+00
0.000000000000000000e+00
6.458925302185591910e-01
1.402178045380584326e+00
2.171074422771651413e+00
1.565729127986002833e+00
0.000000000000000000e+00
1.980903661904472646e+00
1.630690702468536646e+00
1.769191538369061067e+00
2.514680626626617066e+00
1.221844904348191818e+00
1.697697891828176653e+00
0.000000000000000000e+00
0.000000000000000000e+00
0.000000000000000000e+00
0.000000000000000000e+00
1.009332946943847231e+00
0.000000000000000000e+00
1.234987671911644824e+00
6.870982485453396016e-02
1.553569709021031427e-03
1.456780871139381262e+00
0.000000000000000000e+00
9.003668579910399927e-01
1.231583388271721535e+00
1.017147822065076479e+00
2.402784967893616397e+00
1.512127588281015900e+00
2.600094331325719099e-01
1.046419296337211646e+00
9.022610439733605991e-01
0.000000000000000000e+00
1.054718856221846357e+00
2.028109507933398614e+00
2.057823559151342963e+00
3.405359165736361327e-01
9.390637482125535618e-02
1.220375354216541197e+00
0.000000000000000000e+00
1.293587076881255626e+00
0.000000000000000000e+00
0.000000000000000000e+00
0.000000000000000000e+00
6.272257878646487761e-01
1.421793186897360339e+00
1.083760731132688226e+00
1.781729084335477165e+00
0.000000000000000000e+00
1.867948225806524531e+00
5.065892591663326838e-01
