# Ensemble C, m = 300.0, lambda = [  1.93310947e-08  -1.20067923e-08   0.00000000e+00   1.47885734e-09]
0.000000000000000000e+00
6.898070557975051198e-01
9.519684548552159731e-01
2.832926473558214031e+00
1.767885598480294140e+00
2.427798458321519970e+00
6.372254752405681621e-01
1.379016262253945468e+00
2.002420752573598195e-01
9.662828286753728513e-01
2.879817884309880394e-01
0.000000000000000000e+00
0.000000000000000000e+00
0.000000000000000000e+00
6.271072330762561542e-01
6.098558069404935722e-01
0.000000000000000000e+00
1.265637966848808027e+00
7.275096477226057623e-02
0.000000000000000000e+00
3.313458445341023184e-01
5.735392449343661436e-01
0.000000000000000000e+00
0.000000000000000000e+00
1.893254821416483769e-01
0.000000000000000000e+00
2.483516334206694598e-01
0.000000000000000000e+00
0.000000000000000000e+00
0.000000000000000000e+00
0.000000000000000000e+00
1.303427704025711398e+00
0.000000000000000000e+00
0.000000000000000000e+00
1.559208126692566143e+00
0.000000000000000000e+00
9.386803868533609707e-01
0.000000000000000000e+00
1.138655991065489648e+00
2.964912126069698117e-01
7.103308591384827064e-01
0.000000000000000000e+00
9.149253085931362273e-02
0.000000000000000000e+00
2.180900751915570535e+00
0.000000000000000000e+00
4.076069278372160820e-01
1.110761701530472489e+00
4.981435449264193238e-01
0.000000000000000000e+00
7.469271457990777074e-01
0.000000000000000000e+00
1.085399936855885983e+00
0.000000000000000000e+00
2.392957598027142252e-01
0.000000000000000000e+00
1.775951361088058844e+00
1.143814342681022250e-01
6.323648860696716445e-02
1.592074335616816549e+00
2.427691107554321159e-01
7.969302394043066284e-01
5.838001095257197015e-01
0.000000000000000000e+00
3.224052431699864774e-01
0.000000000000000000e+00
1.236585171852089715e+00
0.000000000000000000e+00
1.862592296409386616e+00
0.000000000000000000e+00
0.000000000000000000e+00
8.176025665514861096e-01
1.026134123282884003e+00
1.142747120920148962e+00
8.288798303250871635e-01
1.480162537808786816e+00
6.054020942696780594e-01
2.780299633676681204e+00
8.450630223923613071e-01
7.228325098325959486e-01
2.287915049947059631e-01
0.000000000000000000e+00
1.518181664693809330e+00
1.405656543737580755e+00
9.776604734504305005e-01
2.522947860785793583e-01
3.928048033938420502e-01
2.568535892805802856e+00
7.763607400266189784e-02
1.270998966413829034e+00
1.000934156697357524e+00
0.000000000000000000e+00
0.000000000000000000e+00
0.000000000000000000e+00
1.837760441485922214e-01
5.253217259801363781e-01
6.944616092661103357e-01
4.512606745293591959e-01
6.794433927655739724e-01
0.000000000000000000e+00
