# Ensemble C, m = 300.0, c_n/c_p = 0.625806451613, f = -0.961428571429
# lambda = [  1.07719104e-08  -6.48111599e-09   0.00000000e+00   1.85417995e-09]
#  
7.859593540557789915e-01
0.000000000000000000e+00
0.000000000000000000e+00
1.709132042152673447e+00
0.000000000000000000e+00
0.000000000000000000e+00
1.682564603131207592e+00
0.000000000000000000e+00
9.076460761417509682e-02
0.000000000000000000e+00
1.144813537019298000e+00
2.552675693575547355e-01
1.093837050922302767e+00
1.524104142653301075e+00
1.067223044903996998e+00
3.543410455798913783e-01
1.828488042201182662e+00
1.289438133021706401e+00
0.000000000000000000e+00
0.000000000000000000e+00
1.385610570815161369e+00
1.061384417259809282e-02
0.000000000000000000e+00
0.000000000000000000e+00
5.603250800743377891e-01
1.558023565295097931e-02
0.000000000000000000e+00
0.000000000000000000e+00
2.636082902044430409e-01
0.000000000000000000e+00
0.000000000000000000e+00
6.977205703308275719e-01
3.656913591996713842e-01
0.000000000000000000e+00
0.000000000000000000e+00
0.000000000000000000e+00
0.000000000000000000e+00
1.265851340443479689e+00
4.568478469857222279e-01
2.040383862010237623e-02
9.196392751888504691e-01
3.871821545688872712e-01
2.367406465630092161e+00
4.748904698329572960e-02
7.805219167419333859e-01
2.330256991486346241e+00
0.000000000000000000e+00
2.601169004196061119e-01
7.745678223333942736e-01
0.000000000000000000e+00
0.000000000000000000e+00
2.415272142847211256e+00
1.723130505701905735e+00
1.588896956405146499e+00
1.324052697801303857e+00
0.000000000000000000e+00
5.175311859358601163e-01
0.000000000000000000e+00
0.000000000000000000e+00
0.000000000000000000e+00
1.948456330004455728e+00
2.843813359925773110e+00
1.820958650454715277e+00
0.000000000000000000e+00
6.759292133358588694e-01
7.515694150261060802e-01
1.454575192390838101e+00
7.502733504637147943e-01
0.000000000000000000e+00
6.109350252855973856e-02
8.766341184334311976e-01
0.000000000000000000e+00
8.332572916442791341e-03
1.206925122655130078e+00
0.000000000000000000e+00
7.004725172370250830e-01
0.000000000000000000e+00
1.396185453268021348e+00
7.540025857971517295e-03
5.645330256680879399e-01
0.000000000000000000e+00
6.535605179708646739e-01
1.242750328147494872e-02
1.957194581216148643e+00
1.323507965632640671e-02
0.000000000000000000e+00
1.168627048107363064e+00
8.780409929802779345e-02
2.743371514823129687e-01
0.000000000000000000e+00
1.821857730791596630e+00
3.340539939642831468e-01
1.119353734808824274e+00
1.355827438098874849e+00
1.334826778637626887e+00
1.618867577077681918e+00
1.072163638217607406e+00
0.000000000000000000e+00
6.069717945636510237e-01
4.504135645896615303e-01
