# Ensemble C, m = 300.0, c_n/c_p = 0.690322580645, f = -0.997391304348
# lambda = [  4.16459853e-08  -2.86741662e-08   0.00000000e+00   2.07524084e-09]
#  
2.881899219163611470e+00
2.924639086754834416e+00
4.050939874856227085e+00
1.508473247781500826e+00
5.197165866408397505e+00
2.629064868357990026e+00
3.494982452196613298e+00
2.848977726482205597e+00
3.045672400378697908e+00
4.379656796754900050e+00
3.387576252303419189e+00
5.873859669364701830e+00
3.600406519447955755e+00
2.455651261815222863e+00
4.405536215254970855e+00
3.175606504452891166e+00
4.961914729992169981e+00
2.827250704342461063e+00
5.052603784772517592e+00
1.663470148715381569e+00
5.477315248486749333e+00
5.073105945651541937e+00
2.730531244893430465e+00
4.856039529958316336e+00
5.710009129604591394e+00
4.010696902803512209e+00
2.519402990985570856e+00
3.699231878725769640e+00
5.029537762533321299e+00
4.403501293870147215e+00
3.971132515734906665e+00
2.835453304333935609e+00
3.691726623244266925e+00
4.147391527865154082e+00
3.243245886628991936e+00
4.375638512649245193e+00
3.290110927481154413e+00
1.034555045695080500e+00
3.451296779969368345e+00
3.010101336159490604e+00
9.263111395261948156e-01
2.909999227192878735e+00
2.646646674548816414e+00
5.240933676325900237e+00
3.790535485833298246e+00
3.305257786071117643e+00
2.444856762687302343e+00
2.192823286521234927e+00
4.184671343473169713e+00
2.805749767390187444e+00
3.267884755507890926e+00
3.315267785726780492e+00
2.574831579173768148e+00
3.678841088727546449e+00
3.134067510854427141e+00
3.029134009451846854e+00
8.610478693543395234e-01
3.301272999192055302e+00
3.516417181804246006e+00
5.916621672483475258e+00
3.883695893530053844e+00
2.644664837511492728e+00
3.870736464432970703e+00
2.195652000948534521e+00
3.532217468301742880e+00
2.394328042914505073e+00
3.431813769339083109e+00
2.837564382950600095e+00
4.052331422965198549e+00
4.301373478969353847e+00
3.032029789823480925e+00
3.402456813466243180e+00
1.921055824578789872e+00
2.935195349341044313e+00
3.304928899034748291e+00
2.969628010484321123e+00
5.343148209548150618e+00
3.398417408679286655e+00
2.846005331594298582e+00
2.797276355841825435e+00
3.584714805187066311e+00
3.842750528897693751e+00
2.144289881080806204e+00
4.060870301471270594e+00
2.410808778217664816e+00
1.632411422945846846e+00
3.523430408568306582e+00
3.330518962742598177e+00
4.313317908045349647e+00
2.940773233478018778e+00
3.503719721440203383e+00
3.032233907179884724e+00
4.216125586445499174e+00
5.387469348457426754e+00
3.018737583719186102e+00
1.885539036118426104e+00
5.495484873233718481e+00
4.432684676546146285e+00
2.888497666452561230e+00
3.092707361855362880e+00
