# Ensemble C, m = 300.0, lambda = [  4.31184302e-08  -2.80965255e-08   0.00000000e+00   0.00000000e+00]
8.935362818332929224e-01
4.266455512011092521e-01
0.000000000000000000e+00
9.877396658343147173e-01
0.000000000000000000e+00
0.000000000000000000e+00
0.000000000000000000e+00
0.000000000000000000e+00
0.000000000000000000e+00
0.000000000000000000e+00
0.000000000000000000e+00
1.309185454434060869e+00
0.000000000000000000e+00
1.443827028735315654e+00
0.000000000000000000e+00
0.000000000000000000e+00
1.276705471183638529e+00
0.000000000000000000e+00
0.000000000000000000e+00
1.973277033592210628e-01
0.000000000000000000e+00
1.004913585411111754e+00
0.000000000000000000e+00
5.738059117097930040e-01
0.000000000000000000e+00
0.000000000000000000e+00
2.106781253820639410e+00
0.000000000000000000e+00
4.114737283732270434e-01
0.000000000000000000e+00
0.000000000000000000e+00
6.758547961693712747e-01
3.890369214838846901e-01
0.000000000000000000e+00
9.977289864691913923e-01
4.183970024078438876e-01
1.016951839677728398e+00
6.081153680151598628e-01
0.000000000000000000e+00
1.060965174743627060e+00
0.000000000000000000e+00
1.173052686210741991e+00
9.199844374503546307e-02
2.201805596385733033e+00
0.000000000000000000e+00
0.000000000000000000e+00
0.000000000000000000e+00
5.278841499724503672e-01
0.000000000000000000e+00
0.000000000000000000e+00
1.390863741002402731e+00
0.000000000000000000e+00
1.277495301007386175e+00
9.018114834506375521e-01
1.009537042858417610e+00
0.000000000000000000e+00
0.000000000000000000e+00
0.000000000000000000e+00
0.000000000000000000e+00
0.000000000000000000e+00
1.652507640049349913e+00
9.532220499365035016e-01
1.546742898124103816e+00
0.000000000000000000e+00
0.000000000000000000e+00
1.005288342498296350e+00
0.000000000000000000e+00
0.000000000000000000e+00
1.123836596814664190e+00
7.791754089908664582e-01
9.091929864295116293e-01
0.000000000000000000e+00
4.072357005256417306e-01
0.000000000000000000e+00
1.015528527951283094e-01
0.000000000000000000e+00
0.000000000000000000e+00
0.000000000000000000e+00
0.000000000000000000e+00
0.000000000000000000e+00
0.000000000000000000e+00
0.000000000000000000e+00
0.000000000000000000e+00
0.000000000000000000e+00
0.000000000000000000e+00
9.202523658208006108e-01
7.873215597828725487e-02
4.247827258985409915e-01
0.000000000000000000e+00
0.000000000000000000e+00
9.108249602978143455e-01
0.000000000000000000e+00
4.377642889590194208e-01
1.436580742193787341e-01
0.000000000000000000e+00
9.531208268560709129e-01
1.093084270797942459e+00
3.597566735785866499e-01
0.000000000000000000e+00
0.000000000000000000e+00
