# Ensemble C, m = 300.0, c_n/c_p = 0.987096774194, f = -0.973913043478
# lambda = [  6.24203807e-09  -6.00076097e-09   0.00000000e+00   1.39817606e-09]
#  
0.000000000000000000e+00
0.000000000000000000e+00
1.269168870815005033e-02
0.000000000000000000e+00
0.000000000000000000e+00
0.000000000000000000e+00
2.257983813258740646e+00
1.936974219939803454e+00
0.000000000000000000e+00
8.794100824475098444e-01
9.107848025868175990e-01
0.000000000000000000e+00
2.528634462927294435e-01
0.000000000000000000e+00
0.000000000000000000e+00
9.708341292323280358e-01
0.000000000000000000e+00
1.366299924184842585e+00
1.001680793334720626e-01
0.000000000000000000e+00
6.807628408169876799e-01
1.864800272707117568e+00
2.309265840521342317e-01
0.000000000000000000e+00
4.547458308966918494e-01
0.000000000000000000e+00
7.822948172070507411e-01
0.000000000000000000e+00
0.000000000000000000e+00
0.000000000000000000e+00
2.524928509922355069e+00
2.916260898836569582e-01
4.102780158782501352e-01
0.000000000000000000e+00
0.000000000000000000e+00
0.000000000000000000e+00
0.000000000000000000e+00
2.881919336880539584e-01
1.680938225062853286e+00
0.000000000000000000e+00
1.704176685278884662e+00
2.701063719665352192e+00
0.000000000000000000e+00
0.000000000000000000e+00
0.000000000000000000e+00
2.359773409392987853e-01
2.271070417196626945e+00
1.091858924134442743e+00
1.535095677357333877e+00
1.436892103345693616e+00
0.000000000000000000e+00
0.000000000000000000e+00
0.000000000000000000e+00
0.000000000000000000e+00
0.000000000000000000e+00
0.000000000000000000e+00
9.963467657824373047e-01
1.113391751331310048e-01
2.930260725468738947e+00
7.226561261038817463e-01
0.000000000000000000e+00
0.000000000000000000e+00
0.000000000000000000e+00
0.000000000000000000e+00
6.873969345420019583e-02
1.844498176408016499e-01
9.908396659742464418e-01
4.953845505446635711e-01
2.255375433780801409e+00
5.849835840653205832e-01
0.000000000000000000e+00
8.018837019785051146e-01
0.000000000000000000e+00
0.000000000000000000e+00
8.884193700259795934e-01
5.825873369081526754e-01
3.323191253810984236e-01
0.000000000000000000e+00
1.563128594963401508e+00
0.000000000000000000e+00
4.982600056502772823e-01
4.720358958875751632e-01
6.449236861320628567e-01
0.000000000000000000e+00
1.575936042529573478e-01
1.392846474360866393e+00
8.300275603138264346e-02
0.000000000000000000e+00
0.000000000000000000e+00
4.434379244690771563e-03
2.237821376381718519e+00
0.000000000000000000e+00
4.114924381324547853e-01
1.481140373083925377e-01
0.000000000000000000e+00
0.000000000000000000e+00
0.000000000000000000e+00
7.650936305438846841e-01
1.656011009808473933e+00
0.000000000000000000e+00
