# Ensemble C, m = 300.0, lambda = [  1.23046498e-08  -1.07035568e-08   0.00000000e+00   5.35680173e-10]
0.000000000000000000e+00
0.000000000000000000e+00
1.401646107104634886e+00
2.829180591302254966e-01
0.000000000000000000e+00
4.699547451320900682e-01
4.534675460170831118e-01
1.017124148671563866e+00
0.000000000000000000e+00
0.000000000000000000e+00
0.000000000000000000e+00
1.518078507618618955e+00
0.000000000000000000e+00
9.943541108910020077e-01
0.000000000000000000e+00
1.230865956064073341e+00
0.000000000000000000e+00
0.000000000000000000e+00
0.000000000000000000e+00
6.329361374895362546e-01
0.000000000000000000e+00
0.000000000000000000e+00
0.000000000000000000e+00
6.108479072301009616e-01
5.827629328984529344e-01
8.933531547054032185e-01
0.000000000000000000e+00
0.000000000000000000e+00
5.463389392121495991e-01
1.197092203414507283e+00
0.000000000000000000e+00
0.000000000000000000e+00
1.037478777221001236e+00
1.209436153795655944e+00
0.000000000000000000e+00
0.000000000000000000e+00
0.000000000000000000e+00
1.511863233130263939e+00
1.342313508635824881e+00
4.585532763293876379e-01
0.000000000000000000e+00
1.375581309734380531e+00
6.904908583456466076e-01
0.000000000000000000e+00
0.000000000000000000e+00
1.097659721642596065e+00
0.000000000000000000e+00
0.000000000000000000e+00
0.000000000000000000e+00
0.000000000000000000e+00
4.289470084511941561e-01
0.000000000000000000e+00
1.323948161063046892e-02
2.190768705713653369e-02
1.584530051505170789e+00
6.137369905487920496e-01
0.000000000000000000e+00
0.000000000000000000e+00
0.000000000000000000e+00
0.000000000000000000e+00
7.974320450828038531e-01
0.000000000000000000e+00
0.000000000000000000e+00
6.760332126909517347e-01
2.333538181971205883e-01
9.037195205765419237e-01
8.439957517519787178e-01
0.000000000000000000e+00
1.697772032848915702e-01
2.364915240219741810e-01
8.485641442399718404e-01
0.000000000000000000e+00
0.000000000000000000e+00
0.000000000000000000e+00
0.000000000000000000e+00
0.000000000000000000e+00
1.212159105169805740e+00
7.105446922131165577e-01
0.000000000000000000e+00
0.000000000000000000e+00
0.000000000000000000e+00
1.230539515043468146e+00
4.528674946260551892e-01
7.541838679467156581e-01
2.735590296756787998e-01
0.000000000000000000e+00
1.684134308505725652e+00
1.227147093858305116e+00
0.000000000000000000e+00
1.202156114172845680e-01
0.000000000000000000e+00
0.000000000000000000e+00
1.416668104357788005e+00
0.000000000000000000e+00
0.000000000000000000e+00
0.000000000000000000e+00
1.347839346255813586e-01
0.000000000000000000e+00
7.361518557978493638e-01
0.000000000000000000e+00
