# Ensemble C, m = 300.0, lambda = [  1.13238213e-08  -6.84355401e-09   0.00000000e+00   1.83971200e-09]
0.000000000000000000e+00
7.137432172039334111e-01
9.947570790646091954e-01
3.873159575157402168e-01
0.000000000000000000e+00
1.319162681264365311e+00
7.436077758988585140e-01
0.000000000000000000e+00
5.843830371867159146e-01
6.440693093590899032e-01
0.000000000000000000e+00
3.069007165843696261e-01
1.324695682888852311e+00
0.000000000000000000e+00
7.499375363160486474e-01
1.599882023470811099e+00
0.000000000000000000e+00
0.000000000000000000e+00
0.000000000000000000e+00
2.102784863232759704e+00
6.618608123298536094e-01
6.341520326839162891e-01
1.992333398733955319e+00
0.000000000000000000e+00
0.000000000000000000e+00
1.546533928026527560e+00
6.730363628579090207e-01
7.556277012317740294e-01
1.772615422227613147e+00
0.000000000000000000e+00
1.298974281985662838e-01
0.000000000000000000e+00
1.822993673334166509e+00
1.805706894948390318e+00
1.141620561699902892e+00
1.522309348058541456e+00
2.681495222146559887e-01
1.721046426697241116e-01
0.000000000000000000e+00
6.766581392087936964e-01
3.093949035225212474e-01
1.781810282116254252e+00
0.000000000000000000e+00
9.074687015919409294e-01
9.958814288971119533e-01
0.000000000000000000e+00
0.000000000000000000e+00
0.000000000000000000e+00
1.176569795465853829e+00
1.730595835271811822e+00
2.359034576306034747e+00
0.000000000000000000e+00
1.218068364629038891e+00
1.609838541011240798e+00
9.378944804796334189e-01
5.737522790559976826e-01
2.151445970150850151e+00
1.029420198493066207e+00
6.061612038402727221e-01
2.114385940103803430e-01
1.633926436517240538e-02
0.000000000000000000e+00
0.000000000000000000e+00
0.000000000000000000e+00
4.934295856307613914e-01
8.275042410423140149e-01
3.894287613987503782e-01
1.154124724033751548e+00
0.000000000000000000e+00
1.351805412062622169e+00
0.000000000000000000e+00
4.974552561828731734e-01
6.134362387246050652e-01
0.000000000000000000e+00
0.000000000000000000e+00
1.044743136687806384e+00
1.230209022008340369e+00
0.000000000000000000e+00
6.777261834784681360e-01
2.265025857358497152e+00
1.899882980492502371e+00
2.853372747257776787e+00
3.270192184260707902e-01
2.940626440314747514e-01
1.301044684520579420e+00
5.922602219347106178e-01
1.669270602904559642e+00
1.395634962738690477e-01
8.075004892036691251e-01
1.327036282540414502e+00
1.979173171749100568e+00
2.275779688040110216e+00
0.000000000000000000e+00
2.130865532010635555e+00
0.000000000000000000e+00
2.673728516665646038e-01
0.000000000000000000e+00
0.000000000000000000e+00
0.000000000000000000e+00
0.000000000000000000e+00
