# Ensemble C, m = 300.0, c_n/c_p = 0.948387096774, f = -0.972608695652
# lambda = [  6.86148311e-09  -6.32909746e-09   0.00000000e+00   1.51262218e-09]
#  
2.071919818586563711e+00
7.574881950692802235e-01
1.058583105915768430e+00
3.022572136513319019e-01
0.000000000000000000e+00
0.000000000000000000e+00
1.130977690860195395e+00
0.000000000000000000e+00
0.000000000000000000e+00
0.000000000000000000e+00
0.000000000000000000e+00
1.841287288309211734e+00
0.000000000000000000e+00
3.327173247679057755e-01
1.207538400241740861e+00
6.717264262783483320e-01
0.000000000000000000e+00
5.749062312536438318e-02
1.179048966334742765e+00
2.790324043455186143e+00
1.527167360281223907e+00
0.000000000000000000e+00
5.598086463274685176e-01
0.000000000000000000e+00
1.558944230991225810e+00
0.000000000000000000e+00
4.001109997729288548e-01
1.360384008233598951e+00
0.000000000000000000e+00
0.000000000000000000e+00
0.000000000000000000e+00
0.000000000000000000e+00
0.000000000000000000e+00
0.000000000000000000e+00
0.000000000000000000e+00
3.396492729849732162e-01
9.248899390262801390e-01
0.000000000000000000e+00
0.000000000000000000e+00
6.751443663488397862e-01
0.000000000000000000e+00
0.000000000000000000e+00
0.000000000000000000e+00
2.450495005681071758e-01
5.301348005807126063e-01
3.065919988453530975e-01
0.000000000000000000e+00
3.161547173805923094e-01
7.364680603259435299e-02
3.694026501605708890e-01
0.000000000000000000e+00
7.819907023827079584e-01
1.416023675928060221e+00
6.155856267155204176e-01
0.000000000000000000e+00
0.000000000000000000e+00
0.000000000000000000e+00
1.105907783307516823e+00
0.000000000000000000e+00
0.000000000000000000e+00
0.000000000000000000e+00
0.000000000000000000e+00
7.473694668346582137e-01
1.734553333254547525e+00
1.278933020540229393e+00
2.000048588822254669e-01
0.000000000000000000e+00
1.055300566190330080e+00
8.960475209806331165e-01
1.443676428582601812e+00
1.043359234787929690e+00
3.369106179386102684e-02
1.900199237934768748e+00
7.611373466154174317e-01
0.000000000000000000e+00
0.000000000000000000e+00
0.000000000000000000e+00
0.000000000000000000e+00
0.000000000000000000e+00
0.000000000000000000e+00
2.652722932989568516e-01
9.226218411692501675e-01
0.000000000000000000e+00
4.141015440074772846e-01
0.000000000000000000e+00
1.524790111946647264e-01
1.396514651643077434e-02
1.920328136133608865e+00
1.489253387825679176e-01
0.000000000000000000e+00
1.003877136234851530e+00
4.656335953265688388e-01
0.000000000000000000e+00
0.000000000000000000e+00
9.386046571277927297e-01
5.905521237017169467e-01
0.000000000000000000e+00
4.528571868117977628e-01
0.000000000000000000e+00
0.000000000000000000e+00
