# Ensemble C, m = 300.0, c_n/c_p = 0.987096774194, f = -0.961428571429
# lambda = [  5.82901824e-09  -5.53187262e-09   0.00000000e+00   1.58261128e-09]
#  
8.128871271546890265e-01
0.000000000000000000e+00
3.193756028618115472e-01
1.493072968233393194e+00
0.000000000000000000e+00
2.846134581376327799e-01
0.000000000000000000e+00
1.043359234787929690e+00
4.043067760075104156e-01
7.264680939039246388e-01
4.776991775453732769e-01
0.000000000000000000e+00
0.000000000000000000e+00
1.778047906966979896e+00
6.427709955608917891e-01
0.000000000000000000e+00
0.000000000000000000e+00
0.000000000000000000e+00
7.174092373569072034e-01
1.465675237485842830e+00
1.235032110158818863e+00
0.000000000000000000e+00
2.939877842757864304e-02
0.000000000000000000e+00
0.000000000000000000e+00
1.073686138513444896e-02
1.773017992711939383e+00
0.000000000000000000e+00
0.000000000000000000e+00
9.893932186018655761e-01
2.153154039248204032e+00
1.086828849978871192e+00
0.000000000000000000e+00
0.000000000000000000e+00
5.829130139075039407e-01
6.852871472062180835e-01
0.000000000000000000e+00
1.077038662471937691e+00
1.145986476003713284e+00
1.424168922445127716e+00
3.823455293667034176e-03
3.521525793876963406e-01
1.286148288006722318e+00
5.294308079950538204e-01
0.000000000000000000e+00
4.414624490035278792e-01
9.775124176437024470e-01
5.317475898856057759e-01
0.000000000000000000e+00
6.196672635990347899e-01
0.000000000000000000e+00
0.000000000000000000e+00
7.020992464583115655e-01
5.344713814009112163e-01
0.000000000000000000e+00
3.772121221759256460e-01
0.000000000000000000e+00
2.020044080875547099e+00
0.000000000000000000e+00
3.407269957411765970e-01
4.760081487974002212e-01
0.000000000000000000e+00
4.799740915033065547e-01
1.559971160914668920e+00
9.654311740987471246e-01
1.687050102216619329e+00
2.451882336135815244e-01
0.000000000000000000e+00
0.000000000000000000e+00
1.946163417651460614e+00
1.661256536592017774e+00
7.114390738820579319e-02
1.114633389033360400e+00
7.446115453886990032e-01
6.279538744286952134e-01
1.585217359984885110e-01
2.440293559651979471e+00
5.377674000463064305e-03
2.830306323139694658e-01
0.000000000000000000e+00
3.574436209038071022e-01
0.000000000000000000e+00
0.000000000000000000e+00
4.080441444511181404e-01
1.681235890247282511e-02
1.082356221138693675e+00
3.594175282726106563e-02
0.000000000000000000e+00
0.000000000000000000e+00
3.949850507052719839e-02
8.681886935311905473e-01
0.000000000000000000e+00
4.828085496169859936e-01
1.199886398847714419e+00
2.708349320349464850e+00
0.000000000000000000e+00
6.258697142753182341e-01
0.000000000000000000e+00
0.000000000000000000e+00
1.702649834937026485e+00
