# Ensemble C, m = 300.0, c_n/c_p = 0.716129032258, f = -0.994782608696
# lambda = [  2.89920581e-08  -2.06537307e-08   0.00000000e+00   2.11809199e-09]
#  
4.783121600796934381e+00
4.578564652089705866e+00
4.665073662742983629e+00
4.090731411807803752e+00
3.813958659808661000e+00
3.203288920856315780e+00
3.272105485904756250e+00
2.699470313808090438e+00
3.828562224309005391e+00
2.277970516285875657e+00
3.028508154755857440e+00
4.347549301384582066e+00
4.156075644517708945e+00
3.051742392217299482e+00
2.331972266801420890e+00
3.373080138229224811e+00
4.305561051494574798e+00
3.130591853407064029e+00
3.748672705508557357e+00
3.227616728396955015e+00
2.739485172092610554e+00
4.813003753199075696e+00
3.743035278800832977e+00
2.182182154334677104e+00
3.887679585370672708e+00
4.202582395414812488e+00
5.117893135414011141e+00
4.700905832047037158e+00
3.521893632377846473e+00
2.779052370220068902e+00
4.237274352476593009e+00
5.546055873951632798e+00
4.461243114655198738e+00
3.779099320743496637e+00
3.293697130519837923e+00
2.522678646972188687e+00
2.874977823144907241e+00
3.522525198929510992e+00
2.351058161067692609e+00
4.661033502919417870e+00
4.680765410578140440e+00
2.646117005487861107e+00
3.390378783394899731e+00
3.985148823081691383e+00
3.621258843933234051e+00
4.027348843273922618e+00
4.392165480646865738e+00
3.373314332946603322e+00
3.938475750924298691e+00
4.861494387003543416e+00
3.352168026775649068e+00
2.680775817245502068e+00
5.017681824087517839e+00
3.528983578219646589e+00
4.943318748597148371e+00
1.733273981770111050e+00
2.776030572887833170e+00
2.274270375037162673e+00
2.079440739198120003e+00
2.360040940860806735e+00
4.467986693012319321e+00
3.763600639703712947e+00
4.167785040218927151e+00
3.414859309898203854e+00
4.789740337785574731e+00
5.079136974545419569e+00
4.354760650610804973e+00
3.984182080298001694e+00
3.987841054200303770e+00
2.649691226750998663e+00
3.529111336651416853e+00
2.920089479208373362e+00
4.572514078613142630e+00
5.303299111921467635e+00
4.315740486671068687e+00
4.048517011038258673e+00
4.670928351329035166e+00
3.598410996238329496e+00
2.697483406907841719e+00
2.322649993486308073e+00
3.611073658072252890e+00
3.499082738734465625e+00
1.885036002344024020e+00
4.030874138185053468e+00
3.215459033463452521e+00
4.500794033623572332e+00
4.465686621974741755e+00
8.255952028120157049e-01
1.773390293465399781e+00
4.796604405068952914e+00
3.780153115674070197e+00
3.128106864594998093e+00
4.624311187546639168e+00
4.588433857180442388e+00
4.365774033902718010e+00
3.699219907453765277e+00
4.554197894494068422e+00
2.452415005918146207e+00
4.044796935140428928e+00
4.031176258572713778e+00
