# Ensemble C, m = 300.0, c_n/c_p = 0.767741935484, f = -0.97
# lambda = [  1.11801007e-08  -8.32592920e-09   0.00000000e+00   2.08667455e-09]
#  
0.000000000000000000e+00
8.907428441681588538e-01
1.827341963666125668e+00
2.820576401551476708e-01
1.866318605900132876e+00
1.569320370188015401e-02
5.062004389368449653e-01
2.106457826592018079e-01
3.519407768567773265e-01
1.407863087891657317e-01
2.794422072897247422e-01
1.642159788483802840e+00
1.883847027059593060e+00
1.345761615522895333e-02
1.630259248781966264e+00
2.777578059617264117e+00
6.364723835823186959e-02
6.177334799682091537e-01
1.662550486187043486e+00
1.547458683720014605e+00
8.724700313877665758e-01
1.913190615230826452e+00
4.511614103930510766e-01
0.000000000000000000e+00
8.826362565774068525e-01
1.782391062058176434e+00
0.000000000000000000e+00
1.964712008120346812e-02
3.616161834914992101e-01
4.001373368758005533e-01
0.000000000000000000e+00
5.412564729221332194e-02
5.163053816006624164e-01
9.132157128694767811e-01
2.834357652248138404e-01
9.307376899776739765e-02
0.000000000000000000e+00
0.000000000000000000e+00
1.883847027059593060e+00
1.741962540102566792e-01
6.896155766093458039e-01
0.000000000000000000e+00
1.040835743021505166e+00
8.037210590681133082e-01
3.711671456658019452e-02
2.925211946315988687e-01
2.552839270723415765e+00
9.217835740485736951e-01
5.608783760865776458e-01
9.405467379199020650e-01
3.297126748649281680e-02
1.017379361103581514e+00
9.409866945712434816e-02
1.795010469929352731e-02
8.058332182032127422e-01
2.732812637216560092e-01
1.695216400835817261e+00
8.489110829421876447e-01
1.753089710986072580e+00
6.847301445866526004e-01
1.662198556564999097e-02
2.122324779506875106e-02
3.224883555666512303e-01
3.354785530938632743e+00
4.520830481016849256e-01
6.005437330210365750e-03
2.079520190046208139e+00
5.160065969555053256e-01
4.208362145714878572e-02
2.514418019402117066e-01
3.451359952517302210e-02
1.949281542989501209e-02
0.000000000000000000e+00
5.296769586510401834e-02
1.047921714488793787e+00
1.494080762634497184e+00
4.359121014165445729e-02
1.461114061081210780e+00
2.139766718859289485e-01
1.761822918443684272e-01
1.197647147225488151e+00
5.947231301764456246e-01
5.628736190829609215e-02
1.001948858596756420e+00
2.365869408769123439e+00
1.426461807322038262e-02
8.955151750205437855e-01
1.499583225521978536e+00
0.000000000000000000e+00
2.102933946940903354e-02
2.602823911124134137e-01
8.065342957398692336e-01
1.278279378255197329e+00
1.160877745872269384e-01
0.000000000000000000e+00
3.058002353507606463e-02
1.638323539573817156e+00
4.941588673730500370e-01
1.066749653483463171e-02
1.684779987079752794e-01
