# Ensemble C, m = 300.0, c_n/c_p = 0.754838709677, f = -0.981739130435
# lambda = [  1.43786862e-08  -1.06553930e-08   0.00000000e+00   2.06470181e-09]
#  
1.909615257064103608e-02
7.922941612550404855e-01
3.660958862080981868e-01
1.056088402168337881e+00
2.553167753814570062e+00
1.820635040790033576e+00
0.000000000000000000e+00
2.539503149277371960e-02
1.500348778703531449e+00
2.677103719771130930e+00
2.801476848843095446e+00
9.972399121082955453e-01
0.000000000000000000e+00
1.695891870953473435e-01
2.658533917938270985e+00
0.000000000000000000e+00
3.599590588398917657e-01
3.549896576873038390e-01
1.626680889561793020e+00
1.000233941835662277e+00
1.981551121382941538e+00
0.000000000000000000e+00
8.416739961689075900e-01
1.227030205384522343e+00
2.137691110136966444e+00
2.653165721862660753e+00
1.832673018320632563e+00
4.250812533384617509e-01
1.533278043787805522e+00
1.278144936359237871e+00
1.958281000838600905e+00
1.527493330499723134e+00
2.274933852113901533e+00
2.256125748560728894e+00
1.901909838289219890e+00
2.744954437232882682e+00
4.857162823154451692e-01
1.947018751761706801e+00
0.000000000000000000e+00
1.965160891157425649e+00
2.191294933802000688e+00
1.775531145388778764e+00
1.300388783480162402e+00
7.293086085560209764e-01
2.087230547529972835e+00
0.000000000000000000e+00
1.622519338982101100e+00
1.537823047196613946e-01
3.240096678872142366e+00
0.000000000000000000e+00
1.126724632167828588e+00
0.000000000000000000e+00
1.085556538005727711e+00
7.563105580624636115e-01
0.000000000000000000e+00
2.739913863307423814e+00
8.876281330111007728e-01
3.339305694678961212e-01
3.514757657948380798e-01
1.935688137600984016e+00
1.678218889579498274e+00
1.042085723270833153e+00
2.761056237784186518e+00
2.008057617023124575e+00
2.351157574357231272e+00
2.829839427676144048e+00
4.422036282096986071e-01
2.941534958880230199e+00
1.990869047791563040e-01
5.907989037000372506e-02
0.000000000000000000e+00
2.871875943009454812e-01
3.525544493983000738e+00
8.632406328449102606e-01
9.896197809922699373e-02
1.913000209913888194e-01
2.570444288718659376e+00
2.262605567534761608e+00
1.886180484022969839e-01
0.000000000000000000e+00
1.756093020191840326e+00
2.567617156236785547e+00
8.472656246834620042e-01
5.191441138577496117e-01
2.161250563880200204e+00
3.432379304433886613e+00
6.215019644133168430e-02
1.205570456498308740e+00
1.631714142304361514e+00
6.713750568048968415e-01
1.599135597016271948e+00
1.139548189688406987e+00
2.820568022915868944e+00
1.260905499443523592e+00
2.954481977169518547e+00
1.006226668878761998e+00
3.443584841064124991e+00
1.512234053227519692e-01
1.575395862270334124e+00
7.557599242779877713e-01
