# Ensemble C, m = 300.0, lambda = [  1.19460568e-08  -9.27832887e-09   0.00000000e+00   1.94389552e-09]
0.000000000000000000e+00
3.952230328319752961e-01
5.476177727272310003e-01
0.000000000000000000e+00
4.101639193426739882e-01
0.000000000000000000e+00
0.000000000000000000e+00
1.510051482370388332e+00
1.982847291880078522e-01
0.000000000000000000e+00
0.000000000000000000e+00
1.708264533853532718e+00
1.702297219286238228e+00
9.708463595350413922e-01
1.114472019678340864e+00
0.000000000000000000e+00
6.211076197340634764e-01
4.859632956051699454e-02
3.126983379857256051e-01
1.926780935171138687e+00
0.000000000000000000e+00
1.462390368838101029e+00
0.000000000000000000e+00
2.098167814649321283e-01
0.000000000000000000e+00
1.550536428270537170e+00
2.165806752359165088e+00
2.613912111109333303e+00
1.719800062707012245e+00
9.705582753285401099e-01
8.788421982797089971e-01
2.354486050890759685e+00
3.716892366948059134e-01
0.000000000000000000e+00
0.000000000000000000e+00
0.000000000000000000e+00
2.080191561765113162e-01
3.511319969766166782e-01
0.000000000000000000e+00
3.837446960787581074e-01
1.875021055000087866e+00
1.814511132128477255e+00
7.787967602228413888e-01
7.018021518699070205e-01
1.036950872673392476e+00
1.016304113487239702e+00
0.000000000000000000e+00
0.000000000000000000e+00
0.000000000000000000e+00
6.110385602813760419e-01
6.571557014233047056e-01
1.065544146297857875e+00
2.549739071634466558e+00
9.331182612377372232e-01
1.663555292222592463e+00
6.556078185611304843e-01
9.456570779311066488e-01
1.601794076398405764e+00
1.018835072189665514e-01
2.201004439178048333e+00
1.073664296264779772e+00
0.000000000000000000e+00
8.741456933032992760e-01
4.000262957338070469e-01
2.564678771027777415e+00
1.420661944355998241e+00
5.884618146110692782e-01
2.695832617904361239e-01
5.555510525187437043e-01
1.945633883765541805e+00
1.250432170409458088e+00
8.043667743178614105e-01
0.000000000000000000e+00
1.886997525344942694e+00
0.000000000000000000e+00
1.333348338139267231e+00
1.490751342818487313e+00
8.313741780310296425e-01
1.661626942521266859e+00
2.715052167054985977e-01
4.889647202179205066e-02
1.091011040672706045e+00
0.000000000000000000e+00
1.291760338425898880e+00
6.590379802480925142e-02
0.000000000000000000e+00
1.189007147197459036e+00
0.000000000000000000e+00
1.084652251689881414e-01
2.571441488576382550e+00
1.299022344740966783e+00
1.607273528889798131e+00
1.720122179051040368e+00
2.442403237491166390e+00
1.568118152037783819e+00
0.000000000000000000e+00
1.588487706790002285e+00
1.383783773333710165e+00
0.000000000000000000e+00
1.914923443555077487e+00
