# Ensemble C, m = 300.0, c_n/c_p = 0.716129032258, f = -0.973913043478
# lambda = [  1.31797231e-08  -9.19216366e-09   0.00000000e+00   2.14177222e-09]
#  
1.147283784061373879e+00
2.055860918852161046e+00
9.704160397065099142e-01
9.601617184685475870e-01
3.796084283085141009e-01
4.823962889975692003e-01
0.000000000000000000e+00
8.266865214803281736e-01
1.794755136127890172e+00
8.610863469641745205e-01
2.323169253912040322e+00
1.546496613172135604e+00
1.476901309143781482e+00
0.000000000000000000e+00
9.389688216270893895e-01
3.281886242179452018e-01
1.004768380923473980e+00
1.025865773299514228e+00
1.025480718621281984e+00
1.387199232319069608e+00
1.623913661086207938e+00
0.000000000000000000e+00
1.239280895017452234e-02
9.553586065239473291e-01
0.000000000000000000e+00
2.310330269363278344e+00
0.000000000000000000e+00
2.357155476401580074e+00
3.186812232974536863e-01
1.248324314222630349e+00
1.467452205860590997e+00
1.213789346795674629e+00
2.516079234951819288e+00
1.911853757474192506e+00
0.000000000000000000e+00
2.713779842511794271e-01
1.286911696329344768e+00
2.429071847101933468e+00
2.375384889241035857e+00
1.330889266927577808e+00
1.032637100444180195e-01
1.614146686591824587e+00
1.533490371290883836e+00
2.779696859650312213e+00
0.000000000000000000e+00
0.000000000000000000e+00
0.000000000000000000e+00
8.309911420716288577e-02
1.087018768642673994e+00
0.000000000000000000e+00
3.984250015006703394e-01
1.247555398379977198e+00
1.342252752438247709e+00
7.447488905044777341e-02
1.963603391329831638e+00
2.621872243951308246e+00
1.452495701002193496e+00
2.126324634403049529e+00
2.619185069626621232e+00
1.865989379049440400e+00
6.867054753926292721e-01
6.259909987923695240e-01
7.335656302504222070e-01
1.752942460114532142e-01
0.000000000000000000e+00
2.994162618794997122e-01
1.457785767983385439e+00
1.584224174368165095e+00
1.070943253800950012e+00
2.393041650369231998e+00
1.232269576926759536e+00
2.885686729181856092e-01
1.822804505833489408e+00
7.797724887045008602e-02
1.606578861355272059e+00
7.597444489194561390e-01
2.535269577565384846e+00
1.478935277812476468e+00
0.000000000000000000e+00
2.213429128194948081e+00
1.373824203254410570e+00
0.000000000000000000e+00
0.000000000000000000e+00
1.533450622446546951e+00
1.828126918274745938e+00
0.000000000000000000e+00
1.443079364756982397e+00
7.025748876944607479e-01
1.335508978173924888e+00
1.165645110950627839e+00
0.000000000000000000e+00
6.795936711882332171e-01
1.157195335717711160e+00
2.022058102530168266e+00
9.792718711419998723e-01
1.558821283819006531e+00
0.000000000000000000e+00
0.000000000000000000e+00
3.790077183909416614e-01
7.753506062232878859e-02
