# Ensemble C, m = 300.0, lambda = [  7.51289635e-09  -6.75797144e-09   0.00000000e+00   1.54015805e-09]
1.107542823532301074e-01
8.187218596964991324e-01
1.202236867544615784e+00
8.523105841755914680e-01
1.803142390334392664e-01
6.093815891998530798e-01
0.000000000000000000e+00
1.237031245676806446e+00
0.000000000000000000e+00
0.000000000000000000e+00
5.546807638729276402e-01
2.384883508391453688e+00
2.150170648063765011e-01
0.000000000000000000e+00
1.775848369833137097e+00
2.387393057786414349e-03
7.864126861305588134e-01
2.366198252134916191e-01
0.000000000000000000e+00
1.532679869607874057e+00
0.000000000000000000e+00
0.000000000000000000e+00
9.753550564503946640e-01
1.504133665997113845e+00
9.379193261924697600e-01
0.000000000000000000e+00
0.000000000000000000e+00
4.321961716588144653e-01
0.000000000000000000e+00
0.000000000000000000e+00
8.601402742031085194e-03
0.000000000000000000e+00
0.000000000000000000e+00
1.559974653646796661e+00
0.000000000000000000e+00
1.492144313749948603e+00
2.570713822526585757e-01
0.000000000000000000e+00
7.851571006377530137e-01
0.000000000000000000e+00
0.000000000000000000e+00
2.041786274275009916e+00
2.477993490092704754e+00
0.000000000000000000e+00
3.196305766752662869e-01
1.616677421773416445e-01
0.000000000000000000e+00
0.000000000000000000e+00
0.000000000000000000e+00
1.277623714001706823e+00
6.594899088022829758e-01
0.000000000000000000e+00
5.305936930702603860e-01
7.315019485529248300e-01
0.000000000000000000e+00
0.000000000000000000e+00
0.000000000000000000e+00
7.911409259223692314e-02
0.000000000000000000e+00
0.000000000000000000e+00
0.000000000000000000e+00
0.000000000000000000e+00
0.000000000000000000e+00
9.637986572026834287e-01
9.386756517228717067e-01
3.278872464214797056e-01
9.082686332130859297e-01
1.243632514825703916e+00
2.073300075814541454e+00
0.000000000000000000e+00
6.300239509898545309e-01
0.000000000000000000e+00
8.020581091315798217e-01
0.000000000000000000e+00
5.192089255806880965e-01
1.835554974069952605e+00
9.532873134110901869e-01
0.000000000000000000e+00
2.028439782604190000e+00
1.408360165575783363e+00
0.000000000000000000e+00
0.000000000000000000e+00
1.823481019548765847e+00
0.000000000000000000e+00
0.000000000000000000e+00
6.262850793316704356e-02
1.621813777922288091e+00
3.975316585742939002e-01
0.000000000000000000e+00
0.000000000000000000e+00
1.701250112038521278e+00
0.000000000000000000e+00
0.000000000000000000e+00
0.000000000000000000e+00
0.000000000000000000e+00
0.000000000000000000e+00
8.655431500662542632e-01
0.000000000000000000e+00
0.000000000000000000e+00
7.814281988140049373e-01
