# Ensemble C, m = 300.0, c_n/c_p = 0.767741935484, f = -0.94
# lambda = [  8.15441912e-09  -5.88486014e-09   0.00000000e+00   2.13591902e-09]
#  
7.841333109129149104e-02
0.000000000000000000e+00
0.000000000000000000e+00
2.893656469532251418e-01
3.762397764082726082e-01
1.446480302474620450e+00
0.000000000000000000e+00
2.016283243161597072e-01
1.663673296887505426e+00
1.507380796745561025e-01
6.556903706385570629e-01
0.000000000000000000e+00
0.000000000000000000e+00
0.000000000000000000e+00
5.351412742934109623e-01
0.000000000000000000e+00
0.000000000000000000e+00
0.000000000000000000e+00
0.000000000000000000e+00
1.387114423201042168e+00
1.030995962818154199e+00
3.439747349690863154e-01
0.000000000000000000e+00
1.035873597086187370e-01
1.080024336019596784e-02
1.156613275680241776e-01
0.000000000000000000e+00
0.000000000000000000e+00
0.000000000000000000e+00
0.000000000000000000e+00
2.314182362608070351e-02
0.000000000000000000e+00
1.740522775269220598e-02
0.000000000000000000e+00
0.000000000000000000e+00
0.000000000000000000e+00
0.000000000000000000e+00
0.000000000000000000e+00
5.911785041892175102e-02
1.673555399849635084e+00
7.186548924519178816e-02
4.107091787028890190e-02
1.462054175918451326e+00
3.656363121513740017e-02
1.004850693261411410e+00
1.106122893078680808e-01
1.318045713391735596e+00
1.376915507088604773e+00
0.000000000000000000e+00
5.033066924149969673e-02
1.396552276393344449e+00
0.000000000000000000e+00
0.000000000000000000e+00
3.994052197834565415e-02
0.000000000000000000e+00
0.000000000000000000e+00
9.336116522953957775e-02
0.000000000000000000e+00
1.868090007074962346e-03
2.401457858888976116e+00
0.000000000000000000e+00
3.313916628480203519e-01
0.000000000000000000e+00
5.359801965633222837e-02
3.026871960619910151e-01
0.000000000000000000e+00
8.111965281641765335e-01
4.016967004400390229e-02
0.000000000000000000e+00
0.000000000000000000e+00
1.321210875773545457e+00
0.000000000000000000e+00
0.000000000000000000e+00
0.000000000000000000e+00
2.094661931577012748e+00
2.550502394239987591e+00
0.000000000000000000e+00
1.826308780814861699e+00
0.000000000000000000e+00
5.128834370766224143e-02
5.822377141473113193e-02
5.829665348971232314e-02
5.620613253486108629e-01
5.694165358564831081e-01
0.000000000000000000e+00
5.697801695469276173e-02
2.024624429037125140e+00
4.428555816077522356e-01
0.000000000000000000e+00
5.709890238833061904e-01
1.742312205227937394e+00
5.105743857522476725e-01
1.567705656049639629e+00
3.277731993062988486e-02
4.529493192124071921e-02
0.000000000000000000e+00
0.000000000000000000e+00
4.463640883660518338e-02
8.319380977142691591e-02
0.000000000000000000e+00
