# Ensemble C, m = 300.0, c_n/c_p = 0.703225806452, f = -0.981739130435
# lambda = [  1.59615771e-08  -1.10196221e-08   0.00000000e+00   2.13527871e-09]
#  
1.054591835366758490e+00
1.178414176020256221e+00
2.578772939687395294e+00
5.545891000655810421e-01
2.406275589965501283e+00
3.125187943438405114e+00
1.820714943327372479e-02
1.305487337293131933e+00
2.617147906646615230e+00
3.470069813981301099e+00
8.860254593854450800e-01
1.666064691071735604e+00
4.560310306149786830e-01
2.235131732151484751e+00
8.818134678550780814e-01
1.548895043722687159e+00
2.425788516956692981e-02
1.113180363083889457e+00
1.427823367416581002e+00
1.770189033299167436e+00
1.018003993949996744e+00
2.386710680346045610e+00
0.000000000000000000e+00
7.594373911450436054e-01
3.389269883129740202e-01
2.696392770477211709e+00
3.324888454203083654e+00
0.000000000000000000e+00
1.661350019985188053e+00
1.474609089304745879e+00
3.474274682709470596e+00
2.000478627069154580e+00
8.710583968331190308e-01
6.762811009881867230e-01
0.000000000000000000e+00
8.907482471542588209e-01
2.024694908449087727e+00
5.364315280048953527e-01
1.948600542952911185e+00
1.858413413754617549e+00
1.656002341994230687e+00
4.539203238141097940e-01
1.537490022552436830e+00
4.929600185899300491e-01
2.408300833738621222e-02
2.126065630521671412e+00
2.346694570221637299e+00
1.250563779160290601e+00
5.568737707982194252e-01
1.571178585602402977e+00
6.152495590308408868e-01
1.982742077663505187e-01
1.641677433692104726e-01
5.906090499007523587e-01
1.106923770005791896e+00
0.000000000000000000e+00
2.328277767936597353e-01
0.000000000000000000e+00
7.624489164046134304e-01
3.932524217758296192e+00
1.028954240862544500e+00
3.087190361349676504e+00
2.139699949486857822e+00
1.776283923774425455e+00
2.934931256865464189e+00
3.794060264606996746e+00
7.603476160498456871e-01
1.212563050320212277e+00
1.196543967449219315e+00
2.700530344467384936e+00
1.519657404230638775e+00
2.277733825210207508e-01
2.613614612082684197e+00
2.823871685340054949e+00
1.315215830496194727e+00
7.107423766028354573e-01
5.184222704294687567e-01
0.000000000000000000e+00
1.826863828638601195e+00
2.561685125118676964e+00
1.671011384414761852e-02
1.160638476833488753e+00
8.897977034900294013e-01
1.649564130565485343e+00
8.806742792816226739e-01
3.050692465762852024e+00
1.094059354512760818e+00
3.088491809330505156e+00
2.261389706115719989e+00
9.856705912460076435e-01
1.784101718598285924e+00
1.419329577332223202e+00
7.075617801641017612e-01
2.975800811912236110e+00
2.857136503682423889e+00
1.732221009547337598e+00
1.973478638257113671e+00
0.000000000000000000e+00
2.234993640390275260e+00
1.999317157021715641e+00
