# Ensemble C, m = 300.0, c_n/c_p = 0.741935483871, f = -0.971304347826
# lambda = [  1.20683988e-08  -8.69703320e-09   0.00000000e+00   2.12961298e-09]
#  
1.740065875202517098e+00
0.000000000000000000e+00
6.112276742323607959e-01
1.571926627066498050e-01
1.112699348894348850e+00
4.199178587279956965e-01
3.420708307407404059e-01
1.181738835472706750e+00
0.000000000000000000e+00
2.005028947775777670e+00
1.245678510800897865e+00
6.450515400225498297e-01
9.248432407052007559e-03
4.264407764238242193e-01
0.000000000000000000e+00
1.310122701470019635e+00
1.989116492120483581e+00
2.228241493449955257e+00
3.461520742830061170e+00
0.000000000000000000e+00
6.535884110589619544e-02
0.000000000000000000e+00
1.892847269873562388e-01
3.541716419121352377e-01
5.489327309731826254e-01
0.000000000000000000e+00
0.000000000000000000e+00
2.101647136946668049e+00
0.000000000000000000e+00
3.133187477770616347e+00
3.190213957267986067e-01
0.000000000000000000e+00
7.367729115724862554e-01
1.572384299745914760e+00
6.112837448626943226e-01
7.610877411087885180e-02
1.120868663861129377e+00
2.174309050193834025e+00
3.660214190937480239e-01
1.019587326904790592e+00
3.810624377794128659e+00
0.000000000000000000e+00
1.642774051511792344e+00
0.000000000000000000e+00
1.892283864992693410e+00
1.335975040840435835e+00
0.000000000000000000e+00
2.918286432710753164e+00
0.000000000000000000e+00
7.839790425894529458e-01
3.901514666981344082e+00
3.232732203862831888e+00
1.679642074646990002e+00
7.657076097286729111e-01
2.021764449350613280e+00
1.701902819002372169e-01
0.000000000000000000e+00
5.600997663275412153e-01
1.746333560125118423e+00
0.000000000000000000e+00
2.219294171639659474e+00
2.340966722951463908e+00
1.928304530913531156e+00
1.699878837527282416e+00
0.000000000000000000e+00
1.585188992013818021e+00
2.225581183622386661e+00
0.000000000000000000e+00
0.000000000000000000e+00
0.000000000000000000e+00
2.760889053888269995e+00
2.582765546989456151e-01
1.723936800018089022e+00
1.125739879194751492e+00
5.674346603243930059e-02
7.234776853821842102e-02
1.359792016879985521e+00
2.088497175201311951e+00
0.000000000000000000e+00
1.477247515937733513e-01
1.081120291987185844e+00
3.862738425680959931e-01
1.844652555337128907e+00
0.000000000000000000e+00
0.000000000000000000e+00
1.204917702250126066e+00
1.413168490345852346e+00
2.109861383461601125e+00
1.300859607370580928e+00
3.379743010569696837e-01
1.223987410745657423e+00
1.199423061558960057e+00
2.333999092721400270e+00
1.359249368341441944e+00
4.402090079669221945e-01
2.557818035811975754e+00
1.544303134109255460e+00
8.284704977263998016e-01
9.255457925525980567e-01
2.263769105179147978e+00
