# Ensemble C, m = 300.0, lambda = [  6.90601734e-09  -6.87148725e-09   0.00000000e+00   6.89737942e-10]
0.000000000000000000e+00
0.000000000000000000e+00
9.208021477505117236e-01
9.579984657940691234e-03
0.000000000000000000e+00
0.000000000000000000e+00
0.000000000000000000e+00
1.606789805002254226e-02
0.000000000000000000e+00
3.959195845122230606e-02
3.619039315471369450e-02
1.372033437938263489e+00
0.000000000000000000e+00
0.000000000000000000e+00
0.000000000000000000e+00
9.015231721202757731e-01
0.000000000000000000e+00
3.418418043927962668e-01
0.000000000000000000e+00
0.000000000000000000e+00
0.000000000000000000e+00
0.000000000000000000e+00
0.000000000000000000e+00
0.000000000000000000e+00
2.936451506814825585e-01
6.073765898421582543e-01
1.273176826095353320e+00
2.634541800714821150e-02
2.900939088668843535e-01
0.000000000000000000e+00
1.592541713207990206e+00
0.000000000000000000e+00
6.856990849090944806e-01
2.664767097941384222e+00
4.920253389433568714e-01
0.000000000000000000e+00
0.000000000000000000e+00
0.000000000000000000e+00
0.000000000000000000e+00
2.164857461642278325e-01
0.000000000000000000e+00
0.000000000000000000e+00
0.000000000000000000e+00
0.000000000000000000e+00
8.676078746028251590e-03
1.086521460817616358e+00
7.700101830223903265e-01
1.123087384476218809e+00
0.000000000000000000e+00
0.000000000000000000e+00
0.000000000000000000e+00
0.000000000000000000e+00
0.000000000000000000e+00
0.000000000000000000e+00
0.000000000000000000e+00
1.158561749656884077e+00
2.795193180565769264e-01
1.200389486439233933e+00
0.000000000000000000e+00
0.000000000000000000e+00
4.888820223435688117e-01
0.000000000000000000e+00
1.354126747185452118e+00
0.000000000000000000e+00
0.000000000000000000e+00
5.977121744917398560e-01
0.000000000000000000e+00
5.989398751642930341e-01
0.000000000000000000e+00
2.079497724466691899e+00
2.955634703501699434e-01
0.000000000000000000e+00
0.000000000000000000e+00
7.867090986809557873e-03
0.000000000000000000e+00
1.341481118088577507e+00
1.869904857069346393e+00
2.077888142325889087e-01
0.000000000000000000e+00
0.000000000000000000e+00
0.000000000000000000e+00
0.000000000000000000e+00
0.000000000000000000e+00
7.371853759026097963e-02
0.000000000000000000e+00
0.000000000000000000e+00
1.387678894949408437e-01
0.000000000000000000e+00
3.763762148554328224e-01
1.412789723961639599e+00
0.000000000000000000e+00
1.537320741565559201e+00
0.000000000000000000e+00
0.000000000000000000e+00
0.000000000000000000e+00
1.032837417780535089e-01
3.658544199613772974e-01
0.000000000000000000e+00
1.455373810631938047e+00
4.609831866546518775e-01
