# Ensemble C, m = 300.0, c_n/c_p = 0.870967741935, f = -0.985652173913
# lambda = [  9.95482785e-09  -8.54593349e-09   0.00000000e+00   1.46345868e-09]
#  
2.347764389328743206e+00
9.278812228171756660e-01
1.035504287537545032e-01
1.553878880104331950e+00
7.591276639518438341e-01
2.532925254671885562e-01
0.000000000000000000e+00
0.000000000000000000e+00
1.142967237387525259e+00
0.000000000000000000e+00
5.480215853996143194e-01
0.000000000000000000e+00
8.430335147166366505e-02
0.000000000000000000e+00
8.422815892046402464e-01
7.913443811031719566e-01
0.000000000000000000e+00
1.052607926104460079e+00
0.000000000000000000e+00
6.700433032510457743e-01
1.237633927991240945e+00
0.000000000000000000e+00
6.070539953369052943e-01
9.842149244134963393e-01
0.000000000000000000e+00
3.894353959681417510e-01
1.862130586240656749e+00
1.258888628534705179e+00
1.496730812613875639e+00
0.000000000000000000e+00
0.000000000000000000e+00
1.543444463852468695e+00
0.000000000000000000e+00
0.000000000000000000e+00
1.463806799390638957e+00
1.542228658187884349e+00
1.518178895729018985e+00
4.746983310224716091e-01
1.634658668710421869e+00
2.978939639972407738e-01
9.451320232367731444e-01
0.000000000000000000e+00
0.000000000000000000e+00
0.000000000000000000e+00
0.000000000000000000e+00
5.096705269386156978e-01
4.688499652669213258e-02
1.381729747208042980e+00
1.505557917550136571e+00
4.110531843406622365e-01
0.000000000000000000e+00
1.420489141572359726e+00
9.685654565610848366e-01
7.107344407351358084e-01
5.606165609557963725e-01
7.850185675618104320e-01
1.416505166215558109e+00
0.000000000000000000e+00
0.000000000000000000e+00
0.000000000000000000e+00
1.123212488558774869e+00
8.104660692729476201e-01
1.035593334407177935e+00
8.810466393332809787e-01
7.042497247092442958e-01
0.000000000000000000e+00
1.983731205944706089e+00
8.180350232574437053e-01
1.400305046711490586e+00
1.455211915860447291e+00
1.228138863047160800e+00
1.045581121665028590e+00
2.838464529096882960e-01
1.751243369719804321e-01
4.737779668364583419e-01
8.559795817905735404e-01
1.738780368699785139e+00
1.151665418238861260e+00
4.763529070562673162e-01
0.000000000000000000e+00
0.000000000000000000e+00
2.752315884443879979e-01
6.489342138144679195e-01
9.394224584634992548e-01
3.942877077230617644e-01
0.000000000000000000e+00
0.000000000000000000e+00
8.762372282199148640e-03
2.592150145297538733e-01
0.000000000000000000e+00
0.000000000000000000e+00
0.000000000000000000e+00
0.000000000000000000e+00
0.000000000000000000e+00
4.722236290497382472e-01
2.168467682554402476e-01
0.000000000000000000e+00
2.210270206994678688e+00
1.015704454937720769e+00
0.000000000000000000e+00
