# Ensemble C, m = 300.0, c_n/c_p = 0.961290322581, f = -0.979130434783
# lambda = [  6.92407519e-09  -6.51713768e-09   0.00000000e+00   1.35272730e-09]
#  
0.000000000000000000e+00
4.051644834810098628e-01
1.341867242530256243e+00
3.370388961921010895e-01
6.170402380749149263e-01
5.918154844381245949e-01
1.361285875662764155e+00
4.713803583092751048e-01
3.721278799929995940e-02
6.241389538084923805e-01
0.000000000000000000e+00
6.825718781629527276e-01
0.000000000000000000e+00
2.561526507648637443e-02
5.677477636135682681e-01
3.205234345613724445e-01
0.000000000000000000e+00
0.000000000000000000e+00
4.320192571967938489e-01
2.491457382453806879e+00
4.907344855387994476e-01
1.715941243908432279e+00
9.340278879746588547e-01
0.000000000000000000e+00
0.000000000000000000e+00
1.696561011082147630e+00
0.000000000000000000e+00
1.224360371621721288e+00
2.348504539817069248e-01
3.189887790869471162e-01
1.102943360378776522e-01
0.000000000000000000e+00
1.811403160824894165e+00
1.318233931487496680e+00
1.247511787560634744e+00
1.117559843709633238e+00
0.000000000000000000e+00
1.416116575869377781e-01
0.000000000000000000e+00
7.223188077462130430e-01
0.000000000000000000e+00
6.956658211541568229e-03
0.000000000000000000e+00
0.000000000000000000e+00
0.000000000000000000e+00
0.000000000000000000e+00
1.470165636924231745e+00
8.069856829987634983e-01
9.329854013128456858e-01
0.000000000000000000e+00
0.000000000000000000e+00
3.286981936355932166e-01
1.605251759854302296e-02
8.940811410804133663e-03
8.192062358611953421e-01
0.000000000000000000e+00
1.702816206217883099e+00
0.000000000000000000e+00
1.966491457921580588e-01
8.650043278735003449e-03
3.066511835010526377e-01
0.000000000000000000e+00
0.000000000000000000e+00
6.230039909805739073e-01
0.000000000000000000e+00
1.253555984674957213e-01
1.215840063296127038e+00
1.892712398271824137e-01
3.979782895793994302e-02
0.000000000000000000e+00
3.758091080021654928e-01
0.000000000000000000e+00
0.000000000000000000e+00
6.782611259610036303e-01
0.000000000000000000e+00
1.892484770813307460e+00
7.524560380810488835e-01
0.000000000000000000e+00
0.000000000000000000e+00
4.922754043815541491e-01
0.000000000000000000e+00
0.000000000000000000e+00
0.000000000000000000e+00
1.457621631181728272e+00
0.000000000000000000e+00
0.000000000000000000e+00
6.307224017669789129e-01
0.000000000000000000e+00
7.547759636605471112e-01
7.524560380810488835e-01
0.000000000000000000e+00
0.000000000000000000e+00
1.154626105074174625e+00
0.000000000000000000e+00
0.000000000000000000e+00
0.000000000000000000e+00
9.702186573879904019e-01
1.883751125758469647e-01
0.000000000000000000e+00
2.687847734181237347e-01
