# Ensemble C, m = 300.0, lambda = [  1.71671288e-08  -1.06224378e-08   0.00000000e+00   1.60695627e-09]
1.985042738440663257e+00
1.037656284662142880e+00
1.010227258342311973e+00
0.000000000000000000e+00
0.000000000000000000e+00
1.521913458358458704e-01
7.737817305657119782e-01
1.733767842548044502e+00
0.000000000000000000e+00
2.866231329810136064e-01
0.000000000000000000e+00
1.111548704700664469e+00
3.088700378022411763e-02
4.273736648016874251e-01
0.000000000000000000e+00
3.664950145007359605e-01
0.000000000000000000e+00
0.000000000000000000e+00
0.000000000000000000e+00
0.000000000000000000e+00
4.868768969865481244e-01
0.000000000000000000e+00
3.966574097515808695e-01
2.402720173284184427e-03
2.706028581713687764e+00
0.000000000000000000e+00
1.735506918622788275e+00
0.000000000000000000e+00
1.635814112500813211e+00
7.183883920759451605e-03
0.000000000000000000e+00
9.381607299280773082e-01
1.196174296139143889e-01
5.525717932902990404e-01
0.000000000000000000e+00
2.323184222136224442e+00
1.065264185023074628e+00
9.968422231402956912e-01
1.706494072452380717e+00
1.107828139015993418e+00
0.000000000000000000e+00
6.128457820984029025e-01
0.000000000000000000e+00
0.000000000000000000e+00
4.029462621401167510e-01
6.092021355828397544e-01
0.000000000000000000e+00
0.000000000000000000e+00
9.443267375137669450e-01
9.671285582161163186e-01
1.180038405095161849e-02
7.491300109125866857e-01
2.792456929756235162e-01
0.000000000000000000e+00
1.546655948180200690e+00
1.107013827695431107e+00
0.000000000000000000e+00
0.000000000000000000e+00
2.148675054555640451e-02
2.728895907462718817e+00
1.734100460980167790e+00
1.071768766653862448e+00
0.000000000000000000e+00
7.561176074629877286e-01
1.495593812507789000e+00
0.000000000000000000e+00
0.000000000000000000e+00
0.000000000000000000e+00
0.000000000000000000e+00
2.791928347967955748e+00
0.000000000000000000e+00
3.814933144575287649e-01
1.930152620526495610e+00
8.190429399959898715e-01
5.448174281585278500e-01
0.000000000000000000e+00
8.355715932099482268e-01
0.000000000000000000e+00
8.206138863666176952e-01
1.222723114924508359e+00
0.000000000000000000e+00
1.300987025416372456e+00
0.000000000000000000e+00
9.774812674104904620e-02
0.000000000000000000e+00
1.939490892518658249e-02
3.688561943944995147e-01
2.966672261415718714e-01
0.000000000000000000e+00
3.357249594226725531e-01
3.950329704069039938e-01
0.000000000000000000e+00
1.630267805022725058e+00
0.000000000000000000e+00
1.289435370243933843e+00
6.472550423976202172e-01
2.182437908427992124e+00
3.998260427473503409e-01
1.994991784312451832e+00
1.192418044549719669e+00
