# Ensemble C, m = 300.0, c_n/c_p = 0.6, f = -0.971304347826
# lambda = [  1.15491428e-08  -6.73063955e-09   0.00000000e+00   1.64810885e-09]
#  
0.000000000000000000e+00
9.071499043076838298e-01
1.235832199719152813e+00
9.854498444984525207e-01
6.287903165175275921e-01
0.000000000000000000e+00
5.671283654891119408e-01
0.000000000000000000e+00
1.452007616006399937e+00
9.118232940584071189e-01
1.042423168902202102e+00
1.888319530632041499e+00
4.674063725294330673e-01
1.094731825554884797e+00
2.622637819666392422e-01
4.590672081216417566e-01
0.000000000000000000e+00
1.316395047042681732e+00
0.000000000000000000e+00
7.110372852959081502e-01
4.819411368187982991e-01
1.229207523785105227e+00
8.058946691502005821e-01
0.000000000000000000e+00
0.000000000000000000e+00
1.141730408692765764e+00
1.348871993140988490e+00
1.666421815743858392e+00
5.459678672179286985e-02
6.340560994617653323e-01
1.330375091962791023e+00
1.735783843851193220e+00
1.452765570483619095e+00
9.553214653717591043e-01
0.000000000000000000e+00
1.435169152872483256e+00
0.000000000000000000e+00
9.631693839093486975e-01
6.086954094800501869e-01
1.512896245387644889e+00
7.320532977532840935e-01
0.000000000000000000e+00
6.439613647423688692e-01
1.081154854556000799e+00
0.000000000000000000e+00
1.690243959145037111e+00
7.230907872642153844e-01
3.871996307327271736e-01
4.506179988920515633e-01
4.840829041915210018e-01
4.896220136973076231e-01
0.000000000000000000e+00
2.926340718261188911e-01
0.000000000000000000e+00
1.017347373890310491e+00
1.861865852910294050e+00
0.000000000000000000e+00
9.118580095692412346e-01
0.000000000000000000e+00
0.000000000000000000e+00
0.000000000000000000e+00
0.000000000000000000e+00
1.846704821127793217e+00
1.734192237042375406e-01
0.000000000000000000e+00
0.000000000000000000e+00
2.757519167294140705e-01
1.045811843309299549e+00
0.000000000000000000e+00
0.000000000000000000e+00
2.169446685589668800e+00
4.588275333596826822e-01
8.668598089736813117e-01
1.109331780268297596e+00
0.000000000000000000e+00
0.000000000000000000e+00
0.000000000000000000e+00
5.002708539048458247e-01
7.893958928061453606e-02
1.092872561041629692e-01
0.000000000000000000e+00
5.610465766742025323e-02
0.000000000000000000e+00
8.888886539626373873e-01
1.568405562180898993e+00
0.000000000000000000e+00
2.802271863635799498e+00
7.511665271549082812e-01
0.000000000000000000e+00
1.163373966067159149e+00
0.000000000000000000e+00
0.000000000000000000e+00
4.634389873698538387e-01
0.000000000000000000e+00
1.681919478898541875e+00
1.436508374519933406e+00
1.983557956064328429e-02
9.728897228308243106e-01
1.018176980040034874e+00
1.209053227212891074e-01
