# Ensemble C, m = 300.0, lambda = [  8.25829542e-09  -6.08761959e-09   0.00000000e+00   2.12181450e-09]
1.073362490607235209e+00
1.500573983457818450e+00
1.724332806972931065e-01
9.426855652129894070e-01
1.669950331128397414e+00
0.000000000000000000e+00
7.750506820720909351e-02
6.822276062104979388e-01
8.221085837692823084e-01
1.081511508762452584e-03
4.546415715023656712e-01
0.000000000000000000e+00
0.000000000000000000e+00
3.705315717171041301e-02
0.000000000000000000e+00
0.000000000000000000e+00
1.008434863888390431e+00
8.597060915285233973e-01
1.286621999966087948e+00
0.000000000000000000e+00
0.000000000000000000e+00
3.447679902486313064e-01
7.988919564305594356e-01
4.240008559456661108e-01
2.191472138225915245e+00
8.488872129022050073e-02
9.804234092562881253e-01
0.000000000000000000e+00
0.000000000000000000e+00
0.000000000000000000e+00
8.060305856125914437e-01
0.000000000000000000e+00
0.000000000000000000e+00
1.341058817089216815e+00
0.000000000000000000e+00
1.508625000912918512e+00
1.380350196723070466e+00
0.000000000000000000e+00
1.953993424433559875e-02
9.137422691631618132e-01
0.000000000000000000e+00
5.764183111870901932e-01
1.696527138859686701e-01
1.006625031252399438e+00
0.000000000000000000e+00
1.689429349195460617e+00
0.000000000000000000e+00
0.000000000000000000e+00
0.000000000000000000e+00
1.381568174318276720e-01
2.869456444542760332e-02
3.203024996484919035e-02
0.000000000000000000e+00
3.622672171055837942e-01
0.000000000000000000e+00
0.000000000000000000e+00
2.617399229328011501e+00
0.000000000000000000e+00
0.000000000000000000e+00
0.000000000000000000e+00
1.191647734394845060e+00
9.728606945114816051e-01
0.000000000000000000e+00
8.549731755396569044e-01
3.058557629922397103e-01
1.677994043931638535e+00
2.024226967265362109e+00
3.136470169844208233e-01
2.886570579677771170e-02
1.218197545705586166e-01
0.000000000000000000e+00
0.000000000000000000e+00
6.384257135113294845e-01
8.220947065134996956e-01
0.000000000000000000e+00
1.406266538083591033e+00
9.673186497634816972e-01
1.502972448241762349e+00
0.000000000000000000e+00
1.191701348625189727e+00
0.000000000000000000e+00
0.000000000000000000e+00
1.843006967746929181e+00
1.557279432373992245e+00
1.127426416761978800e-01
1.044367622565745224e+00
1.943234864666015804e+00
0.000000000000000000e+00
1.662738082489035207e+00
1.820476126979928777e+00
1.072725202403184808e+00
7.956430464869158614e-01
1.444931803876308429e-01
9.052934520154828912e-02
0.000000000000000000e+00
9.250936298537436597e-01
0.000000000000000000e+00
0.000000000000000000e+00
8.837843614502821632e-02
0.000000000000000000e+00
