# Ensemble C, m = 300.0, c_n/c_p = 0.729032258065, f = -0.997391304348
# lambda = [  3.65450053e-08  -2.65729856e-08   0.00000000e+00   1.92317170e-09]
#  
5.074849508866838832e+00
4.572018938293156864e+00
4.772622936522711079e+00
4.532677729686100498e+00
4.085027679102152476e+00
4.222798589701736383e+00
4.948025596662881220e+00
3.009307994639331518e+00
4.889394629613488696e+00
3.758476652775936788e+00
4.387587278704719651e+00
4.367028478407316783e+00
3.377897956611989994e+00
4.407528895832650839e+00
4.725449763149391025e+00
4.766999528352056537e+00
3.927157033530122465e+00
3.744100652252611017e+00
3.972569099273122628e+00
4.127285299456215029e+00
4.104254916343601067e+00
5.023117143984369370e+00
2.954005933799457306e+00
3.340695453907808865e+00
4.834702371202752147e+00
4.009327540048760241e+00
3.777327045345449275e+00
4.653882481019746997e+00
4.419652684174169899e+00
5.189107638341501350e+00
4.212095978258703077e+00
3.058633763818803697e+00
4.461733104508895487e+00
5.130131704549680371e+00
4.653375843300756820e+00
4.724070248887297652e+00
1.982245892476302673e+00
4.521745481960547153e+00
4.558840571940645070e+00
4.549299651026363911e+00
4.681204745577572268e+00
3.354454717425154442e+00
3.581245738357114128e+00
4.792328822840334901e+00
4.984837624983738280e+00
3.505703104417800198e+00
4.580303812533374597e+00
3.980805263709545461e+00
3.492008722917788077e+00
3.910639012195672670e+00
4.289886332730653784e+00
3.803934979468646116e+00
3.625544982374048875e+00
4.285253457979425029e+00
3.837635099838871966e+00
4.559854225457941723e+00
4.354680319144662803e+00
3.928372511241300824e+00
5.003661913555869312e+00
4.662283644894360535e+00
2.727895039097815832e+00
4.895388660972808559e+00
4.092659597676607142e+00
3.392278277011211873e+00
4.280337085028810051e+00
3.697926563219528617e+00
4.831822088933173553e+00
4.694344657559161860e+00
2.781884962357668023e+00
2.936121345013696704e+00
4.225293152944337827e+00
4.023354977683544220e+00
3.271188078682846445e+00
4.384578952146432229e+00
3.610170912864018256e+00
5.074394670383957084e+00
4.673061974231714544e+00
3.188941905279465416e+00
4.042099674132509257e+00
4.714960273473233876e+00
3.773956323850797823e+00
3.903647898273680195e+00
3.649709933346213742e+00
4.612490734067829834e+00
3.589762063989778706e+00
4.582844796919597563e+00
4.212851223440193138e+00
4.107680696253384056e+00
4.385758258199683013e+00
2.868109783375335287e+00
2.488725153132305135e+00
4.800876455676664989e+00
3.720012491715612768e+00
3.630523840836819449e+00
4.107639826648692427e+00
4.642371870974505654e+00
4.592152968017990666e+00
4.004004016586712567e+00
5.639958840929738315e+00
4.484039540591607143e+00
