# Ensemble C, m = 300.0, c_n/c_p = 0.651612903226, f = -0.948571428571
# lambda = [  9.63199246e-09  -5.95354786e-09   0.00000000e+00   1.98685514e-09]
#  
8.038769792599101960e-01
0.000000000000000000e+00
1.616011406330871480e+00
6.271876880610807170e-01
9.392820264924001128e-01
0.000000000000000000e+00
8.502565105315551541e-01
0.000000000000000000e+00
8.640195989083787609e-01
1.045110692720993661e+00
1.781061431556288266e+00
7.886055380252978697e-01
0.000000000000000000e+00
1.684261421624854815e+00
1.551443832598362160e+00
8.426381093627239860e-01
3.036522727183694204e-01
0.000000000000000000e+00
0.000000000000000000e+00
1.199816528294311624e+00
6.783876251959432002e-01
9.229314813308565624e-01
0.000000000000000000e+00
0.000000000000000000e+00
6.903700610059528842e-01
0.000000000000000000e+00
1.348232700202629086e+00
1.687622748210109602e+00
0.000000000000000000e+00
0.000000000000000000e+00
4.056117361717799796e-01
0.000000000000000000e+00
1.193344159598015153e-01
1.808136505167827479e-01
1.657004737066594569e+00
0.000000000000000000e+00
0.000000000000000000e+00
1.145818371733576591e+00
0.000000000000000000e+00
1.070961202653222921e+00
4.059625475342145129e-01
0.000000000000000000e+00
1.483057230279423822e+00
1.166405454820171217e+00
4.328247614085287132e-01
2.187278443292983265e+00
0.000000000000000000e+00
2.614444008196768407e-02
3.157498511108712602e+00
1.781211797040586631e-01
1.519334504742138048e+00
1.367621494170395025e+00
0.000000000000000000e+00
0.000000000000000000e+00
2.063947311088071057e+00
1.441277870496546765e-01
5.860110990176510271e-01
1.244129648562086299e+00
1.548468426080618965e+00
4.797271803324673067e-01
0.000000000000000000e+00
1.078071009659152368e+00
0.000000000000000000e+00
7.291622399977594204e-01
3.538490081899225287e-02
7.292835082422013948e-02
1.298564264108663213e+00
1.140476854548729158e+00
1.278454165696684408e-01
0.000000000000000000e+00
0.000000000000000000e+00
0.000000000000000000e+00
1.182335785618933155e+00
0.000000000000000000e+00
1.159949110243668091e+00
1.516304015633439597e-02
0.000000000000000000e+00
0.000000000000000000e+00
0.000000000000000000e+00
1.846938097998970241e+00
3.915395729249544488e-01
9.178719218242292754e-02
1.293513136311147171e+00
1.093753260219533230e+00
4.034825352462666492e-01
0.000000000000000000e+00
0.000000000000000000e+00
5.214656938204749181e-01
0.000000000000000000e+00
0.000000000000000000e+00
8.361746357142320063e-01
0.000000000000000000e+00
1.507333533469905174e+00
1.433889218743937266e-01
1.661833841942098156e+00
2.699823428683058579e-01
1.026126350375221152e+00
1.741086584889765421e+00
0.000000000000000000e+00
9.782268833795733087e-01
