# Ensemble C, m = 300.0, c_n/c_p = 0.845161290323, f = -0.957142857143
# lambda = [  8.01201169e-09  -6.48123747e-09   0.00000000e+00   1.96111943e-09]
#  
0.000000000000000000e+00
1.936140985626634947e+00
2.906815775126322388e-01
1.246246134279962892e+00
2.357205581093105851e-01
0.000000000000000000e+00
2.877069909109798651e+00
0.000000000000000000e+00
1.197507109241719103e+00
1.427060055245865877e+00
4.223508075621731916e-01
6.327303383500149092e-01
0.000000000000000000e+00
4.453527842432756789e-01
1.103007883859060900e+00
9.219634224109416465e-01
0.000000000000000000e+00
2.418959649910239040e+00
0.000000000000000000e+00
0.000000000000000000e+00
0.000000000000000000e+00
1.495122370457480976e+00
0.000000000000000000e+00
2.069136338929021157e+00
8.229160742588442767e-01
4.467225057236184349e-01
1.109155542301503594e+00
1.695688080190226987e+00
0.000000000000000000e+00
2.470006905909081542e-03
0.000000000000000000e+00
0.000000000000000000e+00
6.942958614465968292e-01
0.000000000000000000e+00
2.979679176465406254e-01
4.101357816711387883e-01
0.000000000000000000e+00
1.231748580266601500e+00
0.000000000000000000e+00
5.641426017288121431e-01
5.853424150451957964e-01
1.524770400400269343e+00
4.745775471374200777e-03
1.639348219173740739e-01
2.701731628817167774e+00
2.789109686230413776e-01
7.641039156698580248e-01
0.000000000000000000e+00
0.000000000000000000e+00
2.426239835132195932e-01
0.000000000000000000e+00
5.915414507797254196e-01
4.755777266062722886e-01
4.871449677828242342e-01
1.359603867236970576e+00
8.841641542833521550e-01
3.624925241656964947e-01
8.293099312321926542e-01
2.370964756987480104e+00
0.000000000000000000e+00
9.540481015192940895e-01
3.983379528751013754e-01
0.000000000000000000e+00
7.069413669141599854e-01
8.968032972846107231e-01
1.683448670289718896e+00
1.502591192660395203e+00
1.424059415130551232e+00
4.983404966318463192e-01
0.000000000000000000e+00
0.000000000000000000e+00
1.145306018092540512e+00
1.746554779669249990e+00
3.086221870961241009e-01
1.228717576856328680e-01
1.031681801249570540e+00
1.893691057330828098e+00
2.335342840468858761e+00
2.126567340739072415e-02
7.398838449333101641e-01
0.000000000000000000e+00
6.032842250770165116e-01
1.267612170229140134e-01
1.137578468320855851e+00
1.344952274809251003e-01
0.000000000000000000e+00
0.000000000000000000e+00
7.101253351270697678e-01
8.202224998457301464e-01
0.000000000000000000e+00
0.000000000000000000e+00
4.902160705111781591e-01
6.245952206729882272e-01
9.256886502095168501e-01
2.454312149968923551e-01
5.102332852713624689e-01
0.000000000000000000e+00
1.438231015352416930e-01
0.000000000000000000e+00
0.000000000000000000e+00
