# Ensemble C, m = 300.0, lambda = [  6.15735203e-09  -5.36416024e-09   0.00000000e+00   1.86965575e-09]
0.000000000000000000e+00
2.032300127203240159e+00
1.756706433474444884e+00
7.423073748717340381e-01
7.964654778811730562e-02
0.000000000000000000e+00
0.000000000000000000e+00
0.000000000000000000e+00
1.174861295170047004e+00
1.116071301117187886e+00
1.598666338085285243e+00
0.000000000000000000e+00
1.076398115735746286e+00
0.000000000000000000e+00
8.520641800283598188e-01
4.753334556197298943e-01
0.000000000000000000e+00
7.035918610510225601e-01
1.073704742698431858e+00
7.486437265137763086e-01
1.622634851753361196e-01
0.000000000000000000e+00
1.156416758966813063e+00
0.000000000000000000e+00
1.627125642628967750e+00
2.032905705036655575e-02
0.000000000000000000e+00
5.698797884701184424e-01
0.000000000000000000e+00
3.407964623256513059e-01
0.000000000000000000e+00
0.000000000000000000e+00
0.000000000000000000e+00
1.727202919406103376e+00
0.000000000000000000e+00
3.489475069047570741e-03
2.146516400808300418e+00
0.000000000000000000e+00
0.000000000000000000e+00
1.354105539861347740e+00
2.205467162251285806e+00
9.075174620718448049e-01
0.000000000000000000e+00
4.302055341409879441e-01
7.837437919227326910e-01
9.639690114780757879e-01
1.285536953311916086e+00
4.299012811351344276e-01
1.741063708708864066e+00
1.042777663849135505e+00
1.254540165371230032e+00
2.672108438347853276e-01
1.746659873868088741e+00
0.000000000000000000e+00
3.598802795708910818e-01
3.209973063049242348e-01
5.172762658165976912e-01
0.000000000000000000e+00
2.244062923298636159e-01
0.000000000000000000e+00
8.339422422767435172e-01
0.000000000000000000e+00
3.707860445304342334e-01
2.055239757764058817e-01
5.462853406329939432e-01
2.971550024855280914e-03
0.000000000000000000e+00
0.000000000000000000e+00
0.000000000000000000e+00
0.000000000000000000e+00
0.000000000000000000e+00
1.486844474889415402e+00
0.000000000000000000e+00
8.850530131346355800e-01
0.000000000000000000e+00
0.000000000000000000e+00
2.052599496022806669e+00
1.633587559293052660e-01
0.000000000000000000e+00
7.943057237666547588e-01
0.000000000000000000e+00
8.715605212157846726e-02
5.575821996325663887e-01
6.706712271411616744e-01
0.000000000000000000e+00
9.973494608121670491e-02
0.000000000000000000e+00
1.415286072643296311e+00
0.000000000000000000e+00
6.343911810385785000e-01
0.000000000000000000e+00
1.096112217386511656e+00
4.632455202058444188e-01
2.095739146364301586e+00
1.623494006412145918e+00
0.000000000000000000e+00
0.000000000000000000e+00
0.000000000000000000e+00
0.000000000000000000e+00
0.000000000000000000e+00
