# Ensemble B, m = 25.0, c_n/c_p = 0.858064516129, f = -0.99347826087
# lambda = [  8.36314051e-09  -7.12931337e-09   0.00000000e+00   8.18232640e-10]
#  
1.435141803148287931e-01
6.488429134746513949e-01
9.198920791157308985e-01
0.000000000000000000e+00
4.909968863619991741e-01
5.907050986064747988e-01
5.547248931675502481e-01
9.053774016899609478e-01
0.000000000000000000e+00
0.000000000000000000e+00
1.037276516926137759e+00
2.505566197112362392e+00
9.435277205926512201e-01
0.000000000000000000e+00
1.371715229816460047e-01
6.810681532698698026e-01
9.326303115468649596e-02
0.000000000000000000e+00
0.000000000000000000e+00
0.000000000000000000e+00
1.830015274008409243e+00
5.420194758095976395e-01
5.704796204677249349e-01
1.488782559357888946e+00
6.373176595228249308e-01
1.371801376800239503e+00
4.186063079128747866e-01
1.127291383324770857e+00
9.785668226655857005e-01
0.000000000000000000e+00
2.877221244951614493e-02
2.125970473500863545e+00
6.952024892117079080e-01
4.277506871270527200e-01
1.588122416066121811e+00
0.000000000000000000e+00
0.000000000000000000e+00
3.098394921054767326e-01
1.152302591263277609e+00
0.000000000000000000e+00
8.950567968617929582e-01
0.000000000000000000e+00
2.150068589999099000e+00
0.000000000000000000e+00
2.082383564086892846e+00
5.770557215581699761e-01
8.219077007217884256e-01
1.159047904055182432e+00
1.539188768045075262e-01
0.000000000000000000e+00
0.000000000000000000e+00
0.000000000000000000e+00
5.791387830538720083e-01
8.262519516526573016e-01
0.000000000000000000e+00
1.266615309266476919e+00
0.000000000000000000e+00
0.000000000000000000e+00
1.706433401693929319e+00
9.418305431117823812e-01
9.488262798663693598e-02
3.978373090067295094e-03
0.000000000000000000e+00
2.558506077619828289e+00
0.000000000000000000e+00
1.289205490441843738e-01
3.113939443580795996e-01
7.111065136753370597e-01
0.000000000000000000e+00
0.000000000000000000e+00
8.265446099772753019e-01
3.532394622540001583e-01
0.000000000000000000e+00
0.000000000000000000e+00
1.767357457365405171e+00
5.225413886321358392e-01
0.000000000000000000e+00
9.231728209462091161e-01
0.000000000000000000e+00
1.037120506900434391e-01
2.377604885406512381e-01
1.138744787162401684e+00
4.758239124295218225e-01
2.108016546540948943e-01
2.052742368340894075e-01
0.000000000000000000e+00
0.000000000000000000e+00
0.000000000000000000e+00
0.000000000000000000e+00
1.389235589706792950e+00
1.526523238834687657e+00
0.000000000000000000e+00
7.472497570768720232e-01
0.000000000000000000e+00
8.659374642574085845e-01
1.289205490441843738e-01
1.139741011674662907e+00
1.094783600563867143e+00
0.000000000000000000e+00
0.000000000000000000e+00
