# Ensemble B, m = 25.0, c_n/c_p = 0.922580645161, f = -0.97652173913
# lambda = [  5.34615764e-09  -4.81646064e-09   0.00000000e+00   1.06250225e-09]
#  
1.016903900695878660e+00
4.024353635051635680e-01
2.670528023430467357e-01
1.141669123034934064e+00
0.000000000000000000e+00
1.575436829955005225e+00
0.000000000000000000e+00
9.013561123658863083e-01
0.000000000000000000e+00
8.057886898960123778e-01
6.916228068605381196e-01
1.481679903768926332e+00
2.367190963838162743e-01
0.000000000000000000e+00
9.971654602827282332e-01
0.000000000000000000e+00
1.101150466372760262e+00
1.016324120480706084e-01
8.306717413870043920e-01
7.104156488539365988e-01
3.005374115682182823e-01
5.534713251267713019e-02
0.000000000000000000e+00
7.235036292578468642e-02
0.000000000000000000e+00
1.707844597273600940e+00
0.000000000000000000e+00
8.480207585440897172e-03
1.464937743757544486e-01
3.095170500221194887e-01
2.542068831511889448e-01
3.409326245676840839e-01
6.818419120600441308e-02
1.890669493676065960e+00
2.089479424039824895e+00
7.632189706010433783e-01
4.504670911770174424e-01
2.325666588919418284e-02
2.791968101964937277e-01
2.329803205938024480e+00
7.365776644238367643e-01
0.000000000000000000e+00
0.000000000000000000e+00
4.620187041683262996e-01
0.000000000000000000e+00
2.063326862965518593e+00
1.309798022784972815e+00
1.160207234030592206e-02
0.000000000000000000e+00
1.959273852881425748e-01
1.942254647107581000e+00
0.000000000000000000e+00
0.000000000000000000e+00
6.231997131623668862e-01
6.651794129962980140e-01
1.125716805858743008e+00
1.878025929956334550e-01
2.152002065169873912e+00
8.564292903629265874e-01
7.270803296071708388e-01
9.616617255129120134e-02
3.632710801405977241e-01
7.026600299045263620e-01
0.000000000000000000e+00
0.000000000000000000e+00
8.041957622544740891e-01
5.858246836329576990e-01
5.238043351294420225e-01
0.000000000000000000e+00
0.000000000000000000e+00
0.000000000000000000e+00
3.224639665080336615e-01
0.000000000000000000e+00
1.551307177817116134e+00
0.000000000000000000e+00
0.000000000000000000e+00
6.884283452986635909e-01
1.010555049650367021e+00
8.147037639543980303e-01
0.000000000000000000e+00
4.585593346853454877e-01
0.000000000000000000e+00
0.000000000000000000e+00
3.924289507872766487e-03
0.000000000000000000e+00
0.000000000000000000e+00
0.000000000000000000e+00
2.345487868388068442e+00
0.000000000000000000e+00
0.000000000000000000e+00
1.778878655880510751e+00
5.320617806105597536e-01
8.041456342212645048e-01
5.305518478511021992e-03
1.640276312283113880e+00
3.787612938811283914e-01
1.426969921168202537e+00
3.307659911785487128e-01
2.506354225319457063e-01
6.260091795016967664e-01
