# Ensemble B, m = 25.0, lambda = [  4.85443711e-09  -4.83016493e-09   0.00000000e+00   4.84836527e-10]
0.000000000000000000e+00
8.890635205349937120e-01
0.000000000000000000e+00
2.602285084687924743e-01
5.303860868169054527e-03
0.000000000000000000e+00
0.000000000000000000e+00
2.062671540110278257e-01
0.000000000000000000e+00
1.488300710702527424e-02
0.000000000000000000e+00
5.476570343753699444e-01
5.026938252712325195e-01
1.884532238079593025e+00
0.000000000000000000e+00
3.731313902073909450e-01
0.000000000000000000e+00
0.000000000000000000e+00
1.360965887673315500e+00
2.139761067874184519e+00
4.188192867289271537e-01
0.000000000000000000e+00
3.913634809381099644e-01
0.000000000000000000e+00
4.370243499618208238e-01
7.245419161422828047e-01
0.000000000000000000e+00
0.000000000000000000e+00
2.994558215619117503e-01
0.000000000000000000e+00
1.128299762680091689e+00
2.037016338356030687e+00
0.000000000000000000e+00
0.000000000000000000e+00
0.000000000000000000e+00
1.262051828344213256e+00
0.000000000000000000e+00
4.035806093825265450e-01
0.000000000000000000e+00
0.000000000000000000e+00
8.084581431973830723e-01
9.204781289861782567e-02
0.000000000000000000e+00
3.775556112220528893e-01
0.000000000000000000e+00
1.812924539771923360e+00
0.000000000000000000e+00
6.116700523376441545e-01
5.531360392189971220e-01
0.000000000000000000e+00
0.000000000000000000e+00
7.660684110913221385e-03
0.000000000000000000e+00
0.000000000000000000e+00
3.105044130510647982e-02
0.000000000000000000e+00
0.000000000000000000e+00
0.000000000000000000e+00
0.000000000000000000e+00
0.000000000000000000e+00
1.079905981039151364e+00
1.256296975384157300e+00
5.698852828539531234e-01
1.084036525127129336e+00
0.000000000000000000e+00
1.096005565625076228e+00
1.147589849934440576e+00
0.000000000000000000e+00
1.726658046532835389e+00
0.000000000000000000e+00
3.019096150759672387e-02
8.366327828894191132e-01
1.483059159694734896e+00
4.720416513591390029e-01
0.000000000000000000e+00
1.402438974981638165e+00
0.000000000000000000e+00
9.341272920665392165e-01
1.386039049369587994e+00
2.768203396212030043e-01
7.892866070614584784e-01
0.000000000000000000e+00
7.199875732360695446e-01
2.895459299520314334e-01
5.629175942840893843e-01
0.000000000000000000e+00
0.000000000000000000e+00
1.340341325794676131e+00
0.000000000000000000e+00
0.000000000000000000e+00
0.000000000000000000e+00
0.000000000000000000e+00
1.711602543337460147e-01
1.567253526509899020e+00
1.497159051040568012e-01
1.076429782643089972e+00
2.203095313875179373e-01
0.000000000000000000e+00
0.000000000000000000e+00
4.982440092097784566e-03
