# Ensemble B, m = 25.0, lambda = [  8.77713267e-09  -6.96330989e-09   0.00000000e+00   1.27087001e-09]
5.218890167656003998e-01
0.000000000000000000e+00
2.414169256388716545e-01
0.000000000000000000e+00
6.030827796458433365e-01
1.178179777989804729e-02
0.000000000000000000e+00
1.739702274991064446e+00
1.175619789215761379e+00
0.000000000000000000e+00
2.032870724613272895e+00
2.169329890020037954e+00
0.000000000000000000e+00
0.000000000000000000e+00
1.498974481262943748e+00
2.135877853474275057e+00
1.432318155661834291e+00
0.000000000000000000e+00
0.000000000000000000e+00
0.000000000000000000e+00
0.000000000000000000e+00
0.000000000000000000e+00
3.447423321683967257e-01
6.439326816388284414e-01
1.070865955494518129e+00
7.023962878494690587e-01
0.000000000000000000e+00
7.260997627761102136e-01
1.369583354926569685e+00
2.061784989907250731e-01
2.018291645231751641e+00
1.611105926765692864e+00
1.985803029409169085e+00
5.507273338530953577e-01
2.008599809107929346e+00
6.542473058429220112e-01
1.920746454270849224e+00
1.082621746334688551e+00
7.416680383188410941e-01
1.625583458243421875e+00
2.389470270336968016e-01
8.981542926324039833e-01
9.010726342724685312e-01
9.088373881458047809e-02
0.000000000000000000e+00
4.800147224761228681e-01
1.305675346214325572e+00
2.647622736249914954e-01
8.856034877438251351e-01
3.730674577959700589e-01
0.000000000000000000e+00
1.785713948528489192e+00
4.912028367931483598e-03
1.549948048878024565e-01
0.000000000000000000e+00
0.000000000000000000e+00
0.000000000000000000e+00
0.000000000000000000e+00
9.647519850071331060e-01
0.000000000000000000e+00
0.000000000000000000e+00
1.172605614520960904e+00
0.000000000000000000e+00
1.419313103576231860e+00
0.000000000000000000e+00
1.413517610008152570e+00
1.216053029173312705e+00
6.959307825945182380e-01
2.043983933917199902e+00
1.055014172976526943e-01
1.367538429486695462e+00
6.356259655043464303e-03
0.000000000000000000e+00
0.000000000000000000e+00
2.107417985826140205e-01
0.000000000000000000e+00
9.248759539962513321e-01
1.578077915855642388e+00
4.480177988042319259e-01
0.000000000000000000e+00
1.365005383356008295e+00
1.944176929576141022e-01
1.461762569761012598e+00
0.000000000000000000e+00
8.200053283807449134e-01
3.423731455461865303e-01
2.278922326562563327e+00
1.059289536204288451e+00
2.929160051903724193e-01
1.478337167340913583e+00
0.000000000000000000e+00
4.344770421503748106e-03
0.000000000000000000e+00
6.359648605265419974e-01
0.000000000000000000e+00
0.000000000000000000e+00
0.000000000000000000e+00
7.782874128878863873e-02
0.000000000000000000e+00
1.376403727728386039e+00
