# Ensemble B, m = 25.0, c_n/c_p = 0.638709677419, f = -0.948571428571
# lambda = [  6.73543607e-09  -4.08074309e-09   0.00000000e+00   1.36185105e-09]
#  
1.787144173351084553e-01
0.000000000000000000e+00
1.071568933972426307e-02
0.000000000000000000e+00
8.547098679286534439e-01
0.000000000000000000e+00
1.238711638749432353e+00
2.015835618275731544e+00
0.000000000000000000e+00
1.087616461883755409e-01
0.000000000000000000e+00
4.477497797549527814e-01
7.797387764317694758e-01
7.526546262917424013e-01
8.277058495232598734e-01
3.347624244247964231e-01
0.000000000000000000e+00
1.594895423976912863e+00
4.083933403964850051e-01
1.450251567792844032e+00
3.754720425183138977e-01
7.059968089351961185e-01
1.031172542830754817e-02
1.770416291061324365e+00
0.000000000000000000e+00
0.000000000000000000e+00
1.893023444196604288e-01
1.497701927022054846e+00
2.788761516053684941e-01
5.351339409773480105e-01
0.000000000000000000e+00
0.000000000000000000e+00
0.000000000000000000e+00
1.605416123224699065e+00
1.161548257146142668e-02
1.198687215449466770e+00
0.000000000000000000e+00
9.409546163461386392e-01
2.415352144061627959e-01
1.063162997250629349e+00
8.768802614862841738e-01
1.262517226004669535e+00
2.721986934403204383e-01
4.991770424145656193e-01
1.136194699471988034e+00
4.696061916605033248e-01
9.171376553062402515e-01
0.000000000000000000e+00
7.774859026819365415e-02
2.234075484031093684e+00
1.293169803286822184e+00
3.873600337338392041e-01
1.992846046771536761e+00
6.432153850928723493e-01
1.381955970354597357e-02
1.140528391165587685e+00
0.000000000000000000e+00
1.483413679242171934e+00
0.000000000000000000e+00
9.195748480362759825e-01
3.737667599995712076e-01
0.000000000000000000e+00
1.723003130760897283e+00
1.281762701309976382e+00
0.000000000000000000e+00
0.000000000000000000e+00
3.878452029158043213e-01
0.000000000000000000e+00
8.674213045300209757e-01
8.253378415865605389e-01
0.000000000000000000e+00
6.658270087369442258e-01
1.172898394642877484e+00
9.212186763078383800e-01
0.000000000000000000e+00
0.000000000000000000e+00
7.319858624955323245e-01
3.659573188433400404e-01
4.008964442063929212e-01
1.393728056117300995e-01
1.183729959384713037e+00
7.011564167297248407e-01
0.000000000000000000e+00
4.082380670126920137e-03
0.000000000000000000e+00
1.494864927778956742e+00
1.281162953113866056e-02
1.381417497585875620e-01
1.775783436119995340e+00
6.639943435681597839e-01
4.369469876738515945e-01
6.097585282423807485e-01
0.000000000000000000e+00
0.000000000000000000e+00
0.000000000000000000e+00
5.537660834521525473e-03
1.137033188647351034e+00
1.169596961364289811e+00
1.006609298720353651e+00
1.471056748886018450e+00
