# Ensemble B, m = 25.0, lambda = [  3.97785556e-09  -3.82442399e-09   0.00000000e+00   1.09412797e-09]
0.000000000000000000e+00
0.000000000000000000e+00
0.000000000000000000e+00
4.778283770102375039e-01
1.154739315592719029e+00
6.347403323556319865e-01
7.968472844224879781e-01
1.121430600760154050e-01
1.667102941859139875e+00
7.528857439386778261e-02
3.555154048291741392e-02
0.000000000000000000e+00
4.478185072910053077e-01
3.089416883512552947e-01
0.000000000000000000e+00
3.662373247052584657e-02
1.606672335021900766e+00
1.159832501881492561e+00
7.879723248944704439e-01
0.000000000000000000e+00
1.825170118986360501e+00
3.704642972475776230e-01
7.763852906995668546e-01
5.588864194797198426e-01
0.000000000000000000e+00
9.940178354901657576e-01
5.806697793975491573e-01
0.000000000000000000e+00
8.973950114820991031e-01
0.000000000000000000e+00
0.000000000000000000e+00
0.000000000000000000e+00
0.000000000000000000e+00
6.422590888696263489e-01
0.000000000000000000e+00
0.000000000000000000e+00
1.425569085598238805e+00
0.000000000000000000e+00
1.887340433824399977e+00
1.690903054820823259e+00
0.000000000000000000e+00
5.515497405451311730e-01
0.000000000000000000e+00
2.183579549065984837e-01
0.000000000000000000e+00
7.321773798242298126e-01
1.613345773533524818e+00
0.000000000000000000e+00
1.859174063244362074e+00
1.584323146659591397e-01
0.000000000000000000e+00
2.097715954624538526e+00
0.000000000000000000e+00
8.926622408181537072e-01
1.369810376973231492e+00
0.000000000000000000e+00
0.000000000000000000e+00
5.840399103263057556e-01
4.282320892318444705e-01
0.000000000000000000e+00
2.007337108764910283e-01
0.000000000000000000e+00
0.000000000000000000e+00
0.000000000000000000e+00
0.000000000000000000e+00
0.000000000000000000e+00
0.000000000000000000e+00
8.563394985851061625e-01
0.000000000000000000e+00
0.000000000000000000e+00
0.000000000000000000e+00
0.000000000000000000e+00
3.895207417189119337e-01
0.000000000000000000e+00
1.050991704796657572e-01
5.369101278951972089e-01
0.000000000000000000e+00
6.972115876283448144e-02
1.308272455874989859e+00
0.000000000000000000e+00
0.000000000000000000e+00
0.000000000000000000e+00
0.000000000000000000e+00
7.044914696588057135e-01
7.495492277230605960e-03
5.294866404089625389e-01
2.847987880063076460e-01
4.276949880827494166e-01
0.000000000000000000e+00
1.704198265663407819e+00
5.901423910154766084e-01
0.000000000000000000e+00
0.000000000000000000e+00
7.850029347505607102e-01
1.185543658148871859e+00
1.244375720304339739e+00
4.403239502097068825e-01
5.980781634239320521e-01
0.000000000000000000e+00
0.000000000000000000e+00
