# Ensemble B, m = 25.0, c_n/c_p = 0.677419354839, f = -0.97652173913
# lambda = [  9.95628385e-09  -6.58622839e-09   0.00000000e+00   1.45290972e-09]
#  
2.724663649617113492e+00
1.194741637678430113e+00
1.582966908621883828e+00
7.751497469151914510e-01
0.000000000000000000e+00
0.000000000000000000e+00
0.000000000000000000e+00
2.010941643233963953e-03
3.281793941206671561e-01
2.204901445933813153e-01
4.924442785535689260e-01
8.952391486245991903e-01
0.000000000000000000e+00
0.000000000000000000e+00
2.140252354669723633e+00
5.486125274035567045e-01
0.000000000000000000e+00
1.861249385645694435e-02
1.199750961179447128e-01
1.077198229847496247e+00
1.772875640179010670e+00
1.143612634395368532e+00
2.134014501705601585e+00
6.962223266171246872e-01
0.000000000000000000e+00
3.549335873595105828e-01
0.000000000000000000e+00
1.658554235187516546e-01
1.974522804379823526e+00
2.205229669472142939e-01
5.023795651341737001e-01
2.267500014331437219e-01
0.000000000000000000e+00
1.897964328025487202e+00
0.000000000000000000e+00
1.222142994577329195e-02
5.206940230324063473e-02
1.177716384007088779e+00
0.000000000000000000e+00
0.000000000000000000e+00
9.865933460644116249e-01
0.000000000000000000e+00
7.303976161323527672e-01
0.000000000000000000e+00
1.443941344243769298e-01
6.573709221809248548e-01
0.000000000000000000e+00
0.000000000000000000e+00
0.000000000000000000e+00
1.960412285048282466e-02
0.000000000000000000e+00
5.338622776996817532e-01
1.267387453153257848e+00
0.000000000000000000e+00
3.342729376659122620e-01
1.171981062874829727e+00
8.679402025878949489e-01
8.268752348918358974e-01
2.284039998905103452e+00
0.000000000000000000e+00
0.000000000000000000e+00
1.372084575150525287e+00
2.691721050260753242e-03
5.719157432310931766e-01
0.000000000000000000e+00
4.365072058792080489e-01
8.814314116560972856e-03
2.271526730960397700e+00
1.038761191535245709e+00
0.000000000000000000e+00
0.000000000000000000e+00
0.000000000000000000e+00
0.000000000000000000e+00
1.088713368085660466e-01
1.014862533331416516e+00
0.000000000000000000e+00
0.000000000000000000e+00
0.000000000000000000e+00
3.041883497851875506e-01
4.783391593832701516e-01
8.499367876242902575e-02
2.559109924297596539e+00
1.181113072666881703e+00
7.925693417425946352e-01
0.000000000000000000e+00
2.545488821265059265e+00
0.000000000000000000e+00
5.980022538550417571e-03
0.000000000000000000e+00
1.772460316469364860e+00
1.105182772569166971e+00
1.137073660954091570e-01
0.000000000000000000e+00
0.000000000000000000e+00
5.254665358186941804e-01
0.000000000000000000e+00
0.000000000000000000e+00
0.000000000000000000e+00
1.505278849929066798e+00
7.420387585686558651e-01
