# Ensemble B, m = 25.0, lambda = [  5.48823580e-09  -4.09386983e-09   0.00000000e+00   1.48587634e-09]
0.000000000000000000e+00
2.307641625214066072e-01
1.978303147375574778e+00
7.754916844574431811e-02
1.374242934478034188e-02
8.353267681760796481e-01
2.231385588344594773e+00
1.891411415395655604e+00
0.000000000000000000e+00
0.000000000000000000e+00
0.000000000000000000e+00
4.961964600639390266e-02
6.053110021140724051e-01
1.203043904609287562e+00
5.840673618948825918e-02
0.000000000000000000e+00
0.000000000000000000e+00
5.998578966049577209e-03
0.000000000000000000e+00
1.493588657527470609e+00
1.834260423525191086e-01
0.000000000000000000e+00
1.371354009292268472e+00
1.246993504429967592e+00
0.000000000000000000e+00
1.510562011047649644e+00
3.007776470500750365e-01
1.784235156535644462e+00
1.490961536955290601e-01
1.288775672488123303e-01
0.000000000000000000e+00
3.440759828152414324e-01
0.000000000000000000e+00
9.961606135495427727e-01
4.366422571083879989e-01
0.000000000000000000e+00
4.793900742431364548e-02
0.000000000000000000e+00
0.000000000000000000e+00
7.469972976704496448e-01
0.000000000000000000e+00
1.361724232764119691e+00
0.000000000000000000e+00
1.370716861393079800e+00
2.036429357938251417e-01
5.694501534616785987e-01
0.000000000000000000e+00
4.353131855851610776e-01
4.552017891333055566e-01
0.000000000000000000e+00
0.000000000000000000e+00
0.000000000000000000e+00
0.000000000000000000e+00
0.000000000000000000e+00
0.000000000000000000e+00
1.149077093159277752e+00
1.094158005696137526e+00
3.608856066581971056e-02
1.358236931296726402e+00
1.321831389121901790e+00
2.483327494505026267e-01
0.000000000000000000e+00
9.064316395438833940e-01
4.770378533201580784e-01
6.795693699210454686e-02
5.982405679803308729e-01
1.832977293866120847e-03
0.000000000000000000e+00
0.000000000000000000e+00
1.982130759398986752e+00
7.556865652846049830e-01
6.510668682079702174e-01
0.000000000000000000e+00
2.374985509474731582e-01
8.564378465963669029e-01
0.000000000000000000e+00
1.285375071867674190e+00
0.000000000000000000e+00
0.000000000000000000e+00
0.000000000000000000e+00
0.000000000000000000e+00
7.582815997351741721e-01
0.000000000000000000e+00
2.094028110711125379e+00
3.427398772245293102e-01
0.000000000000000000e+00
7.882046145202170617e-01
3.922748617550582406e-02
0.000000000000000000e+00
3.008128241255912314e-02
0.000000000000000000e+00
1.084977237097841440e+00
0.000000000000000000e+00
1.060350389072089033e-01
7.569001840136916313e-03
7.286656035445338020e-01
0.000000000000000000e+00
0.000000000000000000e+00
6.725523386990036601e-01
1.292628747748368889e+00
