# Ensemble B, m = 25.0, c_n/c_p = 0.883870967742, f = -0.988260869565
# lambda = [  6.88181522e-09  -6.01123181e-09   0.00000000e+00   9.29279856e-10]
#  
6.180243864281659283e-01
8.242680431385505102e-01
0.000000000000000000e+00
1.365476033404470435e+00
0.000000000000000000e+00
1.389235589706792950e+00
0.000000000000000000e+00
0.000000000000000000e+00
0.000000000000000000e+00
0.000000000000000000e+00
6.088508103917242842e-01
0.000000000000000000e+00
0.000000000000000000e+00
1.222012092090564384e+00
1.695566714696207899e+00
0.000000000000000000e+00
1.370933406041491942e+00
1.739245103433278761e+00
1.232430162661179551e+00
0.000000000000000000e+00
1.670402145047903630e+00
8.887829947600923708e-01
0.000000000000000000e+00
0.000000000000000000e+00
1.278030006777044925e+00
1.005401141487098027e+00
0.000000000000000000e+00
9.232006945529135367e-01
0.000000000000000000e+00
2.075779598686045446e+00
7.560834042533582933e-01
0.000000000000000000e+00
1.986267494000675538e-01
1.169656599232020699e+00
0.000000000000000000e+00
0.000000000000000000e+00
2.177298141091066341e+00
2.478484319494070678e-02
8.312582216352915054e-01
2.445350493399807590e+00
1.518023960453823928e+00
0.000000000000000000e+00
0.000000000000000000e+00
5.776338736981704303e-01
1.223943351938493240e+00
2.092876950504603539e-01
5.034220150566196539e-01
7.537088728485185074e-01
7.543286337588894774e-01
0.000000000000000000e+00
1.301997688850231150e+00
0.000000000000000000e+00
1.858627964050730830e-01
1.883344791321154510e+00
0.000000000000000000e+00
0.000000000000000000e+00
1.300948913706789334e+00
1.721142386673075286e+00
0.000000000000000000e+00
0.000000000000000000e+00
0.000000000000000000e+00
3.453938922873012185e-02
4.247898504672767417e-01
0.000000000000000000e+00
0.000000000000000000e+00
0.000000000000000000e+00
6.428964864548110114e-01
9.196985979910820008e-01
0.000000000000000000e+00
8.662210549282766126e-01
1.187548931877784764e+00
5.464730214972242373e-02
1.445694140901251146e+00
0.000000000000000000e+00
3.150313768445963669e-01
2.366267575474738372e-01
2.010227664190995078e+00
0.000000000000000000e+00
0.000000000000000000e+00
5.683964850536191507e-03
0.000000000000000000e+00
1.308486310056216961e+00
1.689022190151621139e-01
1.558182419025101018e+00
7.888027658082708005e-01
1.078066400157954088e-02
1.455972262591991306e+00
0.000000000000000000e+00
7.912651291237016160e-01
1.312471267814478981e+00
0.000000000000000000e+00
4.283830364269583524e-01
0.000000000000000000e+00
0.000000000000000000e+00
1.621971970695016863e+00
6.610252806159054861e-01
9.570364362533734237e-01
1.117550499443739742e+00
2.498059231474830666e-01
0.000000000000000000e+00
