# Ensemble B, m = 25.0, c_n/c_p = 0.767741935484, f = -1.0
# lambda = [  2.26649968e-08  -1.74008685e-08   0.00000000e+00   0.00000000e+00]
#  
0.000000000000000000e+00
0.000000000000000000e+00
9.151702732905855897e-02
0.000000000000000000e+00
5.320729780194649594e-01
1.330605038724025135e+00
1.182355393220931417e+00
0.000000000000000000e+00
0.000000000000000000e+00
0.000000000000000000e+00
0.000000000000000000e+00
0.000000000000000000e+00
0.000000000000000000e+00
4.617331767217957572e-01
0.000000000000000000e+00
9.456634801816147240e-01
9.079029756755494507e-01
8.486903695327065178e-02
2.210279051996574928e+00
1.478775289178153152e+00
0.000000000000000000e+00
1.208073732419116197e+00
0.000000000000000000e+00
1.315435311520305080e-02
0.000000000000000000e+00
0.000000000000000000e+00
0.000000000000000000e+00
1.365442309448882785e+00
0.000000000000000000e+00
0.000000000000000000e+00
1.259684834099129347e+00
2.141137486492306063e+00
0.000000000000000000e+00
0.000000000000000000e+00
2.178988878872186938e-02
6.270850400266067548e-02
1.864294139615894561e-02
7.349562441725375761e-01
0.000000000000000000e+00
0.000000000000000000e+00
0.000000000000000000e+00
7.613730891230188202e-01
1.209198901685023309e+00
9.437130624104604903e-01
0.000000000000000000e+00
0.000000000000000000e+00
0.000000000000000000e+00
0.000000000000000000e+00
0.000000000000000000e+00
0.000000000000000000e+00
0.000000000000000000e+00
0.000000000000000000e+00
8.977864655709507646e-01
0.000000000000000000e+00
6.560197206774488476e-01
1.285752326868289774e+00
1.101443071908094984e+00
0.000000000000000000e+00
3.414290033061986307e-01
0.000000000000000000e+00
0.000000000000000000e+00
2.216827940175065403e-01
1.283969127411082489e+00
0.000000000000000000e+00
0.000000000000000000e+00
6.140221891359926021e-01
2.193597969268138714e-01
0.000000000000000000e+00
2.541983965947046120e-01
4.437627684749058665e-01
0.000000000000000000e+00
4.426729151128181439e-01
6.692861909106918583e-01
0.000000000000000000e+00
0.000000000000000000e+00
1.213323245824771357e+00
0.000000000000000000e+00
6.002762603300088040e-01
0.000000000000000000e+00
1.166654178342976106e-01
2.264344245523732813e-01
0.000000000000000000e+00
0.000000000000000000e+00
1.212295648708027418e+00
1.826106809750308146e+00
1.028277993566112603e+00
9.173738053334992149e-01
0.000000000000000000e+00
6.298140211137912003e-02
1.233478716379931450e+00
0.000000000000000000e+00
0.000000000000000000e+00
0.000000000000000000e+00
0.000000000000000000e+00
0.000000000000000000e+00
0.000000000000000000e+00
0.000000000000000000e+00
0.000000000000000000e+00
0.000000000000000000e+00
1.727231999572192755e+00
