# Ensemble B, m = 25.0, lambda = [  5.77144757e-09  -5.05276271e-09   0.00000000e+00   1.12129686e-09]
8.093964508920702822e-03
0.000000000000000000e+00
0.000000000000000000e+00
2.155446747927788897e-01
0.000000000000000000e+00
0.000000000000000000e+00
0.000000000000000000e+00
6.397918675611287236e-03
0.000000000000000000e+00
0.000000000000000000e+00
0.000000000000000000e+00
0.000000000000000000e+00
6.368847085904496552e-01
1.703503698013158374e+00
0.000000000000000000e+00
5.524908151547366364e-01
0.000000000000000000e+00
5.716291367442021265e-01
0.000000000000000000e+00
0.000000000000000000e+00
0.000000000000000000e+00
6.306925740079726284e-01
0.000000000000000000e+00
0.000000000000000000e+00
6.191884833212913941e-01
2.902069046918675510e-01
0.000000000000000000e+00
6.392534945915733825e-03
4.738276352616754838e-03
7.320366022208808499e-01
2.721485172606545322e-01
0.000000000000000000e+00
0.000000000000000000e+00
3.914932820051696127e-03
9.410471890506308945e-01
6.694377321760505012e-03
2.242849780827621542e-01
9.270231938861231979e-01
2.334707961100378759e-01
0.000000000000000000e+00
1.165878668990830924e+00
9.727453589076777707e-01
1.327549829285342042e+00
0.000000000000000000e+00
2.933842447037294798e-01
0.000000000000000000e+00
1.447416644403456187e+00
3.439480473367876323e-01
7.747613331485345700e-01
6.006433626201125309e-01
8.648901563083676303e-01
0.000000000000000000e+00
0.000000000000000000e+00
1.006778432460250894e+00
0.000000000000000000e+00
1.539527198959497745e-01
2.563075725404469207e-02
0.000000000000000000e+00
5.531228230791760403e-01
4.035393776840284774e-02
7.980227915266931149e-02
5.120052411178381835e-01
0.000000000000000000e+00
1.232642590412073247e+00
0.000000000000000000e+00
2.679728187230113069e-03
3.514722800016504937e-03
0.000000000000000000e+00
0.000000000000000000e+00
6.298955436487594373e-01
0.000000000000000000e+00
0.000000000000000000e+00
0.000000000000000000e+00
7.195082780026729186e-01
4.354166909084845605e-01
3.980828448035393929e-01
1.388292241402844462e+00
4.537071615499062571e-01
7.009205768907472711e-01
1.819617899995828125e+00
0.000000000000000000e+00
9.140155048796556603e-01
0.000000000000000000e+00
5.550666827245900325e-01
0.000000000000000000e+00
6.849487412501292782e-01
0.000000000000000000e+00
1.151272617463263703e+00
2.288494785314436175e+00
0.000000000000000000e+00
1.272641784747883253e+00
0.000000000000000000e+00
0.000000000000000000e+00
0.000000000000000000e+00
0.000000000000000000e+00
0.000000000000000000e+00
2.682850623245008337e-01
1.252524708241646023e-01
2.188309400131820848e+00
0.000000000000000000e+00
