# Ensemble B, m = 25.0, lambda = [  3.03037040e-08  -2.12570708e-08   0.00000000e+00   1.50592698e-09]
1.689639915916302026e+00
1.104200335258036958e+00
1.597733305704930995e+00
1.078588612976287830e+00
9.659699345305610141e-01
1.631683764629318301e+00
0.000000000000000000e+00
1.036558775731234006e+00
1.441975518640639109e+00
1.906334142968659107e+00
8.775595035078244399e-02
1.677211806727511467e+00
1.598486726124571433e+00
0.000000000000000000e+00
1.989096820721874659e+00
1.027943742282562800e+00
1.744737204567786470e+00
1.175069170671853236e+00
1.577715788999826674e-01
6.217749455450298779e-01
1.073414661195160935e+00
2.635647605447100084e+00
7.653593308697251851e-01
1.349391482934128694e+00
0.000000000000000000e+00
1.564528227798719140e+00
9.079698070550011879e-01
3.806006275615131385e-01
1.317403696899043020e+00
3.914560566378619266e-01
9.987799674754039847e-01
6.771137970327694156e-01
7.090703455931216537e-01
4.537019819854201663e-01
1.006334650502871630e+00
8.063387131182885303e-01
1.867877181061948111e+00
1.778574362571576861e+00
5.738590800143025250e-01
0.000000000000000000e+00
1.396513648742126135e+00
0.000000000000000000e+00
7.885431457190598126e-01
4.074912537853488392e-01
5.841373699046741308e-01
1.488086394878544327e+00
2.020042333644210153e+00
1.541640173687379933e+00
1.495215931011392163e+00
1.080068619879978931e+00
8.389130941061826441e-01
1.585355064413781712e+00
1.919171810615870832e+00
0.000000000000000000e+00
1.916369729057990190e+00
2.915446668070751923e-01
1.251800220284017051e+00
1.352556933633870306e+00
1.656417518053974192e+00
0.000000000000000000e+00
7.940895331492557885e-01
1.093101677959684492e+00
0.000000000000000000e+00
4.561108386254688063e-01
8.300840745846194135e-01
1.925500586010935988e+00
1.990108390440154196e+00
4.542543124215787098e-01
1.754831163784290604e+00
0.000000000000000000e+00
1.184821810826743427e+00
9.338262370543736202e-01
2.594355957939516455e-01
1.414400241729830476e+00
1.248923515226223024e+00
1.333921900025943685e+00
1.531814021733573838e+00
1.105743159829367883e+00
7.186285967308878586e-01
0.000000000000000000e+00
2.223138370670425079e+00
3.995657782082515097e-01
0.000000000000000000e+00
9.580689062783673826e-01
0.000000000000000000e+00
1.134243773507113140e+00
6.843045642175153986e-01
2.963555404774200208e-01
1.730669012899167303e+00
2.436695772610481814e-01
7.295100407170567181e-01
9.654400769090230039e-01
0.000000000000000000e+00
1.777522324435416579e+00
1.792185414076310712e+00
1.577441053594823561e+00
1.404546634874137112e+00
6.181887264398089332e-01
8.431271388906660391e-01
1.760048779380434247e+00
