# Ensemble B, m = 25.0, lambda = [  5.82845851e-09  -5.30328620e-09   0.00000000e+00   8.88641012e-10]
1.861722123756337277e+00
0.000000000000000000e+00
7.287878460430345928e-01
0.000000000000000000e+00
0.000000000000000000e+00
0.000000000000000000e+00
0.000000000000000000e+00
0.000000000000000000e+00
0.000000000000000000e+00
1.281679795258278132e+00
1.150145430468857866e+00
0.000000000000000000e+00
0.000000000000000000e+00
1.980974075417689662e+00
0.000000000000000000e+00
0.000000000000000000e+00
1.155741737127568447e+00
0.000000000000000000e+00
0.000000000000000000e+00
0.000000000000000000e+00
0.000000000000000000e+00
1.359660738620702469e+00
1.220712637931294697e+00
1.162816120101163975e+00
9.724784325174682387e-01
0.000000000000000000e+00
0.000000000000000000e+00
0.000000000000000000e+00
5.639898450559204246e-01
1.387062669139304427e+00
0.000000000000000000e+00
0.000000000000000000e+00
2.621183402112789440e-01
0.000000000000000000e+00
0.000000000000000000e+00
0.000000000000000000e+00
9.729755527651769986e-01
0.000000000000000000e+00
0.000000000000000000e+00
0.000000000000000000e+00
1.886352593221984453e+00
0.000000000000000000e+00
0.000000000000000000e+00
0.000000000000000000e+00
1.712443360935523629e+00
4.558622618267462734e-01
4.451871578738990642e-01
0.000000000000000000e+00
1.307114955042439908e+00
0.000000000000000000e+00
0.000000000000000000e+00
0.000000000000000000e+00
8.709719986635313660e-01
1.635091427843149425e+00
1.042203734390814818e+00
8.034313170857765307e-01
0.000000000000000000e+00
0.000000000000000000e+00
0.000000000000000000e+00
0.000000000000000000e+00
3.595442264020080603e-01
1.280566384300322991e+00
2.902006442749754944e-01
1.738796371041670064e+00
0.000000000000000000e+00
0.000000000000000000e+00
2.498077555894168689e-01
3.328563080943084396e-01
1.024806627340689502e+00
0.000000000000000000e+00
1.500909916069873784e+00
0.000000000000000000e+00
1.837461551655337422e+00
0.000000000000000000e+00
0.000000000000000000e+00
0.000000000000000000e+00
0.000000000000000000e+00
3.412264602996273322e-01
0.000000000000000000e+00
0.000000000000000000e+00
0.000000000000000000e+00
4.331350628401953728e-01
1.235128722195171891e+00
2.225489997050072333e+00
0.000000000000000000e+00
9.139377823157183167e-01
0.000000000000000000e+00
0.000000000000000000e+00
8.740232441714603784e-01
3.551868417459196348e-01
3.601791610510077790e-01
1.008634557378689678e+00
3.824242411102422856e-02
9.146890713785111870e-01
1.436647414379610410e+00
0.000000000000000000e+00
0.000000000000000000e+00
1.008759316677985129e+00
0.000000000000000000e+00
0.000000000000000000e+00
