# Ensemble B, m = 25.0, c_n/c_p = 0.987096774194, f = -0.983043478261
# lambda = [  4.64395154e-09  -4.50630039e-09   0.00000000e+00   8.40585541e-10]
#  
1.383575577078753671e+00
1.307866330512018616e+00
1.557688744934302871e+00
2.531478697761153571e-02
0.000000000000000000e+00
2.521683691570061114e+00
0.000000000000000000e+00
0.000000000000000000e+00
4.436821878501465699e-01
7.008692483469227685e-01
2.691102761114430031e+00
0.000000000000000000e+00
1.232717271419576655e+00
3.258130946268739669e-01
2.506354225319457063e-01
0.000000000000000000e+00
0.000000000000000000e+00
4.539926728365240027e-01
1.602746719877918391e+00
1.387211591239103425e+00
0.000000000000000000e+00
7.714948189457096830e-03
0.000000000000000000e+00
3.017970050300680662e-01
3.472520466912800696e-01
9.529073610786190640e-01
0.000000000000000000e+00
9.035449354227925722e-01
0.000000000000000000e+00
1.664799198907040145e-01
1.401894653720026779e-02
1.561610356460538807e+00
0.000000000000000000e+00
0.000000000000000000e+00
2.625491800670789466e-01
1.406777544670880786e+00
0.000000000000000000e+00
1.169452485407776465e-02
5.684283668214271668e-01
6.692636330963350755e-01
2.768103610934176118e+00
0.000000000000000000e+00
0.000000000000000000e+00
0.000000000000000000e+00
0.000000000000000000e+00
1.074750869372417039e+00
4.339068200004588260e-01
0.000000000000000000e+00
1.046472097269033341e+00
0.000000000000000000e+00
6.536023404751928334e-01
0.000000000000000000e+00
6.958651324889855161e-01
0.000000000000000000e+00
1.662269247844976594e-01
2.414148616042031403e-01
9.277500682506586438e-01
0.000000000000000000e+00
0.000000000000000000e+00
3.116147992554542667e-01
2.474864304136268345e-01
0.000000000000000000e+00
5.213936264131224102e-02
4.745861920672502787e-01
0.000000000000000000e+00
0.000000000000000000e+00
0.000000000000000000e+00
1.587330957382746099e+00
7.376558331332373070e-03
5.601667628665774057e-01
0.000000000000000000e+00
0.000000000000000000e+00
1.496892817210410120e+00
0.000000000000000000e+00
1.137694452165463332e-01
0.000000000000000000e+00
0.000000000000000000e+00
0.000000000000000000e+00
2.561290922762701205e-01
0.000000000000000000e+00
1.425188542599890473e+00
0.000000000000000000e+00
0.000000000000000000e+00
4.774958009305900197e-01
1.379776163503274589e+00
0.000000000000000000e+00
2.239374180156437355e-01
0.000000000000000000e+00
8.909810581605828173e-01
0.000000000000000000e+00
0.000000000000000000e+00
8.336138508034226513e-01
7.702371704950253251e-02
0.000000000000000000e+00
2.085752428588683927e+00
6.855974736128679359e-01
1.204893770077936077e+00
0.000000000000000000e+00
0.000000000000000000e+00
4.747694245197319751e-01
