# Ensemble B, m = 25.0, lambda = [  8.16376933e-09  -6.09530719e-09   0.00000000e+00   1.45975792e-09]
1.717776798509371983e-01
2.011840844809299408e-02
9.216166065911550742e-01
0.000000000000000000e+00
1.349611802574512076e+00
8.090870700682613326e-02
1.692855130805403618e+00
2.252121803670841693e+00
5.872016442378741319e-01
1.331599066391665920e+00
9.534391375360500021e-02
0.000000000000000000e+00
8.935008067216375638e-01
1.266072158198762931e-03
7.600436700492744224e-01
7.211853525168810189e-03
0.000000000000000000e+00
7.231127353753081799e-01
0.000000000000000000e+00
1.024253478322395994e+00
1.241589771414481014e+00
1.949770930393838770e-03
1.898090324457465616e+00
7.162708822789364271e-01
0.000000000000000000e+00
1.022782659623733048e+00
1.126032975224417143e+00
0.000000000000000000e+00
1.629264659703754947e-01
5.057547815202197983e-01
1.180774895918617062e+00
4.153650484676326138e-01
0.000000000000000000e+00
0.000000000000000000e+00
2.794788134729579987e-01
0.000000000000000000e+00
0.000000000000000000e+00
1.007387753433226729e+00
3.925587614643035600e-03
0.000000000000000000e+00
0.000000000000000000e+00
3.062071396771926662e-02
1.133989306122677565e+00
9.688191690673458867e-02
0.000000000000000000e+00
1.241529948433085506e-01
1.918434243184835131e+00
3.138243096981909175e-01
1.945503494302770059e-03
0.000000000000000000e+00
4.443270534683468331e-01
0.000000000000000000e+00
1.209333019214041460e+00
0.000000000000000000e+00
0.000000000000000000e+00
1.324668028622212113e+00
9.509428162294822004e-03
9.350529415532352062e-02
0.000000000000000000e+00
0.000000000000000000e+00
1.554261634540647030e+00
1.651039160716411214e+00
5.580664871073665045e-01
5.693246318713212489e-02
1.332611041495488813e+00
4.185016034889497694e-01
0.000000000000000000e+00
1.735054537840060362e+00
5.582639390183540273e-01
1.060350389072089033e-01
0.000000000000000000e+00
8.760492855849723037e-01
7.377585688889385374e-01
0.000000000000000000e+00
0.000000000000000000e+00
2.674854920355202153e-03
1.877132453310202287e+00
8.558217469931213208e-04
7.798524209087938190e-03
0.000000000000000000e+00
5.205012984877397386e-01
0.000000000000000000e+00
1.347469329927130310e+00
5.566771088564022307e-03
5.992373312279880571e-01
0.000000000000000000e+00
3.080655717788072789e-01
0.000000000000000000e+00
9.835127414434703674e-02
0.000000000000000000e+00
1.024234877222584272e-01
2.262867477184200560e-01
8.230202871370639883e-01
0.000000000000000000e+00
1.882253018236840880e+00
1.107428273609344149e+00
1.122795367471409594e-01
0.000000000000000000e+00
0.000000000000000000e+00
0.000000000000000000e+00
