# Ensemble B, m = 25.0, c_n/c_p = 0.6, f = -0.965714285714
# lambda = [  7.61439743e-09  -4.41199943e-09   0.00000000e+00   1.18605161e-09]
#  
1.272306272001726413e+00
0.000000000000000000e+00
0.000000000000000000e+00
6.594783488696142060e-01
5.078421679327417282e-01
1.252397854667757215e+00
0.000000000000000000e+00
0.000000000000000000e+00
0.000000000000000000e+00
2.251500370219724489e-01
0.000000000000000000e+00
8.582778040070817571e-01
1.010067305538518534e+00
0.000000000000000000e+00
0.000000000000000000e+00
0.000000000000000000e+00
3.121383416691307366e-01
6.123269882085732307e-01
5.497258038279479071e-03
9.703455572879953195e-01
4.936884465063481331e-01
8.825342980247592450e-01
7.767452915456140028e-01
0.000000000000000000e+00
1.791269172508187513e-01
5.297456170085292904e-01
3.961599567403529809e-01
0.000000000000000000e+00
0.000000000000000000e+00
7.111034236531875441e-02
0.000000000000000000e+00
0.000000000000000000e+00
1.024207802803427242e-01
0.000000000000000000e+00
0.000000000000000000e+00
7.601766656838977732e-02
1.444834265960228237e+00
0.000000000000000000e+00
8.093675344434485552e-01
0.000000000000000000e+00
0.000000000000000000e+00
9.475278207899175964e-01
0.000000000000000000e+00
1.088438431804684470e+00
1.362679000169284560e+00
0.000000000000000000e+00
1.582298039989937122e+00
1.733516966547556049e+00
0.000000000000000000e+00
4.551477140058235449e-01
0.000000000000000000e+00
0.000000000000000000e+00
0.000000000000000000e+00
0.000000000000000000e+00
5.222125150760027930e-03
8.717094908937365050e-01
0.000000000000000000e+00
1.340118612173888835e+00
1.860744816258960432e-01
0.000000000000000000e+00
0.000000000000000000e+00
1.075071314125759736e+00
0.000000000000000000e+00
2.036783084479591110e+00
0.000000000000000000e+00
2.001905686773013116e-01
4.813245626560749280e-01
1.336789507045427872e+00
1.253905060388617265e+00
1.617176768092530192e+00
8.439341924305426845e-02
0.000000000000000000e+00
7.571145067249841487e-01
1.282062867798756223e+00
5.555983953534044950e-01
2.429567218893816438e+00
4.369765713287799280e-01
1.357084671462438941e+00
0.000000000000000000e+00
2.759322022744806091e+00
0.000000000000000000e+00
0.000000000000000000e+00
7.537596579836257638e-01
1.281422497245957859e-01
1.229726122173213199e+00
0.000000000000000000e+00
1.416139564351804325e-01
0.000000000000000000e+00
6.483028976308924385e-01
0.000000000000000000e+00
3.444919632594672376e-01
0.000000000000000000e+00
0.000000000000000000e+00
1.368809985655476125e-01
3.192800043967691098e-02
1.522236274013975821e-01
6.374845081025673661e-03
0.000000000000000000e+00
0.000000000000000000e+00
4.424792382932075108e-01
