# Ensemble B, m = 25.0, lambda = [  9.70553808e-09  -6.78534518e-09   0.00000000e+00   1.50578736e-09]
6.804511946778324383e-01
1.289580991781810848e+00
1.738446065472178281e+00
1.103243270267870280e+00
1.101335286690681814e+00
8.409352199411382900e-01
0.000000000000000000e+00
1.099627271543073936e+00
0.000000000000000000e+00
1.487479017963557748e+00
4.673484085619780681e-01
7.838538362583841179e-01
0.000000000000000000e+00
0.000000000000000000e+00
1.764159971979325281e+00
2.119490888438986698e+00
5.535636670485026833e-01
4.251017018379903423e-01
3.705387064841768052e-01
0.000000000000000000e+00
0.000000000000000000e+00
0.000000000000000000e+00
0.000000000000000000e+00
4.080892194640295956e-01
0.000000000000000000e+00
1.050203776201801942e+00
0.000000000000000000e+00
2.352386702267509049e-03
0.000000000000000000e+00
0.000000000000000000e+00
2.067476611736898673e-01
3.780904276523696095e-01
1.866269931552777261e-01
0.000000000000000000e+00
0.000000000000000000e+00
0.000000000000000000e+00
0.000000000000000000e+00
1.039965816239539986e+00
0.000000000000000000e+00
3.398912049997558915e-01
0.000000000000000000e+00
3.379660563453299599e-02
0.000000000000000000e+00
1.039008238410018756e-02
1.521555256386292632e+00
7.400616107236895891e-01
9.283560080676940274e-01
3.972953492077182375e-02
1.073132166301918877e+00
1.654982823815971837e+00
2.377531139402458971e-01
1.009333931577335308e+00
2.496682551821521878e-02
2.031309191877104681e+00
2.594746103903565970e+00
1.876399332660659391e+00
0.000000000000000000e+00
1.681872328605559241e+00
9.667763916707061700e-01
0.000000000000000000e+00
7.031850331117802666e-01
1.890142992286159673e+00
0.000000000000000000e+00
0.000000000000000000e+00
8.269141955788772425e-01
0.000000000000000000e+00
0.000000000000000000e+00
6.744399704017495223e-01
0.000000000000000000e+00
0.000000000000000000e+00
5.688189430298283833e-01
0.000000000000000000e+00
4.615570175260967911e-01
0.000000000000000000e+00
0.000000000000000000e+00
7.408632584229077507e-03
7.285644632747432237e-01
1.961075647372836905e-01
0.000000000000000000e+00
2.146290744387089472e-02
3.556391991224571499e-03
8.412560892318932115e-01
0.000000000000000000e+00
0.000000000000000000e+00
8.658494207590368419e-02
1.282137455827935257e-01
0.000000000000000000e+00
3.846313981980886004e-02
1.152749881791570452e+00
1.987315416112081401e+00
0.000000000000000000e+00
0.000000000000000000e+00
7.951132956471183011e-01
1.725690109218689372e-01
0.000000000000000000e+00
1.459124174746049274e+00
4.539515726101286397e-01
8.557200198895391352e-02
0.000000000000000000e+00
0.000000000000000000e+00
