# Ensemble B, m = 25.0, lambda = [  7.43694578e-09  -6.41256647e-09   0.00000000e+00   9.13741234e-10]
8.276322899292515300e-01
3.551868417459196348e-01
0.000000000000000000e+00
0.000000000000000000e+00
0.000000000000000000e+00
2.218845363900391998e+00
1.449838487577456703e-01
0.000000000000000000e+00
1.650192153166523790e+00
5.760037137841063359e-02
0.000000000000000000e+00
0.000000000000000000e+00
1.825188379101453373e-01
0.000000000000000000e+00
6.542533489588507889e-01
2.108659836823457479e+00
8.986273776016051595e-01
0.000000000000000000e+00
0.000000000000000000e+00
0.000000000000000000e+00
2.295976929443821479e-02
1.888460284871981698e-01
0.000000000000000000e+00
1.026195484405931779e+00
1.761957254487402924e-01
9.688191690790780297e-02
2.902270372074595289e-03
4.381420288053277656e-01
4.580737436562713483e-01
8.905185984367477436e-01
3.153870937824462817e-01
1.580529860166897393e-01
0.000000000000000000e+00
0.000000000000000000e+00
1.688046386115504838e+00
6.164699841751387632e-01
0.000000000000000000e+00
0.000000000000000000e+00
0.000000000000000000e+00
0.000000000000000000e+00
1.739127716463911288e-01
0.000000000000000000e+00
1.222278344645140180e+00
8.827544040668872105e-01
1.369055975334127595e+00
0.000000000000000000e+00
0.000000000000000000e+00
0.000000000000000000e+00
0.000000000000000000e+00
0.000000000000000000e+00
0.000000000000000000e+00
3.188424100500193981e-01
9.907693715150863722e-01
0.000000000000000000e+00
1.159249446230631309e-01
1.947922656040474987e+00
1.363410449787552992e+00
1.192291167426689613e+00
2.521978393591731704e-01
4.306165194157089704e-02
5.594360830825542696e-02
1.452366483628477756e+00
8.635390317061732990e-01
8.453148012391034083e-01
0.000000000000000000e+00
0.000000000000000000e+00
0.000000000000000000e+00
5.969102721561905245e-01
3.930991019152554333e-01
7.509690814284071259e-01
1.143831764702282427e+00
2.919463267940034523e-01
0.000000000000000000e+00
1.234484367203942702e-02
0.000000000000000000e+00
0.000000000000000000e+00
5.271566361743861007e-02
5.415844101866864602e-01
0.000000000000000000e+00
3.731313902073909450e-01
0.000000000000000000e+00
0.000000000000000000e+00
0.000000000000000000e+00
2.248635137401402417e+00
2.419174401862863033e-01
0.000000000000000000e+00
0.000000000000000000e+00
9.782268064166728117e-01
0.000000000000000000e+00
4.445983792321613337e-01
4.175567222043388704e-01
7.192615630555421191e-01
3.566071065538076734e-01
1.302769041950280871e+00
4.681966345280586528e-01
0.000000000000000000e+00
3.234748010153243314e-01
0.000000000000000000e+00
1.564579671923241211e+00
1.077829044552529814e+00
