# Ensemble B, m = 25.0, c_n/c_p = 0.922580645161, f = -0.988260869565
# lambda = [  5.94548064e-09  -5.42079406e-09   0.00000000e+00   8.38003737e-10]
#  
1.350941187484214101e+00
2.680564074250754714e-01
1.207116228014488257e+00
0.000000000000000000e+00
3.952148000215151974e-02
0.000000000000000000e+00
8.122640947419292878e-01
1.961812132493957472e-01
0.000000000000000000e+00
8.351572092622239207e-01
5.330432043158409572e-01
1.964081529651468816e-01
0.000000000000000000e+00
1.292617856369135398e-01
0.000000000000000000e+00
1.111930904137612641e+00
2.274802894532744979e+00
0.000000000000000000e+00
0.000000000000000000e+00
3.133428068470424654e-01
3.146337827895775985e-01
0.000000000000000000e+00
0.000000000000000000e+00
1.257045480859818376e+00
3.237420365080493911e-01
0.000000000000000000e+00
1.161696948291726095e+00
0.000000000000000000e+00
0.000000000000000000e+00
0.000000000000000000e+00
1.649850437836478945e-01
2.260853680838789126e-01
1.251941817614814045e+00
9.671170513258031676e-01
1.689022190151621139e-01
0.000000000000000000e+00
1.667883015633115695e+00
2.241990221701710417e-01
0.000000000000000000e+00
3.731300459460723529e-01
0.000000000000000000e+00
0.000000000000000000e+00
0.000000000000000000e+00
1.075348709020522708e+00
0.000000000000000000e+00
0.000000000000000000e+00
1.251586283211153949e+00
6.430388275438646550e-01
8.206249664409432931e-01
7.209542689449943698e-02
1.188824601936154524e-01
0.000000000000000000e+00
0.000000000000000000e+00
0.000000000000000000e+00
0.000000000000000000e+00
2.478484319494070678e-02
1.130101094276612539e+00
0.000000000000000000e+00
0.000000000000000000e+00
0.000000000000000000e+00
0.000000000000000000e+00
1.169452485407776465e-02
4.340560621575647975e-03
0.000000000000000000e+00
1.929690977884338743e+00
1.034643723425775708e+00
0.000000000000000000e+00
0.000000000000000000e+00
2.080514754402908562e+00
2.380888433740303567e-01
0.000000000000000000e+00
0.000000000000000000e+00
0.000000000000000000e+00
0.000000000000000000e+00
0.000000000000000000e+00
0.000000000000000000e+00
0.000000000000000000e+00
1.346706942367866144e+00
1.835057658819418291e+00
2.544037627287536019e+00
0.000000000000000000e+00
9.682414160074740428e-01
0.000000000000000000e+00
3.646976175749356841e-01
7.552834559437452411e-01
1.049532357541044653e-01
5.131886573090209680e-01
0.000000000000000000e+00
1.257045480859818376e+00
1.022980126634365911e-01
4.260620860361023776e-02
2.326635831736254267e-01
0.000000000000000000e+00
2.224383570722082148e-01
1.856227952325841812e+00
1.081802717944577441e-01
1.371801376800239503e+00
1.057667385192307519e+00
0.000000000000000000e+00
9.908168432814639104e-01
