# Ensemble B, m = 25.0, c_n/c_p = 0.6, f = -0.97652173913
# lambda = [  8.69166243e-09  -5.09255839e-09   0.00000000e+00   1.12340890e-09]
#  
1.390287964342905302e-01
8.147944069180490523e-01
3.363895502020970429e-01
6.287097621971244887e-01
4.637168906854429729e-01
0.000000000000000000e+00
0.000000000000000000e+00
0.000000000000000000e+00
7.698945208975791488e-01
2.764898520162231144e-01
0.000000000000000000e+00
0.000000000000000000e+00
1.332252751131481339e-01
3.909463561764724149e-02
0.000000000000000000e+00
1.134746857087146843e+00
1.825068487786975502e-01
4.962996855091553194e-01
0.000000000000000000e+00
0.000000000000000000e+00
1.084112288748271480e+00
6.136376048651426274e-01
7.481904720556500354e-01
3.974848599765400947e-01
6.113449497891946249e-01
0.000000000000000000e+00
0.000000000000000000e+00
0.000000000000000000e+00
0.000000000000000000e+00
1.147840569283284040e+00
1.241302694802479539e-01
0.000000000000000000e+00
1.343244548445505782e+00
1.789225711709678146e+00
1.527918944865220285e-01
2.985624752422734729e-01
2.003458008802340373e+00
0.000000000000000000e+00
4.025278424011648030e-03
9.593314292294009560e-01
0.000000000000000000e+00
2.762987446458205487e-01
1.114377856091138597e+00
7.325929156354931138e-01
5.238709304679642909e-01
0.000000000000000000e+00
3.116278614547076109e-01
4.541047066301215906e-01
1.867006640469897283e+00
0.000000000000000000e+00
5.340116839921356107e-01
5.966628934324508249e-01
0.000000000000000000e+00
1.623877416540158991e-01
0.000000000000000000e+00
8.833464371044146279e-01
8.396013493643316242e-03
0.000000000000000000e+00
0.000000000000000000e+00
1.181047906098650735e+00
8.692544047322630085e-01
6.898806535579051769e-01
4.329123403622762711e-01
0.000000000000000000e+00
3.715423873029217727e-01
1.604814765097658302e+00
0.000000000000000000e+00
1.150925332097186421e-02
0.000000000000000000e+00
8.838518481339816546e-01
0.000000000000000000e+00
1.630428953481493359e-01
1.916730772208010691e-01
4.378927670049460597e-01
7.365715499565033131e-01
7.052802499590099528e-01
3.847946106000356137e-01
0.000000000000000000e+00
0.000000000000000000e+00
0.000000000000000000e+00
4.546984551865311808e-01
8.918287384097430825e-01
2.051261612032813986e+00
4.074648967644782238e-01
3.381908053028504502e-01
1.239401205572860265e+00
0.000000000000000000e+00
0.000000000000000000e+00
2.726986946836527648e-01
1.507681006885676078e+00
6.998767599925146410e-01
0.000000000000000000e+00
0.000000000000000000e+00
0.000000000000000000e+00
2.791484667145134324e-01
2.945753261646584242e-01
0.000000000000000000e+00
1.027239393564164827e+00
8.690695501119237720e-01
2.028376830943494635e+00
