# Ensemble B, m = 25.0, c_n/c_p = 0.896774193548, f = -0.957142857143
# lambda = [  4.96177036e-09  -4.25889100e-09   0.00000000e+00   1.28867272e-09]
#  
0.000000000000000000e+00
5.440923277139320113e-02
0.000000000000000000e+00
1.441589573678412062e-01
2.767929501863081398e+00
0.000000000000000000e+00
1.652815488345967809e+00
0.000000000000000000e+00
0.000000000000000000e+00
5.725810233885199052e-01
1.304999486128694652e+00
4.395065221159565882e-01
8.517379810865207679e-01
8.771506898283603082e-01
0.000000000000000000e+00
0.000000000000000000e+00
1.467848724940201022e+00
5.417004311470912103e-01
2.312436279780932455e-02
7.999068928899345510e-01
2.012631626637138904e+00
4.849327963700664768e-01
1.223561077845490397e+00
0.000000000000000000e+00
0.000000000000000000e+00
0.000000000000000000e+00
1.152067077928304428e+00
0.000000000000000000e+00
0.000000000000000000e+00
1.729197019964157089e+00
0.000000000000000000e+00
7.047755915908858748e-01
0.000000000000000000e+00
0.000000000000000000e+00
8.617697619850500645e-01
7.180141131001257504e-01
2.067050835806720499e-01
0.000000000000000000e+00
1.564714471943541962e+00
0.000000000000000000e+00
0.000000000000000000e+00
1.530793144429609459e-03
0.000000000000000000e+00
0.000000000000000000e+00
1.034654059252325231e+00
0.000000000000000000e+00
0.000000000000000000e+00
1.590270523237028999e-01
1.458366786744890176e+00
1.380803273072392479e+00
1.995611238991189251e-01
6.956557503243985252e-01
1.669137759051027237e+00
3.228821825970715209e-03
0.000000000000000000e+00
8.417986980219897136e-03
0.000000000000000000e+00
0.000000000000000000e+00
4.373662340285018879e-01
6.282834085491479925e-01
1.106792480186242766e+00
0.000000000000000000e+00
0.000000000000000000e+00
1.579030551248904679e+00
0.000000000000000000e+00
0.000000000000000000e+00
7.581383813056019605e-01
1.112296999241225270e+00
0.000000000000000000e+00
4.361480401146606845e-01
1.107908468181603379e+00
0.000000000000000000e+00
0.000000000000000000e+00
3.876974078997532658e-01
0.000000000000000000e+00
1.007279589142911824e+00
8.779185019421235081e-01
3.922730212506832514e-01
0.000000000000000000e+00
1.423677561838787575e+00
2.083666835566552744e-02
0.000000000000000000e+00
1.162646095336162144e+00
1.887749227727419099e-01
8.615805597259416915e-02
1.025059135758466633e+00
6.026138481937175495e-01
6.113851138104129390e-01
5.518905306392271060e-01
6.193675069001816080e-01
0.000000000000000000e+00
2.011655045407843456e+00
1.194847756490116097e+00
0.000000000000000000e+00
0.000000000000000000e+00
0.000000000000000000e+00
3.012467470503404909e-01
0.000000000000000000e+00
6.255857214702271740e-01
1.638446142685630269e+00
