# Ensemble B, m = 25.0, c_n/c_p = 0.896774193548, f = -0.997391304348
# lambda = [  7.39306733e-09  -6.61261657e-09   0.00000000e+00   4.78576146e-10]
#  
0.000000000000000000e+00
0.000000000000000000e+00
0.000000000000000000e+00
7.393222544403722507e-01
0.000000000000000000e+00
0.000000000000000000e+00
6.055344986931598950e-01
0.000000000000000000e+00
0.000000000000000000e+00
0.000000000000000000e+00
0.000000000000000000e+00
4.751350080646182805e-01
1.141419587292650917e+00
2.928800713729607375e-01
0.000000000000000000e+00
5.406834904975383882e-01
4.137969068875122503e-01
2.440473661521700977e-01
3.974042837690600627e-01
1.103143924358495509e+00
4.137969068875122503e-01
4.325764907290201022e-01
5.838981998240632132e-01
1.622153215445368279e-01
0.000000000000000000e+00
0.000000000000000000e+00
1.041217694370346614e+00
0.000000000000000000e+00
0.000000000000000000e+00
6.861387849387336202e-02
1.081187986028994796e+00
0.000000000000000000e+00
1.912259285025878774e-01
7.787033412824602152e-01
1.182352824454052875e+00
5.125069399609937237e-01
8.524161477011762272e-03
1.363607581524234114e+00
0.000000000000000000e+00
8.463461567163645949e-01
8.581223486570241366e-02
7.507111902064660114e-02
7.790887297989451676e-01
0.000000000000000000e+00
7.920445990752540688e-02
1.953423863479004652e+00
0.000000000000000000e+00
0.000000000000000000e+00
1.653065847059023374e+00
4.511191859087433920e-01
1.530598739899026395e+00
2.801312777267767284e+00
0.000000000000000000e+00
1.058575718042676250e+00
1.900195748724245570e+00
9.058711398822498484e-02
1.274369745416286559e+00
2.245318891125511473e-01
4.424484155241243527e-02
0.000000000000000000e+00
0.000000000000000000e+00
0.000000000000000000e+00
0.000000000000000000e+00
1.353671826872754114e+00
1.212008906863582869e+00
0.000000000000000000e+00
1.171385557005453493e-01
1.393477348037539087e+00
0.000000000000000000e+00
7.258372180090864045e-01
8.613238346480821539e-01
1.558303073099621905e+00
0.000000000000000000e+00
4.748071588261742471e-01
7.573688000163978362e-01
0.000000000000000000e+00
1.338537978386226568e+00
0.000000000000000000e+00
0.000000000000000000e+00
0.000000000000000000e+00
0.000000000000000000e+00
0.000000000000000000e+00
1.509071928200250934e+00
0.000000000000000000e+00
0.000000000000000000e+00
0.000000000000000000e+00
2.216945253071572530e+00
1.404609925785552882e+00
0.000000000000000000e+00
0.000000000000000000e+00
0.000000000000000000e+00
1.160227400336128895e-01
1.039444758457734652e+00
0.000000000000000000e+00
1.497653377347777148e+00
3.806723431541766400e-01
2.257672485218116532e-01
0.000000000000000000e+00
6.298648203355429187e-01
2.611395667541835053e+00
