# Ensemble B, m = 25.0, lambda = [  5.64261278e-09  -4.92732060e-09   0.00000000e+00   1.15179205e-09]
2.186144724306900988e-01
3.961807209782621797e-01
0.000000000000000000e+00
0.000000000000000000e+00
0.000000000000000000e+00
9.776313701245372689e-01
2.866147850751816772e-01
1.139998276254953424e+00
1.110073893773713127e+00
0.000000000000000000e+00
0.000000000000000000e+00
3.150983841703672295e-01
0.000000000000000000e+00
2.504069051118017475e-01
1.106735821784577897e-02
1.333974941902491329e+00
0.000000000000000000e+00
4.838593923218534876e-01
8.395571848353503563e-01
0.000000000000000000e+00
0.000000000000000000e+00
0.000000000000000000e+00
0.000000000000000000e+00
1.122910813093656923e+00
2.057298376285819685e+00
0.000000000000000000e+00
7.165438998769397827e-01
1.773830107458501323e-02
0.000000000000000000e+00
0.000000000000000000e+00
3.827925505758847935e-01
1.022175139143854494e+00
8.372306745143862639e-01
3.446081391572867591e-04
2.095305736823087628e+00
3.915243155203461389e-02
0.000000000000000000e+00
0.000000000000000000e+00
4.050259977863542304e-01
0.000000000000000000e+00
0.000000000000000000e+00
5.357142049321077237e-03
5.303860889603656016e-03
1.573550165177151960e+00
4.465082901896929024e-01
9.878463895690513530e-01
9.148936737438813083e-01
8.134000786141407785e-03
0.000000000000000000e+00
9.036577064066873000e-01
5.152669865647848679e-01
0.000000000000000000e+00
1.068530410233922145e+00
0.000000000000000000e+00
8.289784213756731246e-01
9.360165701553002648e-01
0.000000000000000000e+00
0.000000000000000000e+00
0.000000000000000000e+00
0.000000000000000000e+00
0.000000000000000000e+00
0.000000000000000000e+00
5.047222704473602883e-01
0.000000000000000000e+00
0.000000000000000000e+00
2.001472402425801267e+00
0.000000000000000000e+00
3.544938292944265767e-01
0.000000000000000000e+00
1.905314135294832161e-03
7.540408234310630453e-01
7.119803041813360656e-01
0.000000000000000000e+00
1.296006201857123896e+00
2.929160051903724193e-01
1.413095021396177930e+00
0.000000000000000000e+00
8.507536421505360602e-01
1.443374516910806982e+00
0.000000000000000000e+00
0.000000000000000000e+00
0.000000000000000000e+00
0.000000000000000000e+00
0.000000000000000000e+00
1.044388530099372936e+00
0.000000000000000000e+00
6.228545764106703519e-02
0.000000000000000000e+00
0.000000000000000000e+00
0.000000000000000000e+00
0.000000000000000000e+00
1.314003367881634077e+00
1.361371428116490589e+00
1.441614798765922467e+00
9.546027217860181269e-01
0.000000000000000000e+00
0.000000000000000000e+00
0.000000000000000000e+00
2.312171014674425429e+00
7.919079882360319234e-02
