# Ensemble B, m = 25.0, c_n/c_p = 0.858064516129, f = -0.948571428571
# lambda = [  5.12119982e-09  -4.16832625e-09   0.00000000e+00   1.39107985e-09]
#  
4.556162062113764538e-02
7.566051370736419646e-01
0.000000000000000000e+00
0.000000000000000000e+00
0.000000000000000000e+00
1.389332139965456792e-01
0.000000000000000000e+00
2.600868772511765847e+00
0.000000000000000000e+00
9.643174906386855483e-01
1.892933802652397635e+00
1.295530771013224669e+00
0.000000000000000000e+00
2.956084334006576358e-02
1.086797652063261177e+00
0.000000000000000000e+00
0.000000000000000000e+00
0.000000000000000000e+00
3.829048033521708083e-01
7.124752739317381511e-01
0.000000000000000000e+00
0.000000000000000000e+00
0.000000000000000000e+00
1.259043698884763918e-01
0.000000000000000000e+00
1.604072746414894501e+00
1.624713332180684547e-02
2.268907994250150828e-01
0.000000000000000000e+00
8.898209486778354549e-01
0.000000000000000000e+00
0.000000000000000000e+00
0.000000000000000000e+00
4.951080943539403756e-01
9.583907107801704628e-01
6.925613347703303280e-01
0.000000000000000000e+00
3.356809898286629568e-01
0.000000000000000000e+00
0.000000000000000000e+00
0.000000000000000000e+00
1.295669433495348688e+00
3.807707172814047691e-01
0.000000000000000000e+00
0.000000000000000000e+00
1.596103171149257705e+00
1.072071696812026742e+00
0.000000000000000000e+00
1.046760711780013064e+00
9.964413171979875639e-01
2.558374917800627091e-01
0.000000000000000000e+00
0.000000000000000000e+00
4.750125918227078303e-01
3.749325301648869790e-01
1.255236137757778536e+00
4.672318729891880018e-01
9.491411651427128504e-01
1.029522163070036161e-01
6.209407423134872400e-02
0.000000000000000000e+00
0.000000000000000000e+00
1.207831932103718531e+00
1.033692331900639250e+00
1.175533400140537976e+00
0.000000000000000000e+00
0.000000000000000000e+00
0.000000000000000000e+00
1.174125149344494634e+00
7.880278770212470474e-02
9.857771158366234188e-01
0.000000000000000000e+00
0.000000000000000000e+00
0.000000000000000000e+00
0.000000000000000000e+00
2.702702374730144297e-01
0.000000000000000000e+00
4.744179583334122603e-03
0.000000000000000000e+00
1.315693942518944004e+00
4.589032924430790777e-02
0.000000000000000000e+00
1.135931611013101028e+00
0.000000000000000000e+00
8.575651300030608937e-01
0.000000000000000000e+00
6.654972988761456154e-01
0.000000000000000000e+00
0.000000000000000000e+00
0.000000000000000000e+00
0.000000000000000000e+00
2.159707769152335519e-02
4.488429037231642625e-03
0.000000000000000000e+00
0.000000000000000000e+00
1.972320644989298044e+00
9.470004732472544484e-01
4.637283933978563616e-02
0.000000000000000000e+00
4.845506517788930601e-01
