# Ensemble B, m = 25.0, c_n/c_p = 0.961290322581, f = -0.977826086957
# lambda = [  4.82303204e-09  -4.53352836e-09   0.00000000e+00   9.70934510e-10]
#  
2.071403518307771141e-01
1.207439459421395966e+00
5.796640901970719906e-01
1.295315830903062508e-03
8.594974398764550216e-02
2.783401920148385944e+00
1.133235780637981360e+00
7.790436098609851423e-02
2.728240562354805387e+00
2.081657881054199966e-01
0.000000000000000000e+00
0.000000000000000000e+00
1.894906797410169930e-01
0.000000000000000000e+00
1.181305071825246689e+00
0.000000000000000000e+00
0.000000000000000000e+00
0.000000000000000000e+00
3.397869272075450947e-02
2.997367616229199005e-01
1.997380570584803783e+00
0.000000000000000000e+00
8.608426233234308667e-01
0.000000000000000000e+00
0.000000000000000000e+00
1.904469707100188813e+00
8.339829164036208775e-01
1.271706842722621911e+00
3.055809982884797882e-01
0.000000000000000000e+00
0.000000000000000000e+00
0.000000000000000000e+00
0.000000000000000000e+00
3.929582899351405367e-02
0.000000000000000000e+00
0.000000000000000000e+00
4.340560621575647975e-03
3.201982722095029765e-01
0.000000000000000000e+00
5.136008796693695144e-01
1.484693750284371561e+00
1.954244456292918652e+00
0.000000000000000000e+00
0.000000000000000000e+00
0.000000000000000000e+00
0.000000000000000000e+00
1.492380579497892157e+00
5.411881152089675906e-01
1.687326657822516118e+00
3.789453276003168503e-01
0.000000000000000000e+00
2.315603722952448620e-03
1.054294054584602042e-01
8.661944565392355466e-01
6.389636961410392058e-01
0.000000000000000000e+00
4.404857955247479806e-01
4.657470420077184335e-03
5.298242164874207294e-01
1.049552833318969203e+00
0.000000000000000000e+00
6.318195630075166061e-03
0.000000000000000000e+00
0.000000000000000000e+00
9.702501079707298581e-02
0.000000000000000000e+00
5.020949387092854543e-01
0.000000000000000000e+00
9.448134209295552810e-02
3.804540729287236300e-01
9.381564278752813069e-01
4.796616505464719737e-01
2.649760872756167007e+00
0.000000000000000000e+00
9.985242686262486567e-01
1.750489433818068097e+00
0.000000000000000000e+00
6.791933098461185869e-01
3.913364289734486690e-01
0.000000000000000000e+00
2.789468145310584735e+00
0.000000000000000000e+00
0.000000000000000000e+00
3.714212210742766085e-01
8.741005179536603942e-01
5.305316584417197889e-01
0.000000000000000000e+00
1.834897071271621494e+00
9.715174978499807601e-02
4.627231866979409358e-01
0.000000000000000000e+00
4.516882662144807575e-03
1.312033096788493669e+00
0.000000000000000000e+00
1.424712545421935074e-02
8.929531094740319475e-01
1.223169086438186337e+00
0.000000000000000000e+00
0.000000000000000000e+00
8.836596290482449101e-01
