# Ensemble B, m = 25.0, c_n/c_p = 0.664516129032, f = -0.972608695652
# lambda = [  9.18475733e-09  -5.93623877e-09   0.00000000e+00   1.41873094e-09]
#  
1.287600275016226092e+00
1.602090573623262015e+00
5.471729567135861227e-01
7.555170971922534617e-01
2.045716846168632586e+00
4.413499229178862067e-03
0.000000000000000000e+00
0.000000000000000000e+00
1.112175090464648353e+00
1.540989984619250963e-01
3.769405732553530730e-01
3.522388400199435443e-01
1.364803834401540961e+00
0.000000000000000000e+00
0.000000000000000000e+00
4.800264756500656205e-01
4.339577394767631380e-01
1.610582868159582848e+00
7.193300446577211016e-01
1.025832358159786573e+00
1.175159212528758879e+00
2.270510052079331986e-01
8.195182439678088127e-01
0.000000000000000000e+00
0.000000000000000000e+00
3.987251223196699446e-01
0.000000000000000000e+00
0.000000000000000000e+00
0.000000000000000000e+00
1.545181400399316729e+00
8.773972244592851411e-01
0.000000000000000000e+00
0.000000000000000000e+00
2.533195968005681920e+00
3.053996805198657127e-01
7.183964798604655089e-01
0.000000000000000000e+00
1.324813826672089467e+00
6.356647409615764355e-01
1.141168456320885722e-03
1.387399994450517760e+00
0.000000000000000000e+00
0.000000000000000000e+00
2.248592486845337302e+00
0.000000000000000000e+00
0.000000000000000000e+00
2.297726667366390141e-01
5.779715115998498298e-01
0.000000000000000000e+00
7.767438168459653847e-01
8.494030064475124320e-01
1.942235388042291788e+00
1.248614525304331035e+00
1.560796152870531195e+00
4.719544244051456228e-01
1.182485353093247760e+00
1.303995034878900228e+00
3.336569629253123559e-02
2.029809040768345341e+00
3.498499116779341112e-01
1.593561517714765952e+00
0.000000000000000000e+00
2.558114743805815494e-01
1.516880491174146528e-01
1.069065958890155654e+00
1.105396324836379840e+00
3.658017087762849284e-01
3.745036331459731249e-01
0.000000000000000000e+00
6.120284989847156742e-01
0.000000000000000000e+00
0.000000000000000000e+00
2.074944736975905812e-01
6.759362271421825996e-02
1.544583681166459277e-01
0.000000000000000000e+00
2.029500681158841413e+00
0.000000000000000000e+00
3.325562426431446506e-01
4.357630081386313359e-01
0.000000000000000000e+00
2.016410017467138993e-01
0.000000000000000000e+00
2.137872412064460437e-01
7.358220750922426223e-01
3.442384866006221178e-01
0.000000000000000000e+00
1.514686356730073236e+00
0.000000000000000000e+00
1.358712245518397754e+00
7.349748463395473774e-02
0.000000000000000000e+00
5.255539925263416068e-01
5.086134586993553697e-01
5.382296464659428459e-01
8.151751671750523745e-03
4.813245626560749280e-01
1.054283064970910067e+00
0.000000000000000000e+00
1.372956139173210799e+00
