# Ensemble B, m = 25.0, c_n/c_p = 0.78064516129, f = -0.972608695652
# lambda = [  7.90547970e-09  -6.00233248e-09   0.00000000e+00   1.43452700e-09]
#  
0.000000000000000000e+00
3.919758369385780150e-01
1.824469749302749966e+00
0.000000000000000000e+00
1.285454599654457297e+00
0.000000000000000000e+00
7.651599657512009323e-01
1.872620532307565089e+00
2.729183480614147062e+00
1.190531986684379318e+00
0.000000000000000000e+00
1.296657773089884502e+00
0.000000000000000000e+00
0.000000000000000000e+00
0.000000000000000000e+00
0.000000000000000000e+00
2.014444062063305840e-02
0.000000000000000000e+00
2.247738863903947504e+00
2.215635808411043239e+00
7.325106083694059578e-01
1.148422975470107632e+00
0.000000000000000000e+00
9.922996552697078698e-01
4.059100445298909343e-01
0.000000000000000000e+00
6.077348156448812988e-01
1.535090909731033904e+00
8.162561992015276990e-01
9.786069785057298354e-03
1.817812922556349742e+00
5.146603208338610402e-01
1.068176540250152448e-03
2.149629468869819870e+00
1.663945614677897256e+00
2.559622516628103361e-01
0.000000000000000000e+00
1.062257724700103184e-01
2.026947556846532272e+00
2.588114289524003908e+00
9.078990511286489928e-01
9.139128345176293911e-01
7.968562480923796487e-02
0.000000000000000000e+00
0.000000000000000000e+00
0.000000000000000000e+00
0.000000000000000000e+00
2.356650392015268825e+00
0.000000000000000000e+00
7.116619935159452792e-01
0.000000000000000000e+00
0.000000000000000000e+00
1.563629344356693568e-02
7.693384635482456435e-01
3.255513252348174458e-01
5.536129894568527637e-02
1.086766807458722894e+00
0.000000000000000000e+00
1.968218062044442551e-01
0.000000000000000000e+00
5.837138719241784929e-02
0.000000000000000000e+00
6.776521860758583093e-02
9.276343116394317190e-02
1.381811731325729153e-01
5.334932059386031378e-02
0.000000000000000000e+00
5.408705893448378932e-01
0.000000000000000000e+00
0.000000000000000000e+00
3.874177317614261873e-01
1.105950548567992825e-01
1.980119593734116723e+00
3.369674190416959147e-01
1.759626027487438460e+00
0.000000000000000000e+00
0.000000000000000000e+00
0.000000000000000000e+00
2.299363692941454929e+00
0.000000000000000000e+00
8.896598406100413026e-02
0.000000000000000000e+00
3.922043853837687416e-02
8.019492595724918294e-02
1.828861632889372757e+00
2.291960047935766909e+00
0.000000000000000000e+00
0.000000000000000000e+00
7.262924512707228386e-01
2.213263738608788889e-01
1.588103477314270595e+00
0.000000000000000000e+00
1.002456137603549013e+00
2.802737913050041829e-01
1.937694882779061212e+00
0.000000000000000000e+00
1.251515107742476207e+00
0.000000000000000000e+00
6.972687841824976029e-01
1.392573334500941451e+00
