# Ensemble B, m = 25.0, c_n/c_p = 0.832258064516, f = -0.985652173913
# lambda = [  8.17925239e-09  -6.70957954e-09   0.00000000e+00   1.14899003e-09]
#  
1.256962632716622785e+00
1.332251583890372792e+00
1.008741316318601845e-02
5.901816893428125654e-01
0.000000000000000000e+00
0.000000000000000000e+00
1.246705445305684279e+00
0.000000000000000000e+00
4.424468053531614431e-01
1.945652138794873753e+00
2.415474506082320172e-01
0.000000000000000000e+00
4.491053116621233077e-01
7.889313056880957742e-01
8.582023545022027244e-01
1.273043218394504794e-01
0.000000000000000000e+00
5.466383726731910420e-01
8.326935699741420116e-01
1.233318928989493996e-01
0.000000000000000000e+00
1.005228440195815365e+00
6.152283306897565751e-01
0.000000000000000000e+00
0.000000000000000000e+00
1.328115692356967303e-01
1.037973260607088832e+00
1.207798610178327570e+00
0.000000000000000000e+00
4.215985825566128664e-01
1.960411050529320687e-01
4.024353635051635680e-01
7.398941563226754115e-01
0.000000000000000000e+00
0.000000000000000000e+00
1.481905722108055601e+00
8.638061651569417521e-01
5.022574486926906223e-01
0.000000000000000000e+00
1.280782264938826076e+00
4.869453215004317451e-03
1.246395079962272501e+00
0.000000000000000000e+00
0.000000000000000000e+00
1.187732021510031544e+00
3.820316584182509301e-01
1.009734758487753847e+00
0.000000000000000000e+00
0.000000000000000000e+00
0.000000000000000000e+00
7.893829544404479259e-01
7.591954058569720942e-01
5.911050753011897196e-01
1.726771185712034251e+00
7.854869547064016189e-01
2.383626056952775407e+00
0.000000000000000000e+00
5.874027821294883767e-01
1.907519989994700405e-01
2.395144961091908442e+00
3.772407899313802160e-01
1.475905779885031466e+00
2.948030374689830091e-01
1.182512530242148863e+00
3.407606930765666453e-01
5.235040149501154483e-01
2.092308483963439603e+00
0.000000000000000000e+00
4.649232764076778601e-02
2.049457734366544326e+00
8.990380436233779138e-01
0.000000000000000000e+00
1.037827507521752679e+00
0.000000000000000000e+00
1.063738723472938075e+00
1.678178732096356374e+00
0.000000000000000000e+00
1.566636753534724535e+00
7.196822557026905098e-01
2.648561406935436846e-01
0.000000000000000000e+00
1.260031405221042178e+00
0.000000000000000000e+00
4.329083149074442471e-01
2.165071752376533057e-04
6.679956515931597671e-01
2.265812309077487541e+00
7.904837130780788534e-01
2.597241409494451148e+00
1.566740819719876887e+00
4.537064289099753123e-01
3.346410772547759316e-01
7.323105626109727151e-01
3.151045911660323440e-01
1.405080038875184734e+00
0.000000000000000000e+00
0.000000000000000000e+00
0.000000000000000000e+00
2.673271578685765815e-01
0.000000000000000000e+00
