# Ensemble B, m = 25.0, c_n/c_p = 0.716129032258, f = -0.997391304348
# lambda = [  2.82572909e-08  -2.01830772e-08   0.00000000e+00   1.46071365e-09]
#  
1.168994438638602196e+00
2.023964868507531545e+00
1.417878038293698850e+00
2.485786773621372348e+00
2.972762984604599090e+00
2.875141907040854594e+00
2.947198563080581479e+00
3.514744306201969870e+00
2.924085834747425228e+00
2.131103094797320630e+00
2.397564687072458511e+00
4.078681150305512482e+00
2.054167102196583272e+00
0.000000000000000000e+00
1.200524267256506850e+00
1.929574277455801345e+00
2.889687360537591676e+00
1.215209569696261482e+00
2.606332396302800003e+00
2.519868238309672215e+00
1.199494946509990445e+00
8.223248424315640071e-01
6.858596579721443209e-01
2.057415193407845067e+00
1.981838812873674360e+00
3.532306240373038975e+00
1.737014174872808958e+00
1.594754187170332793e+00
2.036531698425201764e+00
1.069779627826713098e+00
2.768476985872212470e+00
1.821939202699663252e+00
2.605206423881898825e+00
9.964577515910113537e-01
1.555378911287528254e+00
2.853590988372885384e+00
1.544961820835027755e+00
1.319372677852888032e+00
1.757886951069409509e+00
3.078986086171401126e+00
1.602229009059640052e+00
6.225901927420188775e-01
2.493624920888980689e+00
2.019552245960237968e+00
1.534740654267204407e+00
3.419646949152270299e+00
2.092811342988533774e+00
2.727259859334712822e+00
1.882707004289275066e+00
3.030284607222712978e+00
1.667175144412102350e+00
2.035177058855767829e+00
2.797166214319831479e+00
1.149244505439473985e+00
1.361838422794148906e+00
1.935814757889115834e+00
1.449113227591734665e+00
2.882577413694794810e+00
1.938131739251871100e+00
1.036877278639613958e-01
2.764036381906961548e+00
3.449942863589774866e+00
1.133337375465003571e+00
1.943410745070871748e+00
1.277344854610753755e+00
1.755270937104426165e+00
1.702346669735907758e+00
2.302730377679468532e+00
2.025486522825787894e+00
3.355093695053103620e+00
1.794610940672667798e+00
1.044690994990544075e+00
8.272092912827221367e-01
9.955827002278861970e-01
2.839949786005482757e+00
2.262222608092899101e+00
1.748230065941678291e+00
2.831719820689593714e+00
2.507120540732857616e+00
2.522372958321629444e+00
0.000000000000000000e+00
2.478622855764885280e+00
3.328766884661523928e+00
1.213904975801056718e+00
4.280708986374732739e+00
2.063971459833814581e+00
2.111349770026666128e+00
1.282251063996716178e+00
1.777352737764116730e+00
3.057093741607631365e+00
3.683571359399466338e+00
1.016629680265938251e+00
2.736997945140815069e+00
2.109851599412514211e+00
1.802369783237186551e+00
1.304668239791906714e+00
3.356150322979591483e+00
2.218017689351464483e+00
2.695994938275168451e+00
1.545808074921171560e+00
