# Ensemble B, m = 25.0, lambda = [  9.48721444e-09  -7.55534215e-09   0.00000000e+00   1.20593974e-09]
9.346667381890477744e-01
1.361373241960206704e+00
1.983017360906169646e+00
0.000000000000000000e+00
1.184499145984648560e+00
5.629279585836455269e-01
1.523484862554996155e+00
9.325318460997997771e-01
1.468880374068221695e+00
1.343645694906666632e+00
7.780983894151717317e-01
2.251073095772548535e-02
1.827231434822709222e+00
1.807605754243324370e+00
1.055545778924744417e-02
0.000000000000000000e+00
2.173417773812421849e+00
0.000000000000000000e+00
0.000000000000000000e+00
1.090926813035773213e+00
1.051682142086904220e-01
4.283453675407348782e-01
1.179449636775883992e+00
1.708895537668325915e+00
4.511050379722428838e-01
1.870777685629137210e-01
1.947374304109289911e+00
3.047099795932485811e-01
2.070689853603883801e+00
5.186209586518199938e-02
2.129690916544786816e+00
0.000000000000000000e+00
0.000000000000000000e+00
1.179253187619627163e-01
0.000000000000000000e+00
3.120124405871957385e-01
4.604621544783675247e-01
4.396276796843069136e-03
1.321045753298808745e-01
3.862538658267398051e-03
6.027724075165123013e-02
1.385037922584995362e+00
0.000000000000000000e+00
5.912317852448353284e-01
6.874631259190856769e-02
0.000000000000000000e+00
7.647746988410519808e-01
1.873644019630208213e+00
1.343148763233863008e+00
9.563656487314743382e-01
0.000000000000000000e+00
0.000000000000000000e+00
0.000000000000000000e+00
1.386496962149834367e-01
0.000000000000000000e+00
5.476090045501720294e-01
1.759879065580009783e-01
0.000000000000000000e+00
1.950682169309669034e-01
1.800984771981678945e+00
7.741688797232476908e-04
0.000000000000000000e+00
6.966903340180329307e-01
7.829957635684267059e-01
1.923037250857500879e+00
1.255494525669673678e+00
8.203262055620991200e-01
1.378372151233599130e+00
6.655691038623964308e-03
0.000000000000000000e+00
1.436411092346553842e+00
1.134609484332561369e+00
1.015641869171103551e+00
2.177857640157693009e+00
4.316406619094502739e-01
6.327556509328979839e-01
0.000000000000000000e+00
1.194112852570925615e-02
8.059789764569575965e-01
0.000000000000000000e+00
8.943354322897043573e-01
0.000000000000000000e+00
8.340713871499387810e-01
1.769363764462023730e-02
1.392304793508129523e-01
1.506218706705138854e-01
1.198216596747307516e+00
2.278599676962735077e-03
8.064890876267420683e-02
3.731313902073909450e-01
1.184977359252024520e+00
0.000000000000000000e+00
1.351476663776063070e-01
4.610186585406569892e-01
5.499324439084797289e-01
0.000000000000000000e+00
1.356866465956183987e+00
0.000000000000000000e+00
0.000000000000000000e+00
0.000000000000000000e+00
