# Ensemble B, m = 25.0, lambda = [  1.91687289e-08  -1.31499026e-08   0.00000000e+00   1.47713692e-09]
1.920859716896269997e+00
2.289052042969632605e+00
1.604956181857938535e+00
8.157893789951180530e-01
1.158862756803824112e+00
7.565173813164191574e-02
1.216122840888337997e+00
8.960971809473250449e-01
1.430041439859854435e+00
9.703239668954755093e-01
1.440161496826879439e+00
1.398956678667256703e+00
0.000000000000000000e+00
3.295400708334053963e+00
1.720560313415793852e+00
0.000000000000000000e+00
5.177382201248685867e-01
1.862105406375107908e+00
8.982861273514038958e-01
9.577544361378625970e-01
9.307831029282029878e-01
2.428721419496293887e-01
1.107451241643911066e+00
1.634034127513529944e+00
9.181433265788273568e-01
0.000000000000000000e+00
0.000000000000000000e+00
2.643364321859624222e-01
2.015901413728592662e+00
0.000000000000000000e+00
1.936690308375099479e+00
9.523361994654253593e-01
4.543150706316518433e-02
0.000000000000000000e+00
3.913085274182580564e-01
1.239705008443257483e+00
8.828369321246309909e-01
1.640839757785969466e+00
1.032017512335924314e+00
7.868068908707641640e-01
1.517772890169347910e+00
9.865150424799818962e-01
8.055577298174575462e-01
0.000000000000000000e+00
1.586885164421997674e+00
1.698091096553450974e-01
8.215471487746485169e-01
1.064707308370328898e+00
2.028965136441988282e+00
0.000000000000000000e+00
3.555516246614444098e-01
3.391747368325750411e-01
0.000000000000000000e+00
1.419350113978290029e+00
1.425430576708080488e-01
5.594773688545351398e-01
1.221581457213140709e+00
0.000000000000000000e+00
2.189483412245976091e+00
1.482779261371390600e+00
1.453003065994760368e+00
1.608539692212608285e+00
6.361897819512198904e-01
0.000000000000000000e+00
3.107760693617915848e-01
0.000000000000000000e+00
1.090516917103523609e+00
1.035665191263297924e+00
1.152917064250084778e+00
2.099124386582768842e-01
4.912658421513405593e-01
1.192503907210567426e+00
8.055211648299860361e-01
4.192361944889198555e-01
0.000000000000000000e+00
9.289781398267090706e-01
1.157797997912867194e+00
0.000000000000000000e+00
2.189970139948200500e-01
5.661400844243238417e-01
1.563483478281159966e+00
0.000000000000000000e+00
7.862853348508160867e-01
0.000000000000000000e+00
4.987230295206704356e-01
0.000000000000000000e+00
7.990946121658043522e-01
0.000000000000000000e+00
6.263660403563006129e-01
1.291629659449448214e-02
8.869847404990627293e-01
1.556928475714400406e+00
9.729600746500506325e-01
2.287698115780471553e-01
0.000000000000000000e+00
0.000000000000000000e+00
1.031460513403753554e+00
1.884961430552105188e+00
0.000000000000000000e+00
0.000000000000000000e+00
