# Ensemble B, m = 25.0, c_n/c_p = 0.832258064516, f = -0.992173913043
# lambda = [  9.28848288e-09  -7.66991589e-09   0.00000000e+00   9.65247657e-10]
#  
9.246013199934229876e-01
0.000000000000000000e+00
1.652001674647014751e+00
9.116067198425061857e-01
1.318526016183801053e+00
8.275362820008119735e-01
0.000000000000000000e+00
1.007259886896735068e+00
0.000000000000000000e+00
7.259938521595576955e-01
0.000000000000000000e+00
6.785536454556448938e-01
1.145657258890816266e+00
1.134676548751671010e+00
3.485296354709314648e-01
4.782665846860832959e-01
4.247898504672767417e-01
3.581629664525530776e-01
8.877896353083337688e-01
2.985368226252186563e+00
1.364397727839562480e+00
1.106757829821446215e+00
0.000000000000000000e+00
0.000000000000000000e+00
7.354379670039788985e-01
5.907050986064747988e-01
5.078468237651102557e-01
0.000000000000000000e+00
2.962387223343855513e+00
1.252076227597753721e+00
1.599061765325508477e-01
1.300623149705074089e-01
4.123889766406176743e-03
9.055033558091232226e-01
0.000000000000000000e+00
1.474117004677398368e+00
8.149384876126318789e-01
0.000000000000000000e+00
1.463652662455522613e+00
0.000000000000000000e+00
1.235274179465324466e-02
1.212030797308599084e+00
2.143817641782578942e+00
2.014212356147447591e-01
6.283195207952774024e-03
1.003336105549862856e+00
1.159824158984182008e+00
1.509071928200250934e+00
0.000000000000000000e+00
3.195604550951999800e-01
0.000000000000000000e+00
1.301997688850231150e+00
0.000000000000000000e+00
1.728660812933672020e+00
6.400113809594885073e-01
0.000000000000000000e+00
7.274529447927425840e-01
6.610724749917828991e-01
9.383889840954424688e-01
1.557864125233446195e+00
4.639582216113382618e-01
1.149138925889365392e+00
1.382699310847084195e+00
4.233734156287299322e-01
1.758778663268643960e+00
8.069553369270672238e-01
1.605097333942123949e+00
0.000000000000000000e+00
2.522757476818343614e-01
5.370227852735526275e-01
1.944357817638378227e+00
0.000000000000000000e+00
1.781273986097364315e+00
6.108693765330598380e-01
1.726272423691179447e-01
2.089384906308918044e+00
0.000000000000000000e+00
0.000000000000000000e+00
5.441618700289569954e-01
2.328637645620160956e+00
3.358911794817412977e-01
6.795085897285552123e-01
6.170430031827093265e-01
0.000000000000000000e+00
0.000000000000000000e+00
0.000000000000000000e+00
1.083071890490084899e+00
9.810609164391976833e-01
1.826604188690469921e-01
1.608617164112560394e+00
9.323983000798751197e-01
3.705703328801904228e-01
7.440195692688567064e-01
3.565245521959634623e-01
1.019339505054593253e+00
8.079651774302801792e-01
0.000000000000000000e+00
2.339956939539393765e+00
6.789908556607129331e-01
1.561361996134039032e+00
