# Ensemble B, m = 25.0, c_n/c_p = 0.806451612903, f = -0.996086956522
# lambda = [  1.21024944e-08  -9.72188453e-09   0.00000000e+00   8.62581760e-10]
#  
2.807932370618973383e+00
0.000000000000000000e+00
0.000000000000000000e+00
0.000000000000000000e+00
9.250956995960063489e-02
7.689301351148258856e-01
1.576945819753215350e+00
2.559336994911755703e+00
2.191091955897026100e+00
8.622878594021469167e-01
1.199970704485549877e+00
1.772386292131518770e+00
0.000000000000000000e+00
1.309912045667993574e+00
1.409092958961589481e+00
1.088844300141666777e+00
1.591780504664683349e+00
3.083678554191262022e-01
2.100324057289852941e+00
3.829714533515989339e-01
2.697289644794079067e+00
1.758244208133135159e-02
1.321351180254179081e+00
2.556548920660232760e+00
8.524089302733413032e-01
1.715008921470322800e+00
6.884283452986635909e-01
2.712312460293899719e-01
2.490688544360583734e+00
1.424554169475292120e+00
0.000000000000000000e+00
1.759317653207007393e+00
7.787033412824602152e-01
1.554993700682743896e+00
8.580720528190846075e-01
0.000000000000000000e+00
2.110372027411457019e+00
2.171992756275913816e+00
0.000000000000000000e+00
1.923301015459277785e+00
2.149634662412427399e+00
6.785536454556448938e-01
1.272377828807100819e+00
8.836596290482449101e-01
0.000000000000000000e+00
0.000000000000000000e+00
8.282232830112095101e-01
1.984987648076522948e+00
3.613626705380021953e-01
1.390654631022681942e+00
6.978707446219074573e-01
1.370733550748893803e+00
1.178931714304538581e+00
1.282403347327537135e+00
2.746829589045143849e-01
3.794809250486691488e-01
1.111010921288001219e-01
6.510360670997547006e-01
1.000672571119964216e+00
0.000000000000000000e+00
2.605954373605465335e+00
1.571824779489808144e+00
0.000000000000000000e+00
7.220225285644242819e-01
9.969846260722070586e-01
9.499731105197234404e-02
0.000000000000000000e+00
1.581157013061633254e+00
0.000000000000000000e+00
5.343166037111077848e-01
2.207649756122828322e+00
2.304817349625738476e+00
8.810291826051794839e-01
0.000000000000000000e+00
2.571108982285320366e+00
1.294108987814875267e+00
0.000000000000000000e+00
2.091376180191835132e+00
2.963254419983471166e+00
4.200851438422277262e-01
1.194816412003406603e+00
8.952991449570211202e-01
1.537847696306500644e+00
0.000000000000000000e+00
1.471563109425116922e+00
1.007081458598331869e+00
5.223700687787068420e-01
2.348118012406298138e+00
1.517594844600474446e-01
1.252565773402813942e+00
1.202839499966332326e+00
1.178927292410147487e+00
2.472882921877893381e+00
1.290740532269852636e+00
5.466595619449228505e-02
0.000000000000000000e+00
6.347487277036600872e-01
6.533667332356896118e-01
1.228327285417815939e-01
2.150788342983624979e+00
