# Ensemble B, m = 25.0, c_n/c_p = 0.651612903226, f = -0.980434782609
# lambda = [  1.05565207e-08  -6.74418058e-09   0.00000000e+00   1.35404498e-09]
#  
2.715163199371256053e-01
6.505525636141872015e-02
9.561704277504975424e-01
1.906514186479879858e-01
1.278387714765351624e-01
0.000000000000000000e+00
0.000000000000000000e+00
0.000000000000000000e+00
0.000000000000000000e+00
0.000000000000000000e+00
1.196601021118588459e+00
2.186711510047895657e-01
0.000000000000000000e+00
1.163460825277357280e+00
3.946340512855991411e-01
6.812237006024662866e-01
0.000000000000000000e+00
0.000000000000000000e+00
2.609426825167691089e+00
0.000000000000000000e+00
1.293030716525967794e+00
5.355215096298129307e-01
1.286377723641218607e+00
2.246003436881863102e+00
0.000000000000000000e+00
1.210337964392890070e-01
9.743692046452181454e-01
6.861921864443830676e-01
0.000000000000000000e+00
2.743871590073131195e+00
6.677893780672894408e-02
0.000000000000000000e+00
1.389187359794923804e+00
0.000000000000000000e+00
0.000000000000000000e+00
4.507157515485898935e-01
6.802499149530196743e-01
1.529905487549747090e+00
0.000000000000000000e+00
0.000000000000000000e+00
1.417026935298159040e-01
1.465034309161723058e+00
4.281851794555022739e-01
2.397373262745066680e-01
0.000000000000000000e+00
7.402557905633982971e-01
9.940477078191609639e-01
2.694750226613633060e-01
7.264937044558209545e-01
0.000000000000000000e+00
1.334143346631384341e+00
6.037040500709734969e-01
1.811418874019176783e+00
2.845747233729100101e-01
2.037958945285618384e+00
6.922917032124793479e-01
1.306504663946942646e+00
0.000000000000000000e+00
0.000000000000000000e+00
1.344894391757945007e+00
0.000000000000000000e+00
1.625163669098722841e-01
1.176871309806762245e+00
0.000000000000000000e+00
0.000000000000000000e+00
9.325077853005261930e-02
1.560326488622305829e+00
1.631324059174037167e-01
0.000000000000000000e+00
1.625264472943113714e-02
4.273953061360372674e-01
6.665720382890195639e-01
2.700571334096878440e-01
1.863594770008744073e+00
4.415993746116516627e-01
0.000000000000000000e+00
7.128001411853348568e-01
1.902920412863601252e+00
1.921819319831951089e+00
9.524780996183224158e-01
3.844374137795166235e-01
2.006368511786321029e+00
0.000000000000000000e+00
0.000000000000000000e+00
5.981267487305722691e-02
0.000000000000000000e+00
0.000000000000000000e+00
5.837941701231044167e-01
0.000000000000000000e+00
8.763020375087099412e-01
1.270591094980322744e+00
0.000000000000000000e+00
2.322900293279097084e-01
0.000000000000000000e+00
1.488727082074944308e+00
8.392868922047485025e-01
1.285271791638518124e+00
1.197258080354841381e+00
0.000000000000000000e+00
1.131644584301299883e+00
