# Ensemble B, m = 25.0, c_n/c_p = 0.845161290323, f = -0.97
# lambda = [  6.34907023e-09  -5.20500874e-09   0.00000000e+00   1.30449815e-09]
#  
2.579111205804265339e-01
1.873542711492429957e-01
1.726849801463334888e+00
1.102698055740888750e+00
5.744668631481144594e-01
1.323391266891506213e+00
3.144519552393165163e-01
0.000000000000000000e+00
5.056167866512579767e-01
3.654569338560171299e-01
9.340921966141822741e-02
0.000000000000000000e+00
2.836420435388612993e-01
1.042132414283750252e+00
1.436643415126541479e+00
0.000000000000000000e+00
0.000000000000000000e+00
0.000000000000000000e+00
6.838424049703485386e-01
0.000000000000000000e+00
1.250579359472899776e+00
9.864204769559391517e-01
1.506121757994819017e-02
0.000000000000000000e+00
1.289009447952274220e-02
1.730275499733777922e+00
0.000000000000000000e+00
1.234037666275844103e+00
1.845624736968448865e+00
4.261573151906783985e-01
7.926305465726793953e-01
7.214066829248537427e-02
9.781445786135017917e-03
1.750236446683777203e+00
4.149867919524618531e-01
6.744589016376184576e-01
1.727590252923493885e+00
0.000000000000000000e+00
0.000000000000000000e+00
8.560092783904367231e-01
0.000000000000000000e+00
0.000000000000000000e+00
1.251574835439486430e-02
0.000000000000000000e+00
0.000000000000000000e+00
1.825318909014442825e+00
3.346410772547759316e-01
4.303691153662610458e-01
0.000000000000000000e+00
0.000000000000000000e+00
8.943073146779078053e-01
1.194554699579070789e+00
0.000000000000000000e+00
1.406312971802721190e+00
1.448373209277200591e+00
5.985867078688266590e-02
6.344297412463477670e-01
7.037248807164937503e-01
1.145370965525532192e+00
0.000000000000000000e+00
0.000000000000000000e+00
6.493782580728434395e-01
2.018769048703287883e+00
1.437545138466825634e+00
0.000000000000000000e+00
1.024415957737022792e-01
0.000000000000000000e+00
1.258926979490118114e+00
3.973316674351112243e-01
9.380203466006735713e-01
1.788290381159832521e+00
1.779593461597718917e+00
4.005294566335387274e-01
6.641455391054351676e-01
0.000000000000000000e+00
0.000000000000000000e+00
7.837345442238162763e-01
1.764092333005004454e+00
9.008271434190280591e-02
6.215095871665887728e-01
0.000000000000000000e+00
0.000000000000000000e+00
0.000000000000000000e+00
3.273796516291818670e-01
8.478342366196203184e-01
0.000000000000000000e+00
4.920888622091783571e-01
1.451614716477688249e+00
4.207476723307682076e-01
1.514635113934639676e+00
0.000000000000000000e+00
6.859229327949321053e-01
0.000000000000000000e+00
0.000000000000000000e+00
8.592246986997056357e-01
1.188164841491012869e+00
1.987636236033841763e-01
4.236680361270857009e-01
2.435733743539456597e+00
2.269399295452676935e+00
