# Ensemble B, m = 25.0, lambda = [  6.42383761e-09  -4.26572420e-09   0.00000000e+00   1.48680043e-09]
1.984688828084722745e-01
0.000000000000000000e+00
5.011367468369943845e-01
0.000000000000000000e+00
0.000000000000000000e+00
0.000000000000000000e+00
0.000000000000000000e+00
1.538779813079453884e-01
0.000000000000000000e+00
8.232103647365557331e-02
4.633537036283546379e-02
1.837365754088700065e+00
6.095874601203546961e-01
1.627034662741139170e-01
0.000000000000000000e+00
0.000000000000000000e+00
0.000000000000000000e+00
0.000000000000000000e+00
0.000000000000000000e+00
1.212788034143400528e-01
1.269266788077625385e-01
0.000000000000000000e+00
1.365684414781337397e+00
0.000000000000000000e+00
0.000000000000000000e+00
6.164013804108917777e-02
0.000000000000000000e+00
1.416538882376175756e+00
8.978755386290972890e-03
7.779646269534256087e-01
3.355558844136627972e-01
9.923329592325866866e-01
3.921791089227889826e-03
5.162222780698431102e-01
0.000000000000000000e+00
0.000000000000000000e+00
1.438508987742723066e+00
6.809686966250940721e-01
0.000000000000000000e+00
0.000000000000000000e+00
2.440574283227782693e-01
0.000000000000000000e+00
0.000000000000000000e+00
0.000000000000000000e+00
3.896481154163103366e-02
1.170146367045141189e-01
0.000000000000000000e+00
0.000000000000000000e+00
2.762918214394752617e-02
2.544512210195135071e-01
0.000000000000000000e+00
1.279150228220217629e-03
1.188197554003402434e+00
0.000000000000000000e+00
2.567794604492263377e-01
5.480905015297441452e-01
1.112783997765792510e+00
5.921743342076463135e-02
1.760948310698523755e+00
0.000000000000000000e+00
7.183031347535275175e-03
0.000000000000000000e+00
4.480729350948781109e-01
0.000000000000000000e+00
1.091819410660340856e-01
8.370309428141335939e-01
1.295329614475549063e+00
1.421593112997778574e+00
1.433167407541514171e+00
1.175448171734151170e+00
5.453321795146954809e-01
0.000000000000000000e+00
0.000000000000000000e+00
0.000000000000000000e+00
6.750118974043194386e-01
1.257719984154467285e-01
3.127255700333268496e-01
9.045273048953075268e-01
0.000000000000000000e+00
1.274555075010170402e+00
0.000000000000000000e+00
0.000000000000000000e+00
0.000000000000000000e+00
0.000000000000000000e+00
0.000000000000000000e+00
3.872722724164032737e-01
6.634999672410506547e-03
0.000000000000000000e+00
6.913229630482948807e-01
0.000000000000000000e+00
0.000000000000000000e+00
1.159098930348774870e+00
4.192868366706629241e-03
5.656922436939259002e-01
2.122153002595534854e+00
5.768776357704031854e-01
5.656242767607965183e-01
0.000000000000000000e+00
2.974674108393492444e-01
5.200611103860775832e-03
