# Ensemble B, m = 25.0, c_n/c_p = 0.935483870968, f = -0.961428571429
# lambda = [  4.63743563e-09  -4.17091388e-09   0.00000000e+00   1.19325513e-09]
#  
0.000000000000000000e+00
1.327798869446678243e+00
1.732536511602467355e+00
0.000000000000000000e+00
3.508415395075940024e-01
3.980602687449991128e-01
1.541253205965518840e-02
0.000000000000000000e+00
1.808377827029339802e+00
1.026989751206170975e+00
1.020659866969459317e+00
4.612192675235934347e-01
2.676520078431501859e-01
1.724896686522258138e+00
7.334050910317494454e-01
0.000000000000000000e+00
1.261988997650612454e+00
0.000000000000000000e+00
0.000000000000000000e+00
1.356602645228759618e+00
0.000000000000000000e+00
9.848811627322867635e-01
0.000000000000000000e+00
0.000000000000000000e+00
3.768421232928359510e-01
3.709675677728814236e-01
1.703627267788070110e-01
1.207437179575688302e-01
1.964905620025645172e+00
3.632710801405977241e-01
0.000000000000000000e+00
1.911229209530617368e+00
0.000000000000000000e+00
6.848272363107957839e-01
0.000000000000000000e+00
1.175255849987294265e+00
5.918810437622769038e-01
0.000000000000000000e+00
2.513070176820124124e-01
1.332074465550528775e+00
1.129890733856111634e-01
3.723333941003566516e-01
1.235075396038201934e+00
7.905549062782440961e-01
0.000000000000000000e+00
0.000000000000000000e+00
0.000000000000000000e+00
4.662099084929980930e-01
0.000000000000000000e+00
1.251941817614814045e+00
0.000000000000000000e+00
0.000000000000000000e+00
3.464126724383466693e-01
1.816706199028113866e-01
4.447447153691794774e-01
1.410873163969017074e+00
1.305924694051560975e+00
0.000000000000000000e+00
0.000000000000000000e+00
1.019953089694528581e+00
2.145362198054051039e-01
8.097502050554745701e-01
6.206465851668218139e-03
0.000000000000000000e+00
9.834675365808221992e-01
0.000000000000000000e+00
0.000000000000000000e+00
0.000000000000000000e+00
9.533340991659169233e-03
9.748176730347474228e-03
6.456619056589993910e-01
0.000000000000000000e+00
2.438203383388354961e+00
5.656383280975857408e-01
0.000000000000000000e+00
3.086637142554858881e-01
2.160977739544340359e+00
8.258800502010625877e-01
6.262897985827464709e-02
0.000000000000000000e+00
8.418922937911776927e-01
2.044975671764629688e+00
6.523681918632807768e-03
2.270473304272876136e-01
1.808377827029339802e+00
0.000000000000000000e+00
0.000000000000000000e+00
0.000000000000000000e+00
5.039159746104396875e-01
0.000000000000000000e+00
8.040297080681678699e-01
0.000000000000000000e+00
0.000000000000000000e+00
0.000000000000000000e+00
0.000000000000000000e+00
2.000720156881644618e-01
5.134784554932115413e-02
0.000000000000000000e+00
0.000000000000000000e+00
8.360072397498442553e-01
