# Ensemble B, m = 25.0, lambda = [  1.42648816e-08  -1.08832993e-08   0.00000000e+00   1.22252794e-09]
1.283559992939554029e+00
1.441621668911531096e+00
1.071644106187786827e+00
1.104697241500743221e+00
2.314947675229329871e+00
1.016004054908445919e+00
5.002436900985243184e-01
0.000000000000000000e+00
1.399240272358381887e+00
1.061191315606962483e-02
0.000000000000000000e+00
1.567151717139288802e+00
1.259726198833549748e+00
2.161321937108662272e+00
0.000000000000000000e+00
1.290238629533509762e+00
0.000000000000000000e+00
1.408230106862518927e+00
0.000000000000000000e+00
8.932445960505293048e-01
1.519825992774940682e+00
6.064216465748406559e-01
5.711387405129539352e-02
1.986108428380760182e+00
6.307902008112410419e-01
1.581973521142080674e+00
9.755558476550755254e-01
1.456493631321741367e+00
1.931046284579043038e+00
5.831792169063590991e-01
8.453073563307851312e-01
1.542731340678304974e+00
7.806035542961523577e-01
2.618067011068444527e-01
0.000000000000000000e+00
1.759027668050624937e+00
1.096500965651319749e-02
2.289453788841270043e+00
4.325276343687248226e-01
4.272508871339635722e-02
2.411335303166614041e-01
2.224897094394858943e+00
0.000000000000000000e+00
8.027228014278661172e-01
1.563813403761329823e+00
1.438596962473231544e+00
2.098095001808824467e+00
1.612525619159220991e+00
1.365682626764320062e+00
8.415280194552070547e-01
3.479030595963824579e-01
1.900423355703765971e+00
2.074183084637281738e+00
3.845603993297670997e-01
2.114233818454517966e+00
1.193023083600114470e-01
1.935132802763877002e+00
4.778053311553268623e-01
1.096634608259228205e+00
1.933806445483408520e+00
1.761773592851098913e+00
1.938917647252106358e+00
6.303719702712786699e-01
0.000000000000000000e+00
1.333820036236868789e-01
7.749542081367144508e-02
1.656720034125850338e+00
1.780496712675660786e+00
6.044789220764011928e-01
7.587922923187661040e-01
1.036993520524472023e+00
1.589877144886289839e+00
1.316589708383011370e+00
0.000000000000000000e+00
3.154807187890888986e-01
1.685119411611734286e+00
9.198773210284959534e-01
6.328831473802202234e-01
2.201942227187552170e+00
2.525317775324669167e-01
0.000000000000000000e+00
1.384942641884969461e-01
2.059353514954716857e+00
9.556943778444951798e-01
0.000000000000000000e+00
0.000000000000000000e+00
1.228646380401767768e+00
1.336006216399483471e+00
3.022503113683176479e-01
0.000000000000000000e+00
1.713843571192105619e+00
1.543689403124335779e+00
9.944912838941137867e-01
1.021519027605149565e+00
1.651762123959025219e-01
1.377451101525625221e+00
2.211376833176886159e+00
0.000000000000000000e+00
1.885442284818671821e+00
6.329923664879375522e-01
