# Ensemble B, m = 25.0, c_n/c_p = 0.81935483871, f = -0.957142857143
# lambda = [  5.99077636e-09  -4.69820424e-09   0.00000000e+00   1.42160192e-09]
#  
0.000000000000000000e+00
1.664031576682395430e+00
4.761034808274666741e-01
1.094761735551039949e+00
0.000000000000000000e+00
0.000000000000000000e+00
1.771332207790185631e+00
0.000000000000000000e+00
3.958679386718035875e-01
0.000000000000000000e+00
0.000000000000000000e+00
1.940547432114096971e+00
4.297650735862464377e-01
0.000000000000000000e+00
0.000000000000000000e+00
2.364077807902653650e+00
0.000000000000000000e+00
4.373854590384595314e-02
1.048066296975142864e+00
0.000000000000000000e+00
0.000000000000000000e+00
0.000000000000000000e+00
0.000000000000000000e+00
1.378164019268091733e+00
1.318063015266872640e-01
7.431517430709220218e-01
3.139193026085599358e-01
8.951402021629391026e-01
2.036589738035812225e-01
0.000000000000000000e+00
0.000000000000000000e+00
5.564809902954149790e-01
1.304441077403657445e+00
0.000000000000000000e+00
0.000000000000000000e+00
1.506121757994819017e-02
4.862792751338779751e-01
0.000000000000000000e+00
8.403343114362726851e-01
0.000000000000000000e+00
0.000000000000000000e+00
0.000000000000000000e+00
3.594618720112116028e-01
4.255164631699744349e-01
1.830016199099696372e+00
4.903240526830001111e-01
0.000000000000000000e+00
1.733830509454531432e-01
3.601511261623056570e-01
6.394794951770879088e-01
4.533607771367299810e-02
2.822303503987387829e-01
0.000000000000000000e+00
1.722998458537274624e+00
1.360184185897279185e+00
1.141961234588547286e-01
2.593148937428623846e+00
9.558866928767101312e-01
0.000000000000000000e+00
8.940154898112986359e-01
3.936900406452216450e-02
1.183366439420556304e+00
9.303203215891520106e-01
0.000000000000000000e+00
0.000000000000000000e+00
7.628576302115809282e-01
8.150335634601015844e-01
0.000000000000000000e+00
6.658636030896425938e-03
9.923695371230123463e-01
1.222279947601186967e+00
9.550162954773443458e-01
0.000000000000000000e+00
5.560880746054985835e-01
2.507600304728019314e-01
8.929061809832653518e-01
1.857497206523921196e-01
0.000000000000000000e+00
0.000000000000000000e+00
2.472323586523273442e-01
1.419609812095351531e+00
0.000000000000000000e+00
0.000000000000000000e+00
3.190791782720330816e-01
0.000000000000000000e+00
1.644181769136904059e+00
1.048793035154471920e-01
1.287424810747591186e+00
6.293768125980041539e-01
3.029387662413209892e-01
6.491384088136386010e-01
5.130459325655626346e-01
1.643555541537518927e+00
1.534548196332100878e-01
0.000000000000000000e+00
0.000000000000000000e+00
0.000000000000000000e+00
0.000000000000000000e+00
5.675776537769876284e-02
8.166340089459812601e-01
