# Ensemble B, m = 25.0, c_n/c_p = 0.961290322581, f = -0.975217391304
# lambda = [  4.73831567e-09  -4.44201477e-09   0.00000000e+00   1.00776558e-09]
#  
8.859007192590390156e-01
6.523681918632807768e-03
0.000000000000000000e+00
9.466121626298555913e-01
1.722994813828586214e+00
0.000000000000000000e+00
2.615338202193645892e-02
0.000000000000000000e+00
0.000000000000000000e+00
0.000000000000000000e+00
0.000000000000000000e+00
0.000000000000000000e+00
1.925900188996733320e+00
4.828180318554685102e-01
0.000000000000000000e+00
7.104207206037589303e-03
8.475538447404857845e-01
1.180166624813128617e+00
1.050414504849241926e+00
0.000000000000000000e+00
0.000000000000000000e+00
4.585593346853454877e-01
0.000000000000000000e+00
8.636326912793955701e-01
6.318540391949245549e-01
2.290373158621751837e-01
4.450917431660504353e-01
0.000000000000000000e+00
6.769190904077471149e-02
7.241181975633613765e-01
0.000000000000000000e+00
6.354094605447389021e-01
1.728355215292068259e+00
0.000000000000000000e+00
7.745697804888385107e-01
0.000000000000000000e+00
0.000000000000000000e+00
0.000000000000000000e+00
7.870125600100541519e-01
1.284348903098045946e+00
9.867823567046307698e-01
0.000000000000000000e+00
1.845392083962504653e-03
0.000000000000000000e+00
9.119466397645574762e-01
1.251709786931753943e+00
0.000000000000000000e+00
3.723333941003566516e-01
0.000000000000000000e+00
1.475329646027780495e+00
0.000000000000000000e+00
1.242850937471572798e-02
3.956539713855454776e-01
1.382627176234460409e+00
0.000000000000000000e+00
3.139193026085599358e-01
0.000000000000000000e+00
2.415474506082320172e-01
8.261168912167257128e-01
1.409869632119782779e+00
2.108278102082800309e+00
1.425503935844809611e+00
2.900738832761827091e+00
0.000000000000000000e+00
0.000000000000000000e+00
5.848147494702906624e-01
6.168118495278325231e-01
0.000000000000000000e+00
3.641272182838461990e-02
1.087901647191978682e+00
4.806885151809440204e-01
0.000000000000000000e+00
1.175255849987294265e+00
6.127435292740696093e-01
0.000000000000000000e+00
0.000000000000000000e+00
0.000000000000000000e+00
4.395311484181134432e-02
1.646833167055078206e+00
1.766937096080129832e+00
0.000000000000000000e+00
5.971936591639042183e-03
1.043360456352397714e+00
7.354379670039788985e-01
0.000000000000000000e+00
1.851124017633101415e+00
7.722874766954960224e-01
0.000000000000000000e+00
0.000000000000000000e+00
1.345141367473640104e+00
0.000000000000000000e+00
8.278778633419334732e-01
1.514293388461683820e+00
7.410878220019880835e-01
2.585741921639390650e+00
3.592536910028666375e-01
0.000000000000000000e+00
0.000000000000000000e+00
3.390523131685476144e-01
0.000000000000000000e+00
