# Ensemble B, m = 25.0, c_n/c_p = 0.974193548387, f = -0.989565217391
# lambda = [  5.05559090e-09  -4.87373144e-09   0.00000000e+00   7.09639801e-10]
#  
0.000000000000000000e+00
8.097502050554745701e-01
1.686895243716655599e-02
1.189200938405986729e+00
9.702501079707298581e-02
9.062017071850267946e-01
2.303624888564379525e+00
2.289390793981257999e-01
0.000000000000000000e+00
1.204644184815233388e+00
5.826869431357510898e-01
0.000000000000000000e+00
5.196460915678610126e-01
1.928456908233266542e+00
8.909810581605828173e-01
1.814429578009031652e-01
0.000000000000000000e+00
1.662151178286692899e+00
9.654665837468706657e-01
1.315241455002534421e+00
0.000000000000000000e+00
5.030947453485266063e-01
0.000000000000000000e+00
0.000000000000000000e+00
3.227712652978196317e-01
4.758239124295218225e-01
0.000000000000000000e+00
4.721376913972947231e-01
0.000000000000000000e+00
0.000000000000000000e+00
0.000000000000000000e+00
0.000000000000000000e+00
1.198551742649931251e+00
1.178386336887448760e+00
0.000000000000000000e+00
0.000000000000000000e+00
1.866539070835461153e-02
2.165500454984514267e+00
5.136463892531415443e-01
0.000000000000000000e+00
0.000000000000000000e+00
0.000000000000000000e+00
6.404003884152388582e-02
9.768788675440546188e-01
0.000000000000000000e+00
0.000000000000000000e+00
1.001202638581544235e+00
0.000000000000000000e+00
1.016851984941431697e+00
7.423388424747247027e-01
9.587507615379353698e-01
5.131647381214535786e-01
0.000000000000000000e+00
1.468216016521739498e+00
1.664540356710960456e+00
0.000000000000000000e+00
1.187734825791444404e+00
0.000000000000000000e+00
1.697348978380298634e+00
2.873867448377207760e-03
4.912709269672146939e-01
0.000000000000000000e+00
5.880277573135562173e-03
0.000000000000000000e+00
7.092953853446797019e-02
0.000000000000000000e+00
0.000000000000000000e+00
0.000000000000000000e+00
0.000000000000000000e+00
0.000000000000000000e+00
0.000000000000000000e+00
0.000000000000000000e+00
0.000000000000000000e+00
7.534796466487642119e-01
2.803934363618000858e-01
4.719268847225366881e-01
0.000000000000000000e+00
0.000000000000000000e+00
3.663358603782000955e-01
0.000000000000000000e+00
6.318195630075166061e-03
1.188955109749968653e+00
5.526937458856768792e-01
8.614451784736694429e-03
0.000000000000000000e+00
0.000000000000000000e+00
1.833193564305904133e-01
9.379858779479287589e-01
1.570989992982628314e+00
0.000000000000000000e+00
3.831688680980407380e-01
0.000000000000000000e+00
4.987928621810733265e-01
4.927903320145064492e-01
0.000000000000000000e+00
0.000000000000000000e+00
1.395423766624881434e+00
0.000000000000000000e+00
0.000000000000000000e+00
4.362856680505116658e-01
