# Ensemble B, m = 25.0, lambda = [  9.23172644e-09  -7.34257274e-09   0.00000000e+00   1.23035247e-09]
1.280593618252687138e+00
0.000000000000000000e+00
8.979168049795122064e-01
9.229955360025657862e-01
1.558704503700139465e+00
1.029263446116699399e+00
1.440167759437673389e+00
1.734671161302170639e-01
0.000000000000000000e+00
1.846748079993589364e+00
0.000000000000000000e+00
0.000000000000000000e+00
3.846294638667275834e-01
3.883205687973169673e-01
1.664548417300425465e+00
1.961954136626034240e+00
3.267267991775608602e-03
0.000000000000000000e+00
1.293633123554436715e+00
0.000000000000000000e+00
1.232544854935485379e+00
0.000000000000000000e+00
4.190318944662952960e-01
1.933992216933644315e-01
5.741660395189775862e-03
1.138957237810976686e+00
0.000000000000000000e+00
0.000000000000000000e+00
7.040467559562018085e-01
7.994414339867264019e-01
0.000000000000000000e+00
4.345020725513866755e-01
2.881860875131855848e-01
1.036714486834379167e+00
1.621097147742761813e+00
2.819293929378421937e-01
1.801161839022854760e+00
1.816582381942355884e+00
2.144475381704052719e+00
0.000000000000000000e+00
0.000000000000000000e+00
2.122486922764209860e-01
0.000000000000000000e+00
9.421413345413024443e-01
2.227187715385458566e-01
1.373411961923485469e+00
1.451988385626297617e+00
1.792062432064063682e+00
0.000000000000000000e+00
0.000000000000000000e+00
9.603149371812140789e-01
1.725875198421827461e+00
0.000000000000000000e+00
0.000000000000000000e+00
7.426747424354802618e-01
0.000000000000000000e+00
1.146227356799297770e+00
0.000000000000000000e+00
1.268933780726994032e-01
1.635715880997422600e+00
1.845298881360067256e+00
1.205780755626248535e+00
2.031405687072349142e+00
1.921745669095770381e+00
3.109813257634047590e-01
2.184836100020456584e+00
0.000000000000000000e+00
8.646142230098124992e-01
0.000000000000000000e+00
6.974077789828958540e-01
1.827076540018852224e+00
9.060332793425339704e-01
1.908291327574072938e+00
2.834188684002150391e-02
1.411249073367570883e+00
1.706498112528701316e+00
1.563395388102928329e+00
2.131200556611450470e+00
0.000000000000000000e+00
1.281675682974718899e+00
1.608113511510811389e+00
0.000000000000000000e+00
9.741601596673871155e-01
0.000000000000000000e+00
1.031492396962165436e+00
1.135326018285619298e+00
0.000000000000000000e+00
5.395219751923531204e-01
1.294828620053735557e+00
6.342266348265325204e-01
0.000000000000000000e+00
4.989966369157047832e-01
4.885277042314362453e-03
1.549886170489288340e+00
3.215163205529172341e-01
0.000000000000000000e+00
1.478278739218475968e+00
0.000000000000000000e+00
6.062777247066032382e-01
3.753334362564737514e-01
