# Ensemble B, m = 25.0, lambda = [  4.45028873e-09  -3.82277751e-09   0.00000000e+00   1.33241321e-09]
6.740587794561777625e-03
1.606971462911472193e+00
0.000000000000000000e+00
0.000000000000000000e+00
0.000000000000000000e+00
2.269956578421151172e-01
1.900364515486351324e-01
0.000000000000000000e+00
0.000000000000000000e+00
4.086656997993627360e-01
6.659786179686990604e-01
4.714287049829448129e-01
3.772459602614841589e-01
0.000000000000000000e+00
1.439825617798080826e+00
0.000000000000000000e+00
1.007152897162291866e-01
1.601376564651737722e+00
0.000000000000000000e+00
6.072196581862971954e-01
6.392534945915733825e-03
1.706949612228331192e+00
0.000000000000000000e+00
1.780211317385476777e+00
0.000000000000000000e+00
0.000000000000000000e+00
6.652263316385839120e-01
1.873795083803258432e+00
0.000000000000000000e+00
1.361529862001841125e-02
0.000000000000000000e+00
4.783047997803318019e-01
2.101846461915287456e+00
2.563261458867730491e-01
0.000000000000000000e+00
0.000000000000000000e+00
1.535310289717811028e+00
9.415135197158601421e-02
1.347489077023259207e-01
4.514686586226400178e-01
0.000000000000000000e+00
5.844520351099484756e-01
0.000000000000000000e+00
1.782161803182944260e+00
1.345958417942116903e+00
0.000000000000000000e+00
1.222111048105586573e+00
2.719702272144437494e-01
1.144639795152001094e+00
0.000000000000000000e+00
2.254424915274793554e-03
2.949811467559481509e-02
2.963073089197405530e-01
4.596963976630676907e-01
5.674528013316613162e-01
1.005869876465405044e+00
1.976764259593553549e-02
1.081841759544428516e+00
5.683145364039814407e-01
2.712005381122799541e-01
0.000000000000000000e+00
5.580979084470185647e-01
5.764714734681437858e-02
1.139417176876669213e+00
1.459841702752739112e-01
6.899188120853407824e-01
0.000000000000000000e+00
0.000000000000000000e+00
0.000000000000000000e+00
0.000000000000000000e+00
0.000000000000000000e+00
1.103713031505465292e+00
3.686747759725190754e-01
0.000000000000000000e+00
0.000000000000000000e+00
0.000000000000000000e+00
6.575244794386896352e-01
4.213847639155693936e-01
2.000122242384070603e-01
1.193184470859237400e+00
0.000000000000000000e+00
9.673233460013955787e-01
0.000000000000000000e+00
7.019419784049012456e-01
5.964322655195720690e-01
0.000000000000000000e+00
0.000000000000000000e+00
0.000000000000000000e+00
0.000000000000000000e+00
9.063663395190131311e-01
9.413492092049128290e-01
1.782290351213772564e-02
2.161994814640947615e-01
0.000000000000000000e+00
0.000000000000000000e+00
2.859758778960130310e-01
0.000000000000000000e+00
0.000000000000000000e+00
5.598999665066594078e-01
0.000000000000000000e+00
