# Ensemble B, m = 25.0, c_n/c_p = 0.690322580645, f = -0.965714285714
# lambda = [  8.25031722e-09  -5.50011009e-09   0.00000000e+00   1.47856195e-09]
#  
8.535017425544427772e-01
1.498626777023511769e-01
7.568449149757778827e-01
3.015203326084169855e-01
0.000000000000000000e+00
0.000000000000000000e+00
7.622502107092055113e-01
5.834663982221948569e-02
1.045433507262403250e+00
2.884732159741257296e-01
5.535422910853361467e-01
0.000000000000000000e+00
0.000000000000000000e+00
5.535593188387386565e-01
1.296497811968518599e-01
0.000000000000000000e+00
0.000000000000000000e+00
1.452755102900447903e-01
2.365843424772220149e-01
0.000000000000000000e+00
2.517532694268124871e+00
4.641420703266370129e-01
8.298931188414138127e-01
0.000000000000000000e+00
0.000000000000000000e+00
2.649507160691280672e-01
0.000000000000000000e+00
3.081546817728637172e-02
1.691040711779927985e+00
0.000000000000000000e+00
1.027250961751841940e+00
1.426382653016678548e+00
1.363557701334467520e+00
2.654012904795125666e-02
6.288231578168405056e-01
1.614953537954182172e+00
0.000000000000000000e+00
0.000000000000000000e+00
2.763162402095178938e-01
1.581014360643441696e+00
8.497559681770160411e-01
2.002339866015871550e+00
0.000000000000000000e+00
0.000000000000000000e+00
0.000000000000000000e+00
1.231118961909029696e+00
5.140794736071587767e-01
0.000000000000000000e+00
0.000000000000000000e+00
1.440468981223829381e+00
2.402840729930179886e-01
1.198469654274419809e-02
6.592613148012760327e-01
0.000000000000000000e+00
0.000000000000000000e+00
1.164102029790530235e+00
1.417745089573419826e+00
1.457887164449804374e+00
3.618810022761690393e-01
1.232580671093732150e+00
1.503714454140704648e-01
1.129565417619965206e+00
5.414917680398789734e-01
1.566395380633549106e+00
1.017978995032044809e+00
1.108385804184157886e+00
5.844341222668087976e-01
0.000000000000000000e+00
1.062172923719638395e-01
4.478521437852781006e-01
7.433901131521277739e-01
1.317301580218692703e+00
0.000000000000000000e+00
2.320318023851059230e+00
5.168833219475698071e-01
1.071119828065485891e+00
0.000000000000000000e+00
0.000000000000000000e+00
1.279336334750731385e+00
0.000000000000000000e+00
0.000000000000000000e+00
4.482446206963783819e-01
0.000000000000000000e+00
2.214091943448327771e-01
5.081713906705476180e-01
2.702916688654565247e-01
6.314973982565407207e-01
5.189049486007782028e-03
1.123011403153665988e+00
8.781312308404466416e-01
8.621018246711893429e-01
0.000000000000000000e+00
1.820542938941734246e+00
4.289274256314307490e-03
3.157362366278119170e-01
1.218131093175812474e+00
4.300812905925220642e-02
1.637170537159555739e+00
0.000000000000000000e+00
0.000000000000000000e+00
