# Ensemble B, m = 25.0, lambda = [  4.61762395e-09  -4.31125950e-09   0.00000000e+00   1.05672726e-09]
0.000000000000000000e+00
0.000000000000000000e+00
2.758796110905076815e-01
0.000000000000000000e+00
1.623102185675378561e-01
0.000000000000000000e+00
0.000000000000000000e+00
0.000000000000000000e+00
0.000000000000000000e+00
1.499285234866082783e+00
0.000000000000000000e+00
2.204470270776295870e-02
0.000000000000000000e+00
0.000000000000000000e+00
4.108299809651495306e-03
1.000658954915285781e+00
1.847012366963066698e-01
3.180988125209107675e-01
2.177183204441435649e+00
0.000000000000000000e+00
6.056115212388105684e-01
0.000000000000000000e+00
0.000000000000000000e+00
0.000000000000000000e+00
4.280431454043676087e-01
0.000000000000000000e+00
0.000000000000000000e+00
2.118138140239138600e+00
0.000000000000000000e+00
0.000000000000000000e+00
1.080946144970378109e+00
9.454391851961501114e-01
0.000000000000000000e+00
5.389925448455883394e-01
0.000000000000000000e+00
7.278196979281863488e-01
7.021171981973922671e-01
0.000000000000000000e+00
0.000000000000000000e+00
0.000000000000000000e+00
0.000000000000000000e+00
3.316024183087197819e-01
0.000000000000000000e+00
0.000000000000000000e+00
0.000000000000000000e+00
0.000000000000000000e+00
0.000000000000000000e+00
0.000000000000000000e+00
2.556317205314188601e-01
9.774205425383334367e-01
0.000000000000000000e+00
3.806523806521157072e-01
0.000000000000000000e+00
7.764044411225992093e-01
0.000000000000000000e+00
4.049630614866626677e-01
0.000000000000000000e+00
6.460439319877831800e-03
0.000000000000000000e+00
4.837392918226072758e-01
0.000000000000000000e+00
0.000000000000000000e+00
6.099495726553727515e-01
0.000000000000000000e+00
6.843146945997535813e-01
0.000000000000000000e+00
2.045361429804775533e+00
0.000000000000000000e+00
0.000000000000000000e+00
1.776737486545382216e-01
0.000000000000000000e+00
1.138717744000402821e+00
8.436223702442527950e-01
4.000035364116561465e-01
7.450766014485119548e-01
0.000000000000000000e+00
0.000000000000000000e+00
1.875233165773934618e-01
9.744429238161738116e-01
2.493360026607777669e-01
0.000000000000000000e+00
1.284553026205262460e+00
5.964490329908701816e-02
0.000000000000000000e+00
0.000000000000000000e+00
0.000000000000000000e+00
0.000000000000000000e+00
1.292508428072264515e+00
4.956376837671269131e-01
0.000000000000000000e+00
1.598744723128667555e+00
6.856459958857263892e-01
5.134182520919652326e-01
0.000000000000000000e+00
0.000000000000000000e+00
8.714939888280678892e-02
5.649448607008216751e-03
2.203202971994077330e+00
6.596400325472338011e-01
2.135849987220208135e+00
