# Ensemble B, m = 25.0, c_n/c_p = 0.6, f = -0.957142857143
# lambda = [  6.99654501e-09  -4.01801585e-09   0.00000000e+00   1.21578772e-09]
#  
1.243450655262882343e+00
9.288462384238475034e-01
1.092173784624043575e+00
0.000000000000000000e+00
4.347142411909725168e-01
0.000000000000000000e+00
3.130024518114634668e-01
1.800249011622694906e-01
0.000000000000000000e+00
1.394015606191597589e-01
0.000000000000000000e+00
1.156638914531192608e+00
1.307071500346366433e+00
4.113834228664827175e-01
1.004609574924841375e+00
1.846339128450051326e-01
1.907183960014438462e+00
5.278955067728577921e-01
1.186897065149687541e-01
7.212880251445075164e-01
1.706954690315358514e+00
0.000000000000000000e+00
5.036214202769254689e-01
1.177716384007088779e+00
3.667966311509122251e-03
0.000000000000000000e+00
0.000000000000000000e+00
0.000000000000000000e+00
3.164072466113167503e-01
3.344103238770239628e-01
3.972256327256973862e-01
6.250095175727630181e-01
7.971325483580140592e-01
2.588248657845722001e-01
3.807619681722035528e-03
0.000000000000000000e+00
0.000000000000000000e+00
2.329928233588937081e-01
0.000000000000000000e+00
7.571081128240775282e-01
0.000000000000000000e+00
1.137244319382185065e+00
7.227043137080087568e-03
1.457956758890492255e+00
0.000000000000000000e+00
1.513191917397219699e+00
3.444919632594672376e-01
0.000000000000000000e+00
0.000000000000000000e+00
0.000000000000000000e+00
0.000000000000000000e+00
0.000000000000000000e+00
1.963148449679998353e-01
2.899061754864074469e+00
0.000000000000000000e+00
2.748796723989161417e-01
0.000000000000000000e+00
0.000000000000000000e+00
4.849727539054543568e-01
0.000000000000000000e+00
0.000000000000000000e+00
0.000000000000000000e+00
4.105375964232428343e-01
1.197041141764353167e+00
0.000000000000000000e+00
1.344005331653630675e+00
1.190231038286363230e+00
6.999173511262314351e-01
0.000000000000000000e+00
3.599857292756624694e-01
1.136515890011571051e+00
2.147961966643716081e-01
0.000000000000000000e+00
7.271491889940284725e-01
3.438147324125918614e-01
1.113338289370152445e+00
0.000000000000000000e+00
0.000000000000000000e+00
0.000000000000000000e+00
1.201768882192061697e-02
5.980022538550417571e-03
5.190524231983462133e-01
0.000000000000000000e+00
0.000000000000000000e+00
6.934946139476892979e-01
3.400371953372234302e-01
2.509798285171441101e+00
3.658801326980750113e-01
0.000000000000000000e+00
0.000000000000000000e+00
1.496104530170719649e+00
0.000000000000000000e+00
6.916755152490411396e-01
0.000000000000000000e+00
1.398519191622481062e+00
0.000000000000000000e+00
0.000000000000000000e+00
1.146937273525006518e+00
1.059269197416914943e-01
1.394936680252843564e+00
