# Ensemble B, m = 25.0, c_n/c_p = 0.883870967742, f = -0.961428571429
# lambda = [  5.28641906e-09  -4.49228685e-09   0.00000000e+00   1.28519660e-09]
#  
0.000000000000000000e+00
1.234792908318074645e+00
4.864133081665907854e-01
1.137694452165463332e-01
0.000000000000000000e+00
0.000000000000000000e+00
8.855640862068355768e-01
0.000000000000000000e+00
1.542844835574852969e+00
7.224074670314771796e-01
1.681856804827975393e+00
0.000000000000000000e+00
0.000000000000000000e+00
6.020537020729375133e-01
1.084884922005312502e+00
1.486844126249849518e+00
2.876906433218434866e+00
0.000000000000000000e+00
1.430529549209847762e+00
0.000000000000000000e+00
2.410995754598104224e-01
1.271572983641740817e-01
1.753947577518613979e-02
0.000000000000000000e+00
4.664127819090028715e-01
3.646570735632430615e-01
1.858989071106211366e+00
0.000000000000000000e+00
1.957031784922058204e+00
0.000000000000000000e+00
1.474606426651820623e+00
3.667354977064218868e-01
0.000000000000000000e+00
1.564423150092288939e+00
1.028928720091132565e+00
0.000000000000000000e+00
0.000000000000000000e+00
0.000000000000000000e+00
0.000000000000000000e+00
1.287874312840613378e+00
2.420929359538247574e-02
0.000000000000000000e+00
0.000000000000000000e+00
2.604369773975357405e-01
3.184210581690167796e-01
1.359961280621450053e+00
4.221863260447821786e-01
1.557038711362135619e-01
1.107407829081641509e-01
0.000000000000000000e+00
7.291410277150702779e-01
0.000000000000000000e+00
0.000000000000000000e+00
1.286866028984615939e-01
8.567486365820009553e-02
0.000000000000000000e+00
3.298968562369249402e-01
3.076725456546077972e-02
0.000000000000000000e+00
0.000000000000000000e+00
0.000000000000000000e+00
1.185714289930797971e+00
6.786262631207117257e-01
7.509304223642927489e-01
0.000000000000000000e+00
1.069973192244629612e+00
0.000000000000000000e+00
1.032044308019479883e+00
0.000000000000000000e+00
2.230510452910629549e-01
1.938584644421521286e-01
4.437767029290625165e-01
0.000000000000000000e+00
0.000000000000000000e+00
3.821509845530569605e-01
1.289640191577920980e+00
0.000000000000000000e+00
5.515739995414052910e-01
1.712605956666778673e-01
0.000000000000000000e+00
2.509895402381841834e+00
0.000000000000000000e+00
1.088165497430124695e-01
3.557159776218626890e-01
0.000000000000000000e+00
2.507600304728019314e-01
1.100284076473634132e+00
0.000000000000000000e+00
0.000000000000000000e+00
0.000000000000000000e+00
3.625654875164064372e-01
3.421982890528852961e-01
0.000000000000000000e+00
0.000000000000000000e+00
9.039701574144672069e-02
2.266606867093709177e+00
4.843600281573727240e-01
1.095125756587162109e-02
1.647314145713887790e+00
3.317448113445848334e-01
