# Ensemble B, m = 25.0, lambda = [  3.88056009e-09  -3.56979339e-09   0.00000000e+00   1.24423665e-09]
5.781117885744327944e-01
0.000000000000000000e+00
0.000000000000000000e+00
0.000000000000000000e+00
0.000000000000000000e+00
0.000000000000000000e+00
6.010980186516371448e-01
1.590179386765160630e-01
5.692170963732955391e-01
0.000000000000000000e+00
0.000000000000000000e+00
0.000000000000000000e+00
1.557074510562957759e+00
5.332998807022545362e-01
5.956203603806827646e-02
7.331449101047726735e-01
1.078634544755326274e+00
0.000000000000000000e+00
5.773413805540875687e-01
7.356388935447465416e-01
0.000000000000000000e+00
1.677692050971439641e-02
3.031482210866528505e-03
0.000000000000000000e+00
6.506526227036746324e-01
1.074139472057186850e+00
0.000000000000000000e+00
0.000000000000000000e+00
1.143194496690654649e+00
0.000000000000000000e+00
0.000000000000000000e+00
2.274610363943117275e-01
0.000000000000000000e+00
0.000000000000000000e+00
3.821389921985378080e-01
0.000000000000000000e+00
1.466583198156063528e+00
0.000000000000000000e+00
0.000000000000000000e+00
9.047709626920406034e-01
1.067563242828386549e+00
1.032674120137291096e+00
0.000000000000000000e+00
1.504097868955125428e+00
1.381952717243627671e+00
0.000000000000000000e+00
0.000000000000000000e+00
9.231090021623562791e-02
4.697746184861830709e-01
7.283288286067938176e-03
0.000000000000000000e+00
1.943996580106817973e+00
0.000000000000000000e+00
6.742420184274944273e-01
0.000000000000000000e+00
0.000000000000000000e+00
1.277452807882948127e+00
0.000000000000000000e+00
1.496647831402202256e+00
2.847061267900127812e-02
8.512565531514202366e-01
0.000000000000000000e+00
0.000000000000000000e+00
1.736918711651528058e-01
5.641259206322519759e-01
0.000000000000000000e+00
0.000000000000000000e+00
1.522847122600426761e+00
0.000000000000000000e+00
1.482990080494526408e+00
0.000000000000000000e+00
0.000000000000000000e+00
7.722294835155770754e-01
0.000000000000000000e+00
9.347341030803562045e-01
0.000000000000000000e+00
0.000000000000000000e+00
1.572451192988400193e+00
1.949085344570471001e+00
2.824102653305347599e-01
1.114804623471427281e+00
5.240415585045359315e-01
0.000000000000000000e+00
3.795294052447725688e-03
9.811921255546341980e-01
4.855667509035618834e-01
0.000000000000000000e+00
0.000000000000000000e+00
2.157964369030013874e+00
1.531633904418520320e+00
3.099824625379412057e-01
2.168810925117771404e+00
0.000000000000000000e+00
2.104931945681159711e+00
1.216062717108285840e+00
8.128523270744331120e-01
0.000000000000000000e+00
3.420051640327813613e-01
0.000000000000000000e+00
5.319617116750755548e-01
