# Ensemble B, m = 25.0, lambda = [  6.29027208e-09  -4.50395076e-09   0.00000000e+00   1.50308655e-09]
2.044922939768277104e+00
2.363024881546412548e+00
0.000000000000000000e+00
0.000000000000000000e+00
0.000000000000000000e+00
7.496149789760478965e-01
0.000000000000000000e+00
1.364081350113786950e+00
9.108840830110876974e-01
7.833579402762468336e-01
2.822794601420958727e-01
1.395438541775719354e+00
0.000000000000000000e+00
4.414664153155595794e-01
0.000000000000000000e+00
0.000000000000000000e+00
1.235142126061431034e+00
2.077042559740216454e+00
0.000000000000000000e+00
1.418192977451891157e-01
2.034499943480390538e+00
0.000000000000000000e+00
0.000000000000000000e+00
0.000000000000000000e+00
0.000000000000000000e+00
0.000000000000000000e+00
7.124511114032480164e-01
0.000000000000000000e+00
1.974935725172199952e-02
3.962235607175293374e-04
0.000000000000000000e+00
0.000000000000000000e+00
0.000000000000000000e+00
1.262250334160703973e-02
0.000000000000000000e+00
4.367840996665691700e-01
2.381586827459534483e-01
5.226947268012094305e-01
0.000000000000000000e+00
0.000000000000000000e+00
0.000000000000000000e+00
1.137492084742098619e+00
1.036683093418442558e+00
1.462460438848487421e+00
8.972717749508017648e-02
0.000000000000000000e+00
8.400800249239291917e-01
6.401562935043288993e-01
0.000000000000000000e+00
1.461386972438696585e-01
1.418424359286666325e+00
0.000000000000000000e+00
4.553260182515052046e-01
0.000000000000000000e+00
0.000000000000000000e+00
1.446014648796282998e-02
1.344105153708802014e+00
0.000000000000000000e+00
1.067200155875798417e+00
0.000000000000000000e+00
1.311844631248316961e+00
0.000000000000000000e+00
1.732520540037701728e+00
0.000000000000000000e+00
0.000000000000000000e+00
1.102257477710397726e+00
1.639415538942762707e+00
0.000000000000000000e+00
9.268062148740117967e-02
1.136230303542188125e+00
0.000000000000000000e+00
2.255380599977999112e-02
0.000000000000000000e+00
3.183054127034792291e-01
4.778053311553268623e-01
4.572704883720203894e-01
0.000000000000000000e+00
3.292603567382781232e-02
0.000000000000000000e+00
2.376487704238974707e+00
0.000000000000000000e+00
0.000000000000000000e+00
1.075386640277804784e-02
0.000000000000000000e+00
9.949284440552195186e-01
1.142353328386779054e+00
0.000000000000000000e+00
1.498260524980959740e+00
1.094854630414183461e-01
0.000000000000000000e+00
1.065066530646108012e+00
7.571337152678315752e-01
6.441686579034230364e-01
0.000000000000000000e+00
0.000000000000000000e+00
0.000000000000000000e+00
7.756649287880680310e-01
1.229705201724089036e+00
4.713800061315211870e-02
0.000000000000000000e+00
