# Ensemble B, m = 25.0, lambda = [  4.92937401e-09  -4.39182237e-09   0.00000000e+00   1.18062754e-09]
0.000000000000000000e+00
1.372386674012586294e+00
0.000000000000000000e+00
0.000000000000000000e+00
5.385876963192260947e-01
8.873103147402751079e-01
1.263414293960017365e-01
0.000000000000000000e+00
0.000000000000000000e+00
0.000000000000000000e+00
0.000000000000000000e+00
3.121218781031201983e-01
1.935349602947709524e+00
0.000000000000000000e+00
6.323927012777026402e-01
1.763722885764443582e+00
4.478385495695377805e-01
1.086520322178512910e+00
0.000000000000000000e+00
0.000000000000000000e+00
0.000000000000000000e+00
7.624899655975279078e-01
2.914456857839011761e-01
0.000000000000000000e+00
0.000000000000000000e+00
0.000000000000000000e+00
6.562254625795982399e-01
0.000000000000000000e+00
0.000000000000000000e+00
0.000000000000000000e+00
0.000000000000000000e+00
2.089262621535696030e-01
0.000000000000000000e+00
4.427551799096379748e-01
1.507463580232348277e-01
6.030264656871255902e-01
0.000000000000000000e+00
0.000000000000000000e+00
8.123596944397056818e-01
0.000000000000000000e+00
0.000000000000000000e+00
0.000000000000000000e+00
1.313309169683160693e+00
0.000000000000000000e+00
1.323974435845103104e+00
7.221874124196229205e-01
0.000000000000000000e+00
8.130426272598063608e-01
0.000000000000000000e+00
0.000000000000000000e+00
8.815161011238862310e-01
1.338930862806211541e+00
1.300254723986562277e+00
4.524219850169503565e-01
1.170946048032496023e+00
1.217278868047401819e+00
5.445594060072967979e-01
8.095732287668085114e-02
7.490840125062663279e-01
0.000000000000000000e+00
1.258674156400565014e+00
0.000000000000000000e+00
6.167977459763485104e-01
3.871620036139043486e-01
0.000000000000000000e+00
0.000000000000000000e+00
0.000000000000000000e+00
7.074362085421624924e-01
2.946284991489422911e-01
1.411634566992558515e+00
8.616339440956569673e-01
0.000000000000000000e+00
3.751203569599323440e-01
0.000000000000000000e+00
1.377236234096676615e+00
7.388597443704002510e-01
4.908606252075353726e-01
9.166092919423503016e-01
9.121880403185458341e-01
0.000000000000000000e+00
0.000000000000000000e+00
0.000000000000000000e+00
8.837588554127199236e-01
0.000000000000000000e+00
0.000000000000000000e+00
7.412814399665061948e-01
1.212757582223695542e-02
0.000000000000000000e+00
8.464790576735917726e-01
1.279997411045236344e+00
3.420136377006124384e-01
1.949926381199482472e+00
1.338664093815103762e+00
0.000000000000000000e+00
0.000000000000000000e+00
1.764835180328013564e+00
6.251402985803375945e-01
9.273841719325627286e-01
4.742422296113431579e-01
3.379979054535935390e-01
