# Ensemble B, m = 25.0, lambda = [  2.12183574e-08  -1.35354298e-08   0.00000000e+00   6.77406723e-10]
7.175466029772293863e-01
0.000000000000000000e+00
7.540505000830843851e-01
0.000000000000000000e+00
0.000000000000000000e+00
0.000000000000000000e+00
0.000000000000000000e+00
1.866594799446530395e-02
0.000000000000000000e+00
0.000000000000000000e+00
1.759870432446801081e+00
0.000000000000000000e+00
0.000000000000000000e+00
0.000000000000000000e+00
7.741631290185857495e-01
6.249847791103243511e-01
0.000000000000000000e+00
1.721662424621524190e+00
2.911030301082166427e-01
5.532755175417729543e-01
1.010347243682997442e-01
1.169435918467367497e+00
0.000000000000000000e+00
0.000000000000000000e+00
0.000000000000000000e+00
3.261955405956423193e-01
1.297301608266670403e+00
3.689033183330215904e-01
0.000000000000000000e+00
0.000000000000000000e+00
0.000000000000000000e+00
1.768595004431059659e+00
0.000000000000000000e+00
0.000000000000000000e+00
0.000000000000000000e+00
0.000000000000000000e+00
3.826835740022807575e-01
4.229701134827851816e-01
0.000000000000000000e+00
1.020216336517678624e+00
1.368260356815535372e+00
8.191346031307087383e-01
7.316823497049271818e-01
0.000000000000000000e+00
0.000000000000000000e+00
9.005132191217704030e-01
1.794972988096160904e+00
0.000000000000000000e+00
5.644847041271660038e-01
0.000000000000000000e+00
4.207992177635928865e-02
0.000000000000000000e+00
0.000000000000000000e+00
1.637005639092473874e+00
2.308634269691987317e-01
0.000000000000000000e+00
0.000000000000000000e+00
2.218217158841555292e-01
8.120850085521308381e-01
0.000000000000000000e+00
0.000000000000000000e+00
1.982932990882359525e-01
0.000000000000000000e+00
1.359241824706824087e+00
1.284785170505896024e-01
8.827638547409643044e-01
0.000000000000000000e+00
2.549618171402076583e-02
3.769765042707926561e-01
1.129232280671071731e+00
0.000000000000000000e+00
0.000000000000000000e+00
6.300327172128609154e-01
3.155420465446122369e-02
1.334208711606440056e+00
0.000000000000000000e+00
0.000000000000000000e+00
0.000000000000000000e+00
1.021345976707894510e+00
0.000000000000000000e+00
6.681448769607069293e-02
0.000000000000000000e+00
0.000000000000000000e+00
1.707326295210300993e+00
0.000000000000000000e+00
0.000000000000000000e+00
0.000000000000000000e+00
1.610593506673607678e+00
0.000000000000000000e+00
1.630222757336938333e+00
9.488689368006529845e-01
3.171777496206409919e-01
5.995289037877682414e-02
9.844312293319107399e-01
2.230738585259339213e-01
0.000000000000000000e+00
8.619137791865246756e-01
1.565880447994298486e+00
5.014010259934780223e-01
0.000000000000000000e+00
