# Ensemble B, m = 25.0, c_n/c_p = 0.716129032258, f = -0.944285714286
# lambda = [  6.35344443e-09  -4.29639236e-09   0.00000000e+00   1.49748969e-09]
#  
3.161934478865269238e-01
0.000000000000000000e+00
1.111187693080412986e+00
0.000000000000000000e+00
0.000000000000000000e+00
1.040970921645173020e+00
9.502498258792407837e-01
9.164815737973676379e-02
0.000000000000000000e+00
1.217829437248258095e+00
3.054227800973085410e-02
4.879958357963611049e-02
3.219717479142472638e-02
0.000000000000000000e+00
0.000000000000000000e+00
1.285035297544467880e-01
6.647959880596174265e-02
0.000000000000000000e+00
1.253354938556346276e+00
9.814666064564742110e-01
1.160833723788355698e+00
1.050633677904354024e-01
0.000000000000000000e+00
1.266140780985436587e+00
9.318720347542016613e-01
0.000000000000000000e+00
0.000000000000000000e+00
1.281801261943969414e-02
1.629514904866446567e+00
0.000000000000000000e+00
0.000000000000000000e+00
2.840952589584391785e-02
1.460202635633041091e-01
2.906048998338345846e-01
0.000000000000000000e+00
1.575778192681069889e+00
0.000000000000000000e+00
0.000000000000000000e+00
4.437805322993873536e-01
1.348988997026304038e+00
1.574576171901040655e-01
0.000000000000000000e+00
2.177760796335870622e-02
2.276095952959905910e-01
0.000000000000000000e+00
2.694285927839663031e-01
2.788067919302138209e-02
0.000000000000000000e+00
2.641902400158416819e-01
1.705138313057266597e+00
0.000000000000000000e+00
1.280241626473010152e-01
1.511408776340511073e+00
1.605564016932944371e+00
1.136955136817572043e-01
1.485146664856704879e+00
0.000000000000000000e+00
1.229384077964871480e+00
9.827456991562788513e-01
6.656757909972115250e-01
1.056406493045315281e-01
0.000000000000000000e+00
0.000000000000000000e+00
0.000000000000000000e+00
0.000000000000000000e+00
0.000000000000000000e+00
1.253376577574919284e-02
1.791745322508591365e-01
3.173469840915507656e-01
2.079519172317489506e+00
0.000000000000000000e+00
1.235750288270819341e-01
2.209872656384309408e+00
0.000000000000000000e+00
4.875251048693664963e-02
0.000000000000000000e+00
0.000000000000000000e+00
1.986244678700563315e-01
9.141229782623662148e-01
0.000000000000000000e+00
0.000000000000000000e+00
0.000000000000000000e+00
2.157902895509290708e+00
2.339590941086953535e+00
3.240189090088368418e-01
2.316979666911311408e+00
5.321092389638722997e-01
6.089122607284475769e-02
1.332487449444571259e-01
4.544740096927731010e-02
2.826129726589080571e-01
8.481983873744836089e-01
0.000000000000000000e+00
2.180312081129703650e+00
0.000000000000000000e+00
2.049780476380341554e+00
2.893854341140038589e-01
8.586400141173022860e-01
5.853558262083665698e-01
0.000000000000000000e+00
