# Ensemble B, m = 25.0, lambda = [  5.10934806e-09  -5.02450816e-09   0.00000000e+00   4.36363403e-10]
1.232070563539659602e+00
2.139220196942222429e+00
0.000000000000000000e+00
0.000000000000000000e+00
5.759977345431185336e-01
1.241586534818768905e+00
0.000000000000000000e+00
0.000000000000000000e+00
7.022698806204545896e-01
7.029253322432476025e-01
1.234493156275967340e+00
6.707247110911573884e-01
1.919203762911131816e+00
1.342588937535667548e-01
4.243899373755932181e-01
2.811118922742981020e-03
0.000000000000000000e+00
0.000000000000000000e+00
1.294347201010569659e+00
5.607061084445179588e-01
1.667661277311398849e-01
0.000000000000000000e+00
0.000000000000000000e+00
1.079871837797032053e-02
1.562686324571674612e-01
0.000000000000000000e+00
0.000000000000000000e+00
7.534091693593728545e-01
0.000000000000000000e+00
6.429802784493445778e-01
1.295776085935598010e+00
1.331379392459971778e-01
0.000000000000000000e+00
0.000000000000000000e+00
0.000000000000000000e+00
0.000000000000000000e+00
2.080580060116512087e+00
0.000000000000000000e+00
0.000000000000000000e+00
1.749621742636304766e+00
0.000000000000000000e+00
0.000000000000000000e+00
2.822376507251695421e-01
5.213088300254890006e-01
0.000000000000000000e+00
0.000000000000000000e+00
4.462072254042188657e-01
0.000000000000000000e+00
1.377302515032787777e-01
1.074478946814437341e+00
0.000000000000000000e+00
5.365622021090475924e-01
0.000000000000000000e+00
0.000000000000000000e+00
0.000000000000000000e+00
0.000000000000000000e+00
0.000000000000000000e+00
0.000000000000000000e+00
0.000000000000000000e+00
0.000000000000000000e+00
0.000000000000000000e+00
2.985564829016416066e-01
0.000000000000000000e+00
2.941036302201681663e-01
9.871375458669378045e-01
2.481146908676941654e-01
1.246056876913800515e+00
0.000000000000000000e+00
0.000000000000000000e+00
0.000000000000000000e+00
4.554670662320070562e-02
0.000000000000000000e+00
0.000000000000000000e+00
9.996701140069729208e-01
1.525614551452491474e+00
3.122367713634484621e-01
0.000000000000000000e+00
1.741196837580652801e+00
6.388181816764780807e-01
0.000000000000000000e+00
0.000000000000000000e+00
8.926706017014078842e-01
2.305350009507527886e+00
0.000000000000000000e+00
1.509385153502526000e+00
1.191661407581698709e-02
1.571997031636176434e+00
8.434190742153119258e-01
1.030273477436965290e+00
1.184947882392054730e+00
7.318311070438096033e-01
0.000000000000000000e+00
0.000000000000000000e+00
0.000000000000000000e+00
3.220386939471490129e-01
0.000000000000000000e+00
0.000000000000000000e+00
1.029752495967521053e+00
0.000000000000000000e+00
0.000000000000000000e+00
