# Ensemble B, m = 25.0, lambda = [  9.93973604e-09  -6.21369773e-09   0.00000000e+00   1.30182701e-09]
5.142342355972644441e-01
9.307474711425152147e-01
1.484414125434360354e+00
1.630091230633537336e+00
0.000000000000000000e+00
5.500821960318078574e-01
0.000000000000000000e+00
0.000000000000000000e+00
1.362393915336487238e-01
2.998356867132218606e-01
1.093569967867932119e-01
0.000000000000000000e+00
0.000000000000000000e+00
0.000000000000000000e+00
1.551880288170433442e+00
0.000000000000000000e+00
0.000000000000000000e+00
1.343777681727947648e+00
5.796428165833502621e-01
1.477086719856989250e+00
8.301064002273953468e-01
0.000000000000000000e+00
0.000000000000000000e+00
0.000000000000000000e+00
2.120132875127107130e+00
0.000000000000000000e+00
1.501488511066962905e+00
0.000000000000000000e+00
9.846308924903425241e-01
0.000000000000000000e+00
3.729725477180832471e-01
0.000000000000000000e+00
1.579215928567978267e-01
0.000000000000000000e+00
9.482997913743906881e-01
1.366210979537663350e+00
0.000000000000000000e+00
0.000000000000000000e+00
1.894510184729808033e+00
0.000000000000000000e+00
0.000000000000000000e+00
3.098245123514931643e-01
6.228733722066587264e-01
3.053632265405335500e-01
6.695083603097746749e-01
1.015835091040593552e+00
0.000000000000000000e+00
4.949751899017389434e-01
0.000000000000000000e+00
1.185350556581348691e+00
0.000000000000000000e+00
4.033634778835862300e-01
0.000000000000000000e+00
0.000000000000000000e+00
0.000000000000000000e+00
1.281455278023352573e+00
0.000000000000000000e+00
8.637829350274208728e-01
1.711580070851789204e+00
0.000000000000000000e+00
1.355650417732610302e+00
4.981544160077048811e-01
0.000000000000000000e+00
5.929107693381269195e-01
0.000000000000000000e+00
3.420485003489784348e-01
4.894589887949477372e-03
0.000000000000000000e+00
0.000000000000000000e+00
7.194941698909841296e-03
9.995381771215084976e-01
4.237440029129447838e-01
0.000000000000000000e+00
5.552635113463024992e-04
1.254229079784250356e+00
0.000000000000000000e+00
1.030416613399660397e+00
9.902166420054483442e-01
4.803341243720698484e-01
4.590082872478689624e-01
5.508945902576740661e-01
6.866857990136240320e-01
2.229122801293619838e-01
0.000000000000000000e+00
7.719408380223813371e-02
5.489893339394656506e-03
1.933044002896633584e+00
0.000000000000000000e+00
6.640864208769331478e-01
1.485292558126002138e+00
0.000000000000000000e+00
0.000000000000000000e+00
6.500558835737572927e-02
5.645028429957362759e-01
0.000000000000000000e+00
1.339902818473718504e+00
0.000000000000000000e+00
0.000000000000000000e+00
0.000000000000000000e+00
2.091873015365021793e+00
