# Ensemble B, m = 25.0, c_n/c_p = 0.664516129032, f = -0.983043478261
# lambda = [  1.14969452e-08  -7.51035929e-09   0.00000000e+00   1.40094953e-09]
#  
1.853242796363225642e+00
1.661415188670487264e-01
1.004069718202048378e+00
2.590724042220062251e-01
4.348057160454845693e-01
1.307071500346366433e+00
1.992475127253008349e-01
9.962507610000834735e-01
0.000000000000000000e+00
0.000000000000000000e+00
3.687435971340714824e-02
1.940790234052584440e+00
0.000000000000000000e+00
0.000000000000000000e+00
1.300469621618796978e+00
0.000000000000000000e+00
3.714548742544312998e-01
2.645895383676019064e-01
0.000000000000000000e+00
0.000000000000000000e+00
5.342147507531347372e-01
0.000000000000000000e+00
0.000000000000000000e+00
9.351754676974706193e-01
4.562884535419806653e-01
6.931930538952271910e-03
2.420831366031103382e+00
0.000000000000000000e+00
0.000000000000000000e+00
9.581865945929210135e-03
9.056729906451493894e-01
1.468209962611353170e-01
7.833795015282375429e-01
0.000000000000000000e+00
6.600596213686824587e-01
1.064069844750576532e+00
2.039209168146489670e+00
0.000000000000000000e+00
1.501894250427610489e+00
0.000000000000000000e+00
1.187746869150061002e+00
0.000000000000000000e+00
1.632298405526906526e+00
2.180585789955028719e+00
0.000000000000000000e+00
4.263493963392851471e-01
5.805378085442415292e-01
9.259498698375422387e-01
6.227771552033497526e-01
6.257948011485545692e-01
0.000000000000000000e+00
0.000000000000000000e+00
2.148603724150659200e-01
0.000000000000000000e+00
0.000000000000000000e+00
5.993030344382065389e-01
1.280305664836496327e+00
0.000000000000000000e+00
0.000000000000000000e+00
0.000000000000000000e+00
1.809347814635628993e+00
5.113645278648086823e-01
2.817390227948528281e-02
4.309089413481554942e-01
0.000000000000000000e+00
1.340797734323879054e+00
1.998333050566679370e-01
2.153838255204023056e-01
0.000000000000000000e+00
0.000000000000000000e+00
3.687260357220129015e-01
1.343728461474031244e+00
0.000000000000000000e+00
1.491971770633536476e+00
0.000000000000000000e+00
1.824221844730437248e+00
0.000000000000000000e+00
0.000000000000000000e+00
0.000000000000000000e+00
1.078154251783863593e+00
9.273164944030487522e-01
1.252447039378778992e+00
9.414072685977691313e-01
1.461724273819352771e+00
7.517975803454146622e-01
2.767632686230505179e+00
0.000000000000000000e+00
0.000000000000000000e+00
8.564276618990557255e-01
6.007157716397640845e-01
5.701576180868259680e-01
5.793041902271182098e-01
0.000000000000000000e+00
0.000000000000000000e+00
3.329915206095009905e-01
2.123023811023300733e-01
3.607983373087608747e-01
0.000000000000000000e+00
1.868299962605447506e+00
0.000000000000000000e+00
