# Ensemble B, m = 25.0, lambda = [  8.43934629e-09  -7.33202238e-09   0.00000000e+00   5.19426707e-10]
6.801959388069958035e-01
1.178730168203100170e+00
7.909143694875144792e-01
2.429787813574624811e-01
1.265850445562413551e+00
1.371349040293951216e+00
0.000000000000000000e+00
0.000000000000000000e+00
0.000000000000000000e+00
1.463437752891883825e+00
1.445567329938557410e+00
5.780221012129872493e-01
7.423434917561445578e-01
6.282938879406348986e-01
1.128902039117327671e+00
0.000000000000000000e+00
8.018470428311637033e-01
1.282820101533057811e+00
0.000000000000000000e+00
3.930991019152554333e-01
0.000000000000000000e+00
1.782094318240101227e+00
0.000000000000000000e+00
1.412296740021302677e-01
0.000000000000000000e+00
1.412470824858285567e+00
2.561159798331815729e-01
0.000000000000000000e+00
0.000000000000000000e+00
1.608349315776021360e+00
0.000000000000000000e+00
9.725650721499939921e-01
7.323148084810846559e-01
7.299876568056767878e-01
6.248695254199162497e-01
0.000000000000000000e+00
0.000000000000000000e+00
7.033557175259994021e-02
5.795223382629483000e-01
0.000000000000000000e+00
0.000000000000000000e+00
0.000000000000000000e+00
0.000000000000000000e+00
8.281136728875782005e-01
8.891341068285575355e-01
4.600939075707128900e-01
4.942967164618692899e-01
0.000000000000000000e+00
1.543155340960121968e+00
0.000000000000000000e+00
5.495395968596800129e-03
1.099006396049334366e+00
1.128071628713565255e+00
1.039719250784435778e-01
1.221440044575726747e+00
1.702239330994576860e-01
0.000000000000000000e+00
3.517565007314661374e-01
1.332908060391214233e+00
1.485841994964718804e+00
0.000000000000000000e+00
1.416909542523342669e+00
0.000000000000000000e+00
0.000000000000000000e+00
0.000000000000000000e+00
0.000000000000000000e+00
0.000000000000000000e+00
2.032963468912271310e+00
2.408087762412795263e-01
6.081406442515849831e-01
9.738576785179487993e-01
1.323628965740808461e+00
0.000000000000000000e+00
1.016293754879742384e+00
8.902524193885167358e-01
1.194239800415041186e+00
3.186553853564651900e-02
0.000000000000000000e+00
1.041150390788463609e+00
2.167791982178740362e+00
7.824486700473522183e-02
0.000000000000000000e+00
2.503897278222664280e-01
2.138657608477987915e-01
4.950418334708439061e-01
1.145083825361457253e+00
7.998300971887751798e-01
0.000000000000000000e+00
1.794887247029587574e+00
0.000000000000000000e+00
1.410470994290645486e+00
0.000000000000000000e+00
3.300495605777049035e-01
6.462019934568838941e-01
0.000000000000000000e+00
7.536930844732996349e-01
2.045456509854994276e-01
7.876999484382913863e-01
0.000000000000000000e+00
0.000000000000000000e+00
