# Ensemble B, m = 25.0, lambda = [  5.28875077e-09  -5.03318469e-09   0.00000000e+00   7.17189975e-10]
0.000000000000000000e+00
4.635624495559094171e-01
0.000000000000000000e+00
4.484172314459135000e-01
0.000000000000000000e+00
1.442725204744604639e+00
1.905404960599997199e+00
1.979339348405360077e-01
1.000881444713366708e+00
1.309675576725101598e+00
0.000000000000000000e+00
0.000000000000000000e+00
9.935659901614278811e-01
0.000000000000000000e+00
3.385359642203646935e-01
0.000000000000000000e+00
0.000000000000000000e+00
2.001121004383164426e+00
0.000000000000000000e+00
0.000000000000000000e+00
0.000000000000000000e+00
4.515113862702585523e-01
0.000000000000000000e+00
0.000000000000000000e+00
0.000000000000000000e+00
0.000000000000000000e+00
9.158906182697588161e-01
8.014052911450596506e-01
0.000000000000000000e+00
3.584890517143271560e-01
2.826658081727962402e-01
0.000000000000000000e+00
0.000000000000000000e+00
0.000000000000000000e+00
6.830427033406835102e-01
0.000000000000000000e+00
0.000000000000000000e+00
2.891249091827044482e-01
0.000000000000000000e+00
6.011659443806348646e-01
8.714104262624281505e-01
1.781950407776233536e-01
1.336262378108573401e+00
6.344574462447412078e-01
1.918646481351079236e-01
3.810091217653805429e-01
2.826206758376684225e-01
4.587026697133698150e-01
6.144024912181298911e-03
0.000000000000000000e+00
1.265410247266355093e+00
0.000000000000000000e+00
1.093965543473023105e+00
0.000000000000000000e+00
0.000000000000000000e+00
1.886151928695170218e-02
5.828587344871993814e-01
3.658737120649403485e-01
3.346483976240979819e-02
1.173537161366961623e+00
4.548437090201375987e-01
1.041425576162867905e+00
7.898311560372902607e-01
0.000000000000000000e+00
4.114752211582556884e-01
5.288302419768827756e-01
5.794762126704268157e-01
7.149405047523577084e-01
6.922220416924321218e-02
0.000000000000000000e+00
9.063104824076977373e-01
3.752310336205246233e-01
1.929036947636565635e+00
2.512402552634737107e-01
4.901096921713324894e-01
2.206326428933017780e+00
0.000000000000000000e+00
0.000000000000000000e+00
4.246952626548251564e-01
0.000000000000000000e+00
0.000000000000000000e+00
6.149347817093464563e-01
5.619217607455384567e-01
0.000000000000000000e+00
0.000000000000000000e+00
0.000000000000000000e+00
1.116622302125083621e+00
5.815373063239918094e-01
0.000000000000000000e+00
0.000000000000000000e+00
0.000000000000000000e+00
1.346160461842012879e+00
0.000000000000000000e+00
0.000000000000000000e+00
0.000000000000000000e+00
1.164762713007410078e+00
0.000000000000000000e+00
0.000000000000000000e+00
8.361703541341592993e-01
2.177782097219107982e+00
