# Ensemble B, m = 25.0, c_n/c_p = 0.793548387097, f = -0.97652173913
# lambda = [  8.09105262e-09  -6.26989626e-09   0.00000000e+00   1.38312744e-09]
#  
1.730087970703713784e+00
8.565370408543134806e-01
1.018682696712355007e+00
1.994070916322851605e+00
0.000000000000000000e+00
2.181645573734887655e+00
2.541289070489207713e+00
5.327145643360815530e-01
1.646382566363445044e+00
1.086524813761456043e+00
9.101321805671295229e-01
0.000000000000000000e+00
0.000000000000000000e+00
1.244469650560982910e+00
1.710441842094609033e+00
1.789223488074505597e-01
0.000000000000000000e+00
0.000000000000000000e+00
0.000000000000000000e+00
0.000000000000000000e+00
2.700380474299247657e-01
1.720300054304171183e-02
5.892632111684405899e-02
0.000000000000000000e+00
2.085710749025646571e+00
1.766925506876893426e+00
7.547031779755097869e-02
1.544460128042886016e+00
6.408548566895340137e-01
0.000000000000000000e+00
0.000000000000000000e+00
4.930882621358649853e-01
9.078990511286489928e-01
2.555297098535878053e-01
0.000000000000000000e+00
9.643174906386855483e-01
3.768421232928359510e-01
0.000000000000000000e+00
6.436732050075377742e-01
9.691451586507220384e-01
0.000000000000000000e+00
0.000000000000000000e+00
1.051073765672918686e-01
9.401007445721794031e-01
5.133701138321328239e-01
1.015711611124269664e+00
8.408066370081900276e-01
7.923866410868293242e-01
0.000000000000000000e+00
1.778378260841998904e+00
4.442150759693617723e-01
5.213601581064407631e-01
1.445652444560576733e+00
4.764670608765209647e-01
2.019180888070291058e-01
2.597913464709332154e-01
8.395525724922889843e-01
1.071630727686667450e+00
0.000000000000000000e+00
2.319831181656048791e-01
1.574141498478966561e+00
1.130609175127033739e+00
0.000000000000000000e+00
2.230369268023246754e+00
8.897596296550552841e-01
0.000000000000000000e+00
0.000000000000000000e+00
1.332036892786861437e-01
6.611420640974282129e-03
1.360987099056000460e+00
1.060843353933766664e-01
1.165484663140053723e+00
0.000000000000000000e+00
5.935972936538964732e-03
1.046772472161632050e+00
1.901725219820172286e-01
1.235413612990229115e+00
0.000000000000000000e+00
6.441720958969578970e-01
6.385692649229230966e-01
0.000000000000000000e+00
1.445347068597894413e+00
1.115924184464869739e+00
0.000000000000000000e+00
2.609529400740711047e+00
0.000000000000000000e+00
6.662275779980455503e-01
7.781845680606189197e-02
0.000000000000000000e+00
2.590390487171642109e-01
0.000000000000000000e+00
0.000000000000000000e+00
0.000000000000000000e+00
0.000000000000000000e+00
1.675335824243298966e+00
0.000000000000000000e+00
8.294519552380599237e-01
9.713643781984020453e-01
0.000000000000000000e+00
0.000000000000000000e+00
