# Ensemble A_full, m = 50.0, c_n/c_p = 0.75, f = -0.995
# lambda = [  1.30087765e-08  -9.70779949e-09   0.00000000e+00   9.74437904e-10]
# exposure (of 3rd experiment) = 1812kg years (before efficiency cut)
2.841605663433795392e+00
3.007916960187969391e+00
3.099830812008766756e+00
2.933254575064565106e+00
3.281834491547579447e+00
1.779714685437200572e+00
3.652530880517132150e+00
3.322004468779856889e+00
2.756046873560549670e+00
3.791494460864399674e+00
3.511098753421168617e+00
3.705152683210938047e+00
3.253611210142089760e+00
2.187378102246457345e+00
2.604439540798045627e+00
3.012215195010932156e+00
2.535190335414739593e+00
3.298862511046436907e+00
2.984907716737403849e+00
3.353982050199957321e+00
3.368378583457537712e+00
2.602023795628120695e+00
3.078143842810770359e+00
2.807320911027991528e+00
4.247625338139767948e+00
3.170084678402314005e+00
2.898057543968410421e+00
3.032892460656484435e+00
3.133175602518732283e+00
3.904317155785580251e+00
3.301383209202985114e+00
3.395984760809234615e+00
3.600096029330020375e+00
2.718913213767936377e+00
3.521119037866808910e+00
2.600578862868581531e+00
3.233150304306230627e+00
3.815215013438884473e+00
4.494934335442243523e+00
2.618222027840510169e+00
3.672772843500662354e+00
1.840728920170564997e+00
2.097116702051311510e+00
3.023132302472754773e+00
4.151582136981113003e+00
3.709690529441476592e+00
2.620237989735871409e+00
2.500194551555090960e+00
2.264311243796820694e+00
4.043914970008531284e+00
3.444208523769334729e+00
2.868618853927741075e+00
2.672152915302843823e+00
3.573213574205201581e+00
3.756950648507871193e+00
3.815165882643190010e+00
3.412634122112302659e+00
2.762206532180581320e+00
8.670040474489912885e-01
4.368573527960015745e+00
2.645890963500770354e+00
3.885460621342433196e+00
2.607664662079254292e+00
2.505444419059748018e+00
2.806766604724004743e+00
4.133559536575113214e+00
2.019052538621962878e+00
4.250426531913932493e+00
4.031165361884815113e+00
2.645771643085467417e+00
3.021945140227087379e+00
3.513370298831396621e+00
3.972156212616699822e+00
3.153388889138030393e+00
3.818859759373680163e+00
3.571096908454267638e+00
4.422852519656774284e+00
3.699511563957966764e+00
1.717478105805168909e+00
2.805504051730142390e+00
3.680903025451591315e+00
2.099549330129401703e+00
4.323772494606275885e+00
2.691281762844045744e+00
3.140282318811939533e+00
3.464356954680083422e+00
3.746500596000096550e+00
3.525382089308808808e+00
3.148570664780860451e+00
3.845688804858418575e+00
2.742842266546737129e+00
3.536241072865196511e+00
3.488136991184889180e+00
3.870909792669073646e+00
2.419349208804506102e+00
4.435102869972539885e+00
3.016587569498414556e+00
4.177631787232355620e+00
3.052335347340821237e+00
3.019652490777110732e+00
