# Ensemble D, m = 300.0, c_n/c_p = 0.716129032258, f = -0.94
# lambda = [  8.71096779e-09  -5.86388632e-09   0.00000000e+00   2.12830654e-09]
#  
0.000000000000000000e+00
1.033237519603271010e-01
6.241975808940968262e-01
2.399953699150628172e-01
6.880510907379543406e-01
0.000000000000000000e+00
2.186817148010220091e+00
1.012148883164229046e-01
1.025797381101806627e+00
7.524457945179726659e-01
0.000000000000000000e+00
0.000000000000000000e+00
9.524674447929062371e-01
1.948329499369972684e+00
0.000000000000000000e+00
3.750079616078500488e-01
1.647043949374533467e+00
0.000000000000000000e+00
0.000000000000000000e+00
0.000000000000000000e+00
2.295122476761187746e-01
0.000000000000000000e+00
2.033095231340686038e+00
1.368848510650446215e+00
0.000000000000000000e+00
1.636910691947390251e-01
0.000000000000000000e+00
0.000000000000000000e+00
0.000000000000000000e+00
1.826860213184363854e-02
6.936356987010787629e-03
4.687215116608929866e-01
1.508524273590843290e+00
1.322223105998940884e+00
0.000000000000000000e+00
2.325030840921044728e+00
1.736603970791615603e-01
5.238329798202660814e-02
0.000000000000000000e+00
1.146370459527219055e+00
4.393488899430717520e-01
1.668426531229137977e-01
0.000000000000000000e+00
0.000000000000000000e+00
0.000000000000000000e+00
2.186204753522916211e-01
3.352893269513189667e-01
3.856981180992886254e-02
1.079642459165574220e+00
5.642090325281221702e-02
0.000000000000000000e+00
0.000000000000000000e+00
0.000000000000000000e+00
1.863050774394627851e-01
0.000000000000000000e+00
0.000000000000000000e+00
3.428543461597668984e-01
1.265244427510670011e-02
1.049665638675094798e-01
5.408228213764298964e-01
6.757796430198283189e-02
5.061957374747027005e-01
0.000000000000000000e+00
2.557264004894304055e-01
0.000000000000000000e+00
1.411784422088504243e-01
4.405350889484156984e-01
0.000000000000000000e+00
1.036709653358711819e-01
3.527997609273750279e-01
0.000000000000000000e+00
0.000000000000000000e+00
1.840861178714159774e+00
9.108754627764838532e-03
0.000000000000000000e+00
0.000000000000000000e+00
1.355626471069787176e+00
0.000000000000000000e+00
4.300386148784136608e-01
1.538404599588279575e+00
0.000000000000000000e+00
0.000000000000000000e+00
0.000000000000000000e+00
8.645061547625129683e-02
0.000000000000000000e+00
0.000000000000000000e+00
1.132059164404349838e+00
0.000000000000000000e+00
0.000000000000000000e+00
8.195189046976816827e-02
1.336124949850954202e+00
0.000000000000000000e+00
7.095379038706192132e-01
0.000000000000000000e+00
3.770455263723396788e-01
1.904443533840568303e+00
6.867499717085565059e-02
0.000000000000000000e+00
0.000000000000000000e+00
0.000000000000000000e+00
