# Ensemble D, m = 300.0, lambda = [  2.25410784e-08  -1.75525923e-08   0.00000000e+00   1.24348846e-09]
2.186365497354239462e+00
1.499409277995610967e+00
1.989434520909707294e+00
2.420656802304014033e+00
2.786134448567234578e+00
1.756649675555650436e+00
3.216482313475951926e+00
2.383015212653539994e+00
2.608109432667947925e+00
3.082762115870239850e+00
9.140444920347286228e-02
1.227545359082474086e+00
2.453553649470945341e+00
1.688889831203260528e+00
2.206182196020693542e+00
3.344849734677921127e+00
1.885718329666584037e+00
2.239170956628163456e+00
8.449475564384040932e-03
3.318798416096582216e+00
0.000000000000000000e+00
3.150998768245476089e+00
3.272351252100365926e+00
3.474252868153854923e+00
3.714037467314213359e+00
2.578098810320136991e+00
2.020401986212840839e+00
2.586232293116906611e+00
2.463807398172673579e+00
1.273051692456397710e+00
2.713615916993072030e+00
4.131991254349625997e+00
1.162784181179461029e+00
1.893104689081817948e+00
2.092208323477828813e+00
2.972850954918161648e+00
1.462963061149662458e+00
2.652984172889308212e+00
7.744621039825478892e-01
2.476737102086771003e+00
3.199297234314234295e+00
3.059770941246695131e+00
2.954820882285659422e+00
2.895889015845718450e+00
2.062466263543399236e+00
2.683319316444773950e+00
2.656041713534984972e+00
1.733718106442480922e+00
2.186236628709207874e+00
3.659405147953676884e+00
1.776378601121004319e+00
3.384309374208329224e+00
9.739291178582633046e-01
3.072416522543095052e+00
3.194402981026693400e+00
3.075114474157771838e+00
2.758573934711313846e+00
0.000000000000000000e+00
4.142552995296861162e+00
2.428154088727916715e+00
2.930474138241049520e+00
8.445201499381149723e-01
2.678018687447116353e+00
1.875444736035192239e+00
2.143543133536489620e+00
9.929230857665324317e-01
2.941467438528368117e+00
0.000000000000000000e+00
3.976869569216581746e-01
3.566342226227681156e+00
1.840619423996634696e+00
2.295466099455080844e+00
2.667001844672765909e+00
9.239604136013487290e-01
3.323375743219820766e+00
8.291828034841735029e-01
2.420826917402234546e+00
3.651875685352127920e+00
1.983304969936368289e+00
1.471715106538806994e+00
3.690148957744370684e+00
2.405097146291339083e+00
2.044327412229035801e+00
2.266028637468700868e+00
3.255792826934383655e+00
1.201111337816181956e+00
4.161274915056686119e+00
1.989187855658656634e+00
2.415078099998894778e+00
1.223578600260806670e+00
0.000000000000000000e+00
1.594516251122285677e+00
2.229933720929667018e+00
2.542366074858764868e+00
1.371402638957546882e+00
1.880507334968843924e+00
3.154433883076050549e+00
1.812959196108136606e+00
2.004290099081304177e+00
2.015787174792547543e+00
