# Ensemble D, m = 300.0, lambda = [  9.82242788e-09  -6.70251698e-09   0.00000000e+00   2.13428944e-09]
4.099994215943515985e-01
0.000000000000000000e+00
0.000000000000000000e+00
3.079909570205935365e-01
0.000000000000000000e+00
1.281291429350545741e+00
7.512800265161255764e-01
0.000000000000000000e+00
2.251086971102464196e-01
1.736430549569471626e+00
6.597892303257331115e-01
0.000000000000000000e+00
3.337793065102855894e-01
7.354334590353490686e-01
8.162199463987823700e-02
4.854464352469586297e-01
7.238351406611960304e-01
2.062841483539181175e-01
0.000000000000000000e+00
0.000000000000000000e+00
0.000000000000000000e+00
0.000000000000000000e+00
9.704274781643196235e-01
1.281452967403629906e+00
0.000000000000000000e+00
6.335829306828624774e-02
1.814962018544773015e+00
0.000000000000000000e+00
3.363970326202915806e-01
2.043773781721562433e+00
0.000000000000000000e+00
0.000000000000000000e+00
2.485301585582429862e+00
4.447352644378317343e-01
0.000000000000000000e+00
0.000000000000000000e+00
0.000000000000000000e+00
2.912403092882239974e+00
0.000000000000000000e+00
1.992239523692677317e+00
3.230021506954561250e-02
7.937406316211548241e-02
7.374234392237728475e-01
1.564911411041881806e+00
2.016492574483474076e+00
0.000000000000000000e+00
6.949306129468959536e-01
1.302925101145190778e+00
0.000000000000000000e+00
4.359913394233486117e-01
8.897866099576190457e-01
0.000000000000000000e+00
0.000000000000000000e+00
0.000000000000000000e+00
1.281446204186462268e+00
1.490681670844396622e+00
1.434193085177146276e+00
9.195352234811646763e-01
1.068781473542349980e+00
2.592643882365467611e+00
7.701418069201338978e-01
8.400333139392198722e-01
4.353627166073305577e-01
2.365649746675699827e-01
0.000000000000000000e+00
8.811266733801464968e-01
0.000000000000000000e+00
7.073737015686974994e-01
0.000000000000000000e+00
0.000000000000000000e+00
1.177072009320181412e+00
0.000000000000000000e+00
4.959153350488470502e-01
1.786796354081129801e+00
1.508443636025119883e+00
7.742958830606415654e-01
5.328402889093225570e-01
0.000000000000000000e+00
3.673957861219245280e-01
9.326294975401628884e-01
0.000000000000000000e+00
3.619175372064629692e-01
2.256518254637344345e+00
8.933238395920459762e-01
0.000000000000000000e+00
0.000000000000000000e+00
3.174536037670135258e+00
1.160298957310655688e+00
0.000000000000000000e+00
4.368489550596656446e-01
0.000000000000000000e+00
2.009955723889937651e-02
6.896887042233528220e-01
0.000000000000000000e+00
1.328221120582851578e+00
5.775044597387969381e-01
1.817371641577955943e+00
1.877973260819380874e+00
7.929577569088043553e-04
2.164545461130192194e+00
