# Ensemble D, m = 300.0, c_n/c_p = 0.729032258065, f = -0.973913043478
# lambda = [  1.29321556e-08  -9.18201182e-09   0.00000000e+00   2.13940684e-09]
#  
0.000000000000000000e+00
4.703051333948542190e-02
1.312374315349117138e-01
1.004151783920645524e+00
0.000000000000000000e+00
2.153009728726355654e+00
1.957440198424915234e+00
0.000000000000000000e+00
0.000000000000000000e+00
0.000000000000000000e+00
3.166827173945038591e-03
2.879413713387487306e+00
2.168477898465960285e-01
0.000000000000000000e+00
1.913173377470483549e+00
1.761911620295941727e+00
0.000000000000000000e+00
0.000000000000000000e+00
4.415209269593440844e-01
1.380320224528436723e+00
3.711676645741744385e-01
3.982050885631218673e-01
1.976868948602910486e-02
1.620181776083903902e+00
1.030630037812622746e+00
0.000000000000000000e+00
2.152870322459551122e+00
0.000000000000000000e+00
0.000000000000000000e+00
5.575152444983191291e-01
1.656344096191927351e+00
0.000000000000000000e+00
1.595704937772197685e+00
0.000000000000000000e+00
5.211346299310340782e-03
1.315497872508901267e+00
3.187642670266738421e+00
4.885816984957610520e-01
1.441244672423165119e+00
1.312351998746900339e+00
1.393204281482890217e+00
1.147484729988138996e+00
0.000000000000000000e+00
0.000000000000000000e+00
1.264970257207270521e+00
2.048146667149699063e+00
1.461201936948629765e+00
0.000000000000000000e+00
0.000000000000000000e+00
1.249684581854352050e+00
0.000000000000000000e+00
2.269429394250967458e-01
6.260259443370748134e-01
8.048246017348704984e-02
6.850589144382099316e-02
1.822009706479490454e+00
2.216032848904230690e+00
2.686771124662664878e+00
2.000861352313622332e-01
3.790686179648349863e-01
1.689961186825107653e+00
8.295282343786040125e-01
5.089057122780464848e-01
1.207616451894060638e+00
4.806237366792261434e-01
3.538509644119613440e-01
6.138515873131031864e-01
2.293068377645107958e+00
6.668987955371677989e-01
8.510724865545059303e-02
8.055070827411013878e-01
0.000000000000000000e+00
1.535118104534561212e+00
0.000000000000000000e+00
1.626668841211482142e-01
0.000000000000000000e+00
0.000000000000000000e+00
0.000000000000000000e+00
7.313799400745383227e-03
1.368027484559692475e+00
4.804463711754174832e-02
2.352098642813302831e+00
6.085581645869150846e-02
0.000000000000000000e+00
0.000000000000000000e+00
2.329027237553766838e+00
6.246059002338466559e-01
4.347290210687991541e-02
0.000000000000000000e+00
1.171838306315704958e+00
1.687108321872612116e-01
0.000000000000000000e+00
6.371434384047187649e-01
1.866627698681833369e-01
1.851264721008531566e+00
0.000000000000000000e+00
1.786439675648461956e+00
3.057877447391328940e-01
0.000000000000000000e+00
8.367367806530411345e-01
