# Ensemble D, m = 300.0, c_n/c_p = 0.896774193548, f = -0.998695652174
# lambda = [  1.07318353e-08  -9.61147984e-09   0.00000000e+00   4.91390938e-10]
#  
0.000000000000000000e+00
0.000000000000000000e+00
0.000000000000000000e+00
1.096885355962030184e+00
9.167271755531770649e-01
9.900128607745444231e-01
3.546527013965167230e-01
2.501976646234247870e+00
0.000000000000000000e+00
0.000000000000000000e+00
0.000000000000000000e+00
0.000000000000000000e+00
1.457030692439788444e+00
0.000000000000000000e+00
1.510847613755838259e-01
0.000000000000000000e+00
0.000000000000000000e+00
1.055384392772357849e+00
6.160197499415527300e-01
0.000000000000000000e+00
0.000000000000000000e+00
0.000000000000000000e+00
0.000000000000000000e+00
5.058102082932884880e-01
0.000000000000000000e+00
1.349693978253173832e+00
1.696915800977199032e-02
7.752376665764247887e-01
2.655058365969632447e-02
0.000000000000000000e+00
0.000000000000000000e+00
1.759544787707722380e+00
6.121749307162017706e-01
0.000000000000000000e+00
5.389360335333825969e-01
3.161547884820729570e-01
0.000000000000000000e+00
0.000000000000000000e+00
4.474339382189820302e-01
1.703125368914776283e-01
1.823281782367549564e+00
8.696949570939906948e-01
0.000000000000000000e+00
0.000000000000000000e+00
0.000000000000000000e+00
1.727946098375543471e+00
6.818377324703438214e-02
0.000000000000000000e+00
0.000000000000000000e+00
4.988803340340242781e-02
0.000000000000000000e+00
0.000000000000000000e+00
0.000000000000000000e+00
0.000000000000000000e+00
1.385702676565572500e-01
1.828467702735771860e+00
7.968567680654919938e-01
7.358296774292903963e-01
7.958024391431658406e-01
1.936298982668733348e+00
1.548244070141487017e+00
0.000000000000000000e+00
1.442835204741920396e+00
0.000000000000000000e+00
0.000000000000000000e+00
0.000000000000000000e+00
0.000000000000000000e+00
8.319913763661552775e-01
1.159714130769048612e+00
0.000000000000000000e+00
0.000000000000000000e+00
0.000000000000000000e+00
3.457917754162829205e-01
0.000000000000000000e+00
1.711385363232982293e-01
2.528726208371913309e+00
0.000000000000000000e+00
8.063590881573782232e-01
7.588209706377523345e-01
0.000000000000000000e+00
0.000000000000000000e+00
0.000000000000000000e+00
6.523345601822628792e-01
0.000000000000000000e+00
0.000000000000000000e+00
0.000000000000000000e+00
2.577541009475192713e+00
0.000000000000000000e+00
0.000000000000000000e+00
9.740987219727291757e-01
0.000000000000000000e+00
1.846658023988353436e-01
1.280647473287328530e+00
3.108060101624973148e-01
1.839421703946794162e-01
7.801229885698228728e-01
0.000000000000000000e+00
0.000000000000000000e+00
5.005428033335981297e-01
1.367666898729941183e-01
