# Ensemble D, m = 300.0, c_n/c_p = 0.81935483871, f = -0.986956521739
# lambda = [  1.25962840e-08  -1.01862068e-08   0.00000000e+00   1.66151918e-09]
#  
1.123216292806854977e+00
2.196303352455077018e+00
2.638969728822222915e+00
7.431166328471235927e-01
8.764587586466936475e-01
0.000000000000000000e+00
2.579525877686032587e+00
0.000000000000000000e+00
0.000000000000000000e+00
3.161374979124067196e-03
1.301495000795739099e+00
2.304828040752221252e+00
8.977754392383625603e-01
2.299766040721083815e+00
0.000000000000000000e+00
6.236815045119248335e-01
1.989799860503197015e+00
0.000000000000000000e+00
1.145340016295387287e+00
8.919469303767626478e-01
1.453298834570133424e+00
2.103832554176028768e+00
0.000000000000000000e+00
0.000000000000000000e+00
1.480868413768473779e+00
0.000000000000000000e+00
6.988964774809679481e-01
2.190777259269749422e+00
1.884965524295484807e+00
1.510370132191245496e+00
1.245876951844327785e+00
0.000000000000000000e+00
1.058520510101168988e+00
1.097421793797489276e+00
1.272666957875474569e+00
4.082371572809603277e-01
5.759502887453247372e-02
1.504615314214197141e+00
3.081485903830533335e+00
1.325603839452604849e+00
1.567934657234911988e+00
0.000000000000000000e+00
8.257662315427469549e-03
2.333748674167616333e+00
0.000000000000000000e+00
1.490134429352843792e+00
2.345214100390426548e+00
0.000000000000000000e+00
3.515590641686645035e-01
1.990542987063822933e+00
3.575232891423290038e-01
2.589911541813548101e+00
8.616434126412457761e-01
0.000000000000000000e+00
0.000000000000000000e+00
1.882375942519091572e+00
0.000000000000000000e+00
2.229795140842493417e+00
1.539821559895468095e+00
0.000000000000000000e+00
1.102601779829030848e+00
2.630093450694403590e+00
0.000000000000000000e+00
0.000000000000000000e+00
0.000000000000000000e+00
0.000000000000000000e+00
2.241364108153468315e+00
1.018850501816930265e+00
2.445446986733607275e+00
1.278553367125176421e-01
1.685312686005063565e+00
4.947246664639101121e-01
4.609255099893386776e-01
8.036898643157091016e-01
0.000000000000000000e+00
8.405175743551751566e-01
1.430530168673119551e+00
0.000000000000000000e+00
2.308883981920866191e+00
1.957737106982737396e+00
1.273321633766760601e-02
7.391650512922148808e-01
1.500493928035134594e+00
2.159111546358136735e+00
1.010057680251065237e+00
1.481585412711273531e+00
0.000000000000000000e+00
2.087408805681705282e+00
4.602966166962017998e-03
0.000000000000000000e+00
4.472443479864021132e-01
0.000000000000000000e+00
1.214018767174067204e+00
0.000000000000000000e+00
1.633787419082792125e+00
2.772609251876071212e+00
1.142289357471355515e+00
8.872963437120170438e-01
8.306765127862052456e-01
4.682370834603289955e-01
