# Ensemble D, m = 300.0, lambda = [  7.26865865e-09  -7.14796374e-09   0.00000000e+00   6.20779126e-10]
2.465309224982881187e-01
0.000000000000000000e+00
0.000000000000000000e+00
5.932179392366233595e-01
0.000000000000000000e+00
0.000000000000000000e+00
0.000000000000000000e+00
0.000000000000000000e+00
0.000000000000000000e+00
4.418255573431202343e-01
0.000000000000000000e+00
1.495061215699676094e+00
0.000000000000000000e+00
0.000000000000000000e+00
0.000000000000000000e+00
2.270930905066185224e-01
1.171901068617852815e+00
0.000000000000000000e+00
0.000000000000000000e+00
0.000000000000000000e+00
0.000000000000000000e+00
0.000000000000000000e+00
3.574813722056885412e-01
0.000000000000000000e+00
4.456564315079915815e-03
4.000517052252717254e-01
1.502885874958507714e-02
1.613230803202456487e+00
8.654944152573464944e-01
0.000000000000000000e+00
0.000000000000000000e+00
0.000000000000000000e+00
0.000000000000000000e+00
0.000000000000000000e+00
3.309558965710868161e-02
1.707393920068404292e+00
0.000000000000000000e+00
2.704845290145974079e+00
7.411572681382343486e-01
6.824181562169846504e-01
6.784529377857239085e-01
0.000000000000000000e+00
3.814698422849008980e-02
1.248961185740111723e+00
2.169479082777674872e+00
0.000000000000000000e+00
0.000000000000000000e+00
3.616046848454815971e-02
0.000000000000000000e+00
2.953633767171439217e+00
4.706484388449218015e-01
0.000000000000000000e+00
1.940632028072148130e-01
5.053744838464956368e-01
4.985915272574218959e-01
5.256117717804549283e-01
1.613597645943694037e+00
0.000000000000000000e+00
0.000000000000000000e+00
3.395400046468529665e-01
0.000000000000000000e+00
0.000000000000000000e+00
2.300497659326066202e-01
0.000000000000000000e+00
0.000000000000000000e+00
0.000000000000000000e+00
0.000000000000000000e+00
0.000000000000000000e+00
2.373468043108878656e-01
1.564775769048638132e+00
0.000000000000000000e+00
0.000000000000000000e+00
5.015477619691447453e-01
7.503620805364217272e-01
0.000000000000000000e+00
0.000000000000000000e+00
0.000000000000000000e+00
0.000000000000000000e+00
0.000000000000000000e+00
2.825024771168741733e+00
0.000000000000000000e+00
0.000000000000000000e+00
0.000000000000000000e+00
0.000000000000000000e+00
4.083197814521262181e-01
0.000000000000000000e+00
0.000000000000000000e+00
0.000000000000000000e+00
6.482182448166178279e-01
0.000000000000000000e+00
0.000000000000000000e+00
1.603409037391448910e-01
1.019116338062528021e-01
1.115574845231726675e+00
0.000000000000000000e+00
0.000000000000000000e+00
0.000000000000000000e+00
5.248434007167587442e-03
0.000000000000000000e+00
2.946711753605351092e-01
