# Ensemble D, m = 300.0, c_n/c_p = 0.922580645161, f = -0.97
# lambda = [  7.23073829e-09  -6.47081102e-09   0.00000000e+00   1.62173811e-09]
#  
4.429766806160828629e-01
1.072448048660053915e-02
1.477301964401626311e+00
3.847944327071461945e-01
4.480210746270048561e-01
8.414513743939338042e-01
1.190114610471514345e+00
0.000000000000000000e+00
3.475006519649395664e-01
1.387327478888688292e-01
5.595027026013697953e-03
2.141851535916988070e+00
1.606711219491585296e-01
2.503320663944622049e-01
1.522880779728560084e-02
9.935578496391302972e-01
6.373310741124336154e-01
9.961230850019882066e-01
5.414601952549809999e-02
1.477864343721927876e+00
3.995711945303983548e-01
5.435231725090385879e-01
1.128219526078045210e+00
2.453191248109503064e+00
0.000000000000000000e+00
8.950861049673249081e-02
1.766828700667959939e+00
2.043891442588391616e+00
2.888496663908491913e-01
0.000000000000000000e+00
0.000000000000000000e+00
4.079894057760329318e-01
5.571340523376807630e-01
0.000000000000000000e+00
2.229160376007545963e-01
1.994526093919570586e+00
5.784917655534840830e-02
0.000000000000000000e+00
0.000000000000000000e+00
0.000000000000000000e+00
4.705288463172349611e-02
4.904555561513346262e-01
0.000000000000000000e+00
0.000000000000000000e+00
1.556069375910101416e+00
7.198401462416275515e-03
0.000000000000000000e+00
1.327917301504344616e+00
3.552525340161690193e-01
0.000000000000000000e+00
0.000000000000000000e+00
0.000000000000000000e+00
1.020557039330675583e-02
3.944719557787908226e-02
0.000000000000000000e+00
3.614603691346472969e-01
0.000000000000000000e+00
0.000000000000000000e+00
0.000000000000000000e+00
0.000000000000000000e+00
5.526763456540384478e-01
0.000000000000000000e+00
0.000000000000000000e+00
1.409032746241909440e+00
1.647844110459329769e+00
0.000000000000000000e+00
1.505719685644710149e+00
2.294356016549384814e-01
5.472291755065449292e-01
0.000000000000000000e+00
1.517129211783351028e+00
0.000000000000000000e+00
1.015594552796154293e+00
6.486158711757438189e-01
1.005107020152189889e+00
1.344844494514131572e+00
3.455541939189443190e-01
0.000000000000000000e+00
0.000000000000000000e+00
1.519790696343274572e+00
5.419154699528788005e-02
3.247226356063365738e-01
1.107935245334733310e+00
2.065195244934506236e-01
1.749965321893603543e+00
1.331073228435863509e+00
3.150045869582720481e-01
0.000000000000000000e+00
9.750939691420861255e-01
0.000000000000000000e+00
0.000000000000000000e+00
1.879835613290245622e+00
1.358548666162909146e+00
1.905423796181142659e+00
0.000000000000000000e+00
0.000000000000000000e+00
0.000000000000000000e+00
1.380645637847794038e+00
0.000000000000000000e+00
6.889960534882704629e-03
