# Ensemble D, m = 300.0, c_n/c_p = 0.987096774194, f = -0.986956521739
# lambda = [  6.78363098e-09  -6.60875982e-09   0.00000000e+00   1.07798530e-09]
#  
0.000000000000000000e+00
6.964169249442102583e-01
0.000000000000000000e+00
1.022556073467506987e+00
0.000000000000000000e+00
8.651363922421840824e-01
2.223936291554570732e-01
1.581663100831615765e+00
5.688300440583100581e-01
1.428124326830872093e+00
1.368658387256634468e+00
1.140367713763438401e-01
4.796295013405886265e-01
3.416137649253881414e-01
9.922691609537637181e-01
6.919603598554311397e-01
2.448145438256866535e-01
0.000000000000000000e+00
2.354609539708005794e+00
0.000000000000000000e+00
0.000000000000000000e+00
5.191361885406757803e-01
0.000000000000000000e+00
1.109694449311859010e+00
0.000000000000000000e+00
6.780102149553273172e-01
1.503474435026523892e+00
4.328281147594589817e-01
2.287833811164836917e-01
9.009882119024070768e-01
1.204826414555294267e+00
8.792769501206544325e-01
6.893613087269724604e-02
1.149987023214558368e+00
5.334078493971403656e-01
7.342979265157388857e-01
0.000000000000000000e+00
1.124603228350221418e+00
0.000000000000000000e+00
0.000000000000000000e+00
0.000000000000000000e+00
1.681429593347360196e+00
6.635569268236118923e-01
0.000000000000000000e+00
0.000000000000000000e+00
0.000000000000000000e+00
0.000000000000000000e+00
0.000000000000000000e+00
0.000000000000000000e+00
0.000000000000000000e+00
7.470392466095884254e-01
2.111217817137689134e-01
1.662490197134193770e-01
0.000000000000000000e+00
5.354198337664191065e-01
0.000000000000000000e+00
0.000000000000000000e+00
1.175067325952110942e+00
9.591853249586422825e-01
2.482478529456460525e-01
0.000000000000000000e+00
1.285392014814911721e-01
8.966401076432904960e-01
7.526626958463552564e-01
0.000000000000000000e+00
4.930795874242319687e-01
1.292034673071377204e+00
1.623484803885318628e-01
2.692080243516296600e-01
1.333675353288344204e-02
7.479602418980002554e-01
0.000000000000000000e+00
1.468076231353496360e-02
5.894764927710921532e-01
8.356525420168272600e-01
0.000000000000000000e+00
0.000000000000000000e+00
8.440755856169387394e-01
0.000000000000000000e+00
0.000000000000000000e+00
0.000000000000000000e+00
7.422203918738006223e-01
6.881161501913202194e-01
3.503905264928452445e-01
0.000000000000000000e+00
2.230852951502859227e+00
1.528092088379708890e+00
0.000000000000000000e+00
8.982414997107048826e-01
0.000000000000000000e+00
0.000000000000000000e+00
0.000000000000000000e+00
1.233650210568750794e+00
0.000000000000000000e+00
1.047511119265668311e+00
0.000000000000000000e+00
3.165190225926819978e-01
0.000000000000000000e+00
1.108115429042238809e+00
0.000000000000000000e+00
