# Ensemble D, m = 300.0, lambda = [  1.13692287e-08  -6.61689113e-09   0.00000000e+00   1.65834924e-09]
0.000000000000000000e+00
0.000000000000000000e+00
6.509513353508954436e-01
7.474091142640526542e-01
1.326654146918930799e+00
8.357756453305767996e-01
0.000000000000000000e+00
8.510170044378304599e-01
1.386229897837785163e+00
7.076946409409259342e-01
3.525105179376196163e-01
1.460823630649357545e-02
0.000000000000000000e+00
1.764035463222652034e+00
7.281173406023143668e-01
8.443718728613961444e-01
8.455997000258748397e-02
1.007408538327145386e+00
0.000000000000000000e+00
9.067905379879112049e-01
0.000000000000000000e+00
1.017788464490609668e+00
1.307233652743003738e+00
0.000000000000000000e+00
0.000000000000000000e+00
0.000000000000000000e+00
8.839816384945812233e-01
7.906822604647759656e-01
1.216178474202467052e+00
0.000000000000000000e+00
0.000000000000000000e+00
1.682841063518438485e-01
8.369218302424773492e-01
0.000000000000000000e+00
0.000000000000000000e+00
0.000000000000000000e+00
1.120119588240583441e+00
8.109385055218394367e-01
1.757391331298340909e+00
3.417760693310757159e+00
2.185527586197743288e-01
1.119205239513542255e-01
2.535245497999470965e-01
0.000000000000000000e+00
0.000000000000000000e+00
1.042122378235756930e+00
1.322450769115359082e+00
1.097503609443392994e-02
1.607758569236828583e+00
2.182693451634447612e+00
4.982637646733418801e-01
2.183953068339088865e+00
0.000000000000000000e+00
7.341008215526273473e-01
0.000000000000000000e+00
6.390289034936681434e-01
0.000000000000000000e+00
9.077849162569787689e-01
3.910317684485116463e-02
1.303602909363937190e+00
1.274029683367247645e-01
1.091655870274016005e+00
8.094191312202114741e-01
0.000000000000000000e+00
0.000000000000000000e+00
6.034278115751716687e-01
0.000000000000000000e+00
3.065358883494237463e-01
7.949992310913567284e-01
1.248375537641688737e+00
0.000000000000000000e+00
1.247069504825825126e+00
9.328073194205936947e-01
7.237980456524224504e-01
7.307096493534829262e-01
2.411195541458068803e-01
8.168980613854512907e-01
5.267361269381588551e-01
4.293626294971276125e-01
0.000000000000000000e+00
1.336540321622111949e-01
2.292757293955932363e-01
0.000000000000000000e+00
0.000000000000000000e+00
0.000000000000000000e+00
8.122086134629191712e-01
0.000000000000000000e+00
3.736458917200575214e-01
1.440280717907983093e-02
2.208661702467798360e+00
1.960167708604787062e+00
6.148924124565842142e-01
0.000000000000000000e+00
7.890993541685402679e-01
0.000000000000000000e+00
1.840256811271405502e+00
2.233933409561402961e+00
0.000000000000000000e+00
5.092855020239767105e-01
1.425569055640356630e-01
