# Ensemble D, m = 300.0, lambda = [  1.02935547e-08  -6.16569693e-09   0.00000000e+00   1.86564188e-09]
0.000000000000000000e+00
4.224863706192225760e-02
7.434777345701194529e-01
0.000000000000000000e+00
3.629743721266778245e-01
5.178153378658707506e-01
5.178247117629933838e-01
0.000000000000000000e+00
1.193364035183259286e+00
3.319262823272516982e+00
9.360965128911326039e-01
1.588659748608686417e+00
0.000000000000000000e+00
1.477991980251605053e-01
0.000000000000000000e+00
0.000000000000000000e+00
0.000000000000000000e+00
0.000000000000000000e+00
2.937616276501274232e-03
2.104705616555751502e-01
0.000000000000000000e+00
0.000000000000000000e+00
5.488346689791701039e-01
1.153685026483550313e+00
1.082219282462539178e+00
5.912020159791802065e-01
1.669822041726231721e+00
0.000000000000000000e+00
0.000000000000000000e+00
1.048369996136399696e+00
1.571163811116319253e-01
1.361940668130955101e-01
1.190986523451521339e+00
2.952281692534507868e-02
0.000000000000000000e+00
9.280209627544745432e-01
6.221643431806440638e-01
1.597467786062160000e+00
1.644404176251746064e+00
1.510713479937175308e+00
1.231316378304929460e+00
7.828057355074252710e-02
3.438791470415510365e-01
0.000000000000000000e+00
0.000000000000000000e+00
1.987871934008252905e+00
5.101736106242715785e-01
7.005257845698387165e-01
2.863659262934009075e-01
0.000000000000000000e+00
5.426672114003011638e-01
0.000000000000000000e+00
4.874862276041626030e-01
0.000000000000000000e+00
3.183630454037775226e-01
0.000000000000000000e+00
9.697020371088356239e-01
1.790622551266706219e+00
8.566037054653848903e-01
1.077670358820407515e+00
9.348193954328313723e-04
0.000000000000000000e+00
0.000000000000000000e+00
0.000000000000000000e+00
3.350871882491790466e-01
0.000000000000000000e+00
4.672735351600910692e-01
1.410304543178090730e+00
0.000000000000000000e+00
1.149445677380280362e+00
0.000000000000000000e+00
0.000000000000000000e+00
1.410758104142686653e+00
1.391801774668187441e+00
1.423662387886590330e-01
0.000000000000000000e+00
1.102342824982393221e+00
0.000000000000000000e+00
1.172348708907015258e+00
0.000000000000000000e+00
0.000000000000000000e+00
2.127192026702569905e+00
0.000000000000000000e+00
0.000000000000000000e+00
8.686631285854873319e-01
0.000000000000000000e+00
5.325234590537041290e-01
0.000000000000000000e+00
3.917337959621607774e-02
7.313887168693679053e-01
1.120458703266755673e+00
0.000000000000000000e+00
5.689720292580016103e-01
9.837409286150342602e-01
0.000000000000000000e+00
1.254020476536218676e-01
0.000000000000000000e+00
8.880735895064136853e-01
0.000000000000000000e+00
0.000000000000000000e+00
