# Ensemble D, m = 300.0, lambda = [  1.62785817e-08  -1.04349647e-08   0.00000000e+00   1.90447989e-09]
1.301936453341564714e+00
0.000000000000000000e+00
0.000000000000000000e+00
3.180102210636427396e-01
0.000000000000000000e+00
0.000000000000000000e+00
1.728597780026992214e-01
1.900970162719622936e+00
2.791422680784256261e-01
1.393718090145743327e+00
1.668286862259532821e+00
4.814983705764502298e-01
0.000000000000000000e+00
9.619650914826817223e-01
2.144318592701452975e+00
1.337808485344635701e+00
8.943524055654346050e-01
3.736589325812201268e-01
2.002239953752964041e+00
1.031237093131146310e+00
4.733382836316772924e-01
9.071424535685503887e-01
0.000000000000000000e+00
2.252553341510027674e-01
2.049695084837938885e-01
0.000000000000000000e+00
6.053667653067466847e-02
1.397966135708798907e+00
0.000000000000000000e+00
0.000000000000000000e+00
2.353100536350893890e+00
2.189688719072101719e+00
0.000000000000000000e+00
0.000000000000000000e+00
6.341005994917129351e-01
1.815651516337010829e+00
2.064343148142256279e+00
0.000000000000000000e+00
0.000000000000000000e+00
1.728965594668752548e+00
1.706622540871119975e+00
1.406923547364737015e+00
0.000000000000000000e+00
1.271412465670748206e-02
3.574247761755743324e-01
1.513193493112879651e+00
0.000000000000000000e+00
0.000000000000000000e+00
2.366487135824731247e+00
7.192726677143315150e-01
2.071496197970085440e+00
1.016643866184857581e+00
1.323328541629533062e+00
0.000000000000000000e+00
0.000000000000000000e+00
2.958909701520465174e-01
8.193730280299155178e-01
0.000000000000000000e+00
0.000000000000000000e+00
1.142650590722589232e+00
5.340577355844505769e-01
8.023467307511460422e-01
0.000000000000000000e+00
3.915592059957803683e-01
2.585558145522334206e-01
0.000000000000000000e+00
1.197692986348791871e-01
1.236335255472705619e+00
4.159800584134105694e-01
0.000000000000000000e+00
0.000000000000000000e+00
4.645468617969509273e-01
1.780684951016804352e-01
9.331759747790377979e-01
8.217782752395795809e-01
1.160641155282399861e+00
1.257927306191125805e+00
1.272331245903914887e+00
1.040844997151271434e+00
0.000000000000000000e+00
2.147288976580194131e+00
1.302961255343387803e+00
2.067144969572900948e+00
1.541585634453369824e+00
0.000000000000000000e+00
9.056780333793171267e-02
3.442923140938940474e-01
1.539883608292204498e+00
1.155250829016465364e+00
0.000000000000000000e+00
2.862944636977717283e-01
1.007820440393067729e+00
2.065963118605614213e+00
3.862233179204918598e-01
1.019618479360576035e+00
2.056858835305225508e+00
1.804849378666387949e+00
1.136738331530306567e+00
1.347501569060630455e+00
2.959751677368477329e-01
