# Ensemble D, m = 300.0, c_n/c_p = 0.690322580645, f = -0.996086956522
# lambda = [  3.42647847e-08  -2.35611964e-08   0.00000000e+00   2.09048546e-09]
#  
1.839741915264128780e+00
1.946229688736294428e+00
2.657628187586922319e+00
3.246274712515955230e+00
3.169876856114739905e+00
4.203256763499148008e+00
3.044039466868123878e+00
2.071659890072170995e+00
2.567915836376200911e+00
1.552474076754921439e+00
3.038880455752071885e+00
2.906867023430416808e+00
1.209023420286600148e+00
2.316765551744204732e+00
1.563164605407896257e+00
2.099650311029382710e+00
2.956046568492487925e+00
3.918015862667963756e+00
2.224648107497061211e+00
3.358301244896805482e+00
1.131519697699965521e+00
1.263387139654130742e+00
2.377821455718471366e+00
2.471557373940952207e+00
4.329607280045655315e+00
3.442364176934838316e+00
2.450486380843065692e+00
4.586938031342359778e+00
1.913918610879758342e+00
2.789795224274541852e+00
2.373074558700229097e+00
4.191836053374281001e-01
2.957292178169204089e+00
2.501378030696272958e+00
8.007696587389480092e-01
0.000000000000000000e+00
8.411669457090307223e-01
2.458920297443970782e+00
1.997656372376001022e+00
1.435990252233752873e+00
1.353665376922924768e+00
2.656951807349895667e+00
2.079937884220149691e+00
1.868652489817975715e+00
3.722627095400361075e+00
3.946525070347683961e+00
2.698951558885311464e+00
1.486679074740539841e+00
6.639899994387750137e-01
2.001312459408966404e+00
3.417380171179438264e+00
8.473444213474114195e-02
0.000000000000000000e+00
2.839917784096450681e+00
1.606216061270938855e+00
1.634690143846613264e+00
1.309525188372941518e+00
7.572252032745838690e-01
2.206061928034243280e+00
1.380017358849206399e+00
2.399960222084780881e+00
2.882474399150384059e+00
2.794416905071391177e+00
3.407190904295919864e+00
1.662756592482094842e+00
2.097358701046143636e+00
1.969782113843996818e+00
2.810269893380494821e+00
1.110850922285631981e+00
2.394210094741668016e+00
2.522413933578764755e+00
1.509323364949652024e+00
1.604069091703980154e+00
2.717946266530860910e+00
3.351414381090822125e+00
1.952774907229099188e+00
4.201286171312938578e+00
1.321782738036409555e+00
1.653338038370411711e+00
2.317044579470303844e+00
3.955932960314580971e+00
3.775356651563854360e+00
1.220758972750103588e+00
1.952156022243401123e+00
3.076997891977709454e+00
2.044354935686980568e+00
7.765938629807114246e-01
2.364612430587220260e+00
0.000000000000000000e+00
2.254683558127482002e+00
1.261640963563823714e+00
2.402954217392627267e+00
2.701382849177699441e+00
3.754031541853926957e+00
2.177523859241373927e+00
1.152132768418035358e+00
2.719967125533199859e+00
2.911817307018635947e+00
2.967272179127204090e+00
7.788316766238977396e-01
