# Ensemble D, m = 300.0, lambda = [  6.63751999e-09  -6.44540661e-09   0.00000000e+00   1.17634775e-09]
0.000000000000000000e+00
0.000000000000000000e+00
1.697244138147253195e-02
8.733599342848465952e-01
1.230727123490200636e+00
0.000000000000000000e+00
6.579983475309488794e-01
0.000000000000000000e+00
0.000000000000000000e+00
0.000000000000000000e+00
0.000000000000000000e+00
0.000000000000000000e+00
9.731859738675070481e-01
1.069963227856688182e+00
0.000000000000000000e+00
1.208435188499390023e+00
0.000000000000000000e+00
0.000000000000000000e+00
0.000000000000000000e+00
0.000000000000000000e+00
0.000000000000000000e+00
0.000000000000000000e+00
1.287734503546201226e-01
0.000000000000000000e+00
4.331097618176250191e-02
0.000000000000000000e+00
0.000000000000000000e+00
0.000000000000000000e+00
0.000000000000000000e+00
0.000000000000000000e+00
0.000000000000000000e+00
3.980662559057389638e-01
7.194650969944335062e-01
1.414397724789201172e-01
1.843689647680351262e+00
0.000000000000000000e+00
8.217244767542840611e-01
0.000000000000000000e+00
1.069029757373978873e+00
0.000000000000000000e+00
1.349177215190821233e+00
0.000000000000000000e+00
0.000000000000000000e+00
0.000000000000000000e+00
6.534769722014810434e-02
0.000000000000000000e+00
0.000000000000000000e+00
7.858600491253601161e-01
3.158745841378835222e-03
1.622544598350076916e-01
2.355923905279772024e-01
0.000000000000000000e+00
0.000000000000000000e+00
0.000000000000000000e+00
0.000000000000000000e+00
0.000000000000000000e+00
0.000000000000000000e+00
1.049340031908041260e+00
1.791428471011390133e+00
0.000000000000000000e+00
0.000000000000000000e+00
1.234969065755551869e-02
2.424100913813528602e-01
1.281111754513656997e+00
0.000000000000000000e+00
1.317380301758179773e+00
0.000000000000000000e+00
0.000000000000000000e+00
0.000000000000000000e+00
6.121722686391381507e-02
0.000000000000000000e+00
0.000000000000000000e+00
0.000000000000000000e+00
0.000000000000000000e+00
0.000000000000000000e+00
1.018238320849191414e+00
8.175436142693219832e-01
6.269408241669627291e-02
0.000000000000000000e+00
0.000000000000000000e+00
1.223299419566441504e+00
7.322713192632031021e-01
0.000000000000000000e+00
0.000000000000000000e+00
0.000000000000000000e+00
0.000000000000000000e+00
0.000000000000000000e+00
0.000000000000000000e+00
0.000000000000000000e+00
0.000000000000000000e+00
0.000000000000000000e+00
2.363102928393615798e+00
3.073595470408107544e-01
1.227177972944862860e+00
3.703325112425204235e-01
4.877912264861360425e-01
1.182170041504817526e+00
0.000000000000000000e+00
0.000000000000000000e+00
0.000000000000000000e+00
