# Ensemble D, m = 300.0, c_n/c_p = 0.625806451613, f = -0.961428571429
# lambda = [  1.07719104e-08  -6.48111599e-09   0.00000000e+00   1.85417995e-09]
#  
1.213210314954697999e+00
1.127970003690190737e+00
1.701344898814104889e+00
0.000000000000000000e+00
8.330806879306410506e-01
0.000000000000000000e+00
1.368525183932509659e+00
7.393067544131355362e-01
1.558428995218686941e+00
1.529181712506216595e+00
0.000000000000000000e+00
0.000000000000000000e+00
0.000000000000000000e+00
0.000000000000000000e+00
0.000000000000000000e+00
8.942264883226457017e-02
5.324023320849257113e-01
8.783205953638891783e-01
7.539148017221163345e-01
0.000000000000000000e+00
0.000000000000000000e+00
4.367046074671077638e-01
7.677299286592350613e-01
0.000000000000000000e+00
0.000000000000000000e+00
2.517199255042953610e+00
0.000000000000000000e+00
0.000000000000000000e+00
0.000000000000000000e+00
4.039148138425337486e-01
1.758127589927024545e-02
4.484679673770864405e-01
0.000000000000000000e+00
3.644044724489017284e+00
6.337935400764809213e-01
5.270290581046191969e-01
3.709608680633013633e-01
1.438704315274192680e-01
1.229809432912623984e-01
0.000000000000000000e+00
1.177983333399892918e-02
0.000000000000000000e+00
2.417549250478181200e-01
2.174274862424623311e+00
1.499133115780425518e+00
0.000000000000000000e+00
9.137450251548790980e-01
5.096708572592481001e-01
1.044132332370242500e+00
1.176704511585997981e+00
1.045280209512146952e+00
1.770944347156735987e-01
1.620520158467944505e+00
0.000000000000000000e+00
6.504500160179056412e-01
5.468951327878716073e-01
3.517234974288139804e-01
3.578346265121248176e-02
0.000000000000000000e+00
0.000000000000000000e+00
0.000000000000000000e+00
0.000000000000000000e+00
1.326470799401315570e-01
4.018591390902160887e-01
1.177142394999605192e-02
8.164175996418557846e-01
1.770156358626187032e+00
0.000000000000000000e+00
2.112240680655617653e-01
0.000000000000000000e+00
0.000000000000000000e+00
0.000000000000000000e+00
0.000000000000000000e+00
1.015115743543407723e+00
2.601966370789447480e-01
1.033333314447168583e+00
0.000000000000000000e+00
1.708725066181717489e+00
0.000000000000000000e+00
4.824380820330456676e-01
0.000000000000000000e+00
6.596734087654074208e-02
0.000000000000000000e+00
1.349866639953639647e+00
5.487967485349437569e-01
5.936248721562301101e-02
2.687033308677624355e-01
0.000000000000000000e+00
8.486630664793342049e-01
1.603310863646389417e-01
2.889349600793365891e+00
1.404035575224171994e+00
6.034287403465969125e-03
1.974427618115129013e+00
1.640320562331454513e+00
7.856622356859858103e-01
0.000000000000000000e+00
0.000000000000000000e+00
1.037159318294444743e+00
3.976864333075035840e-01
