# Ensemble D, m = 300.0, lambda = [  1.93385967e-08  -1.39398531e-08   0.00000000e+00   2.10881294e-09]
9.618600973726888492e-01
2.329192382205162559e+00
8.549233174287891313e-01
1.998455391893182886e+00
1.363135300663898430e+00
1.831349522599903690e+00
1.305538763415539982e+00
1.742170642849694362e+00
0.000000000000000000e+00
2.539101173001729883e+00
1.918049589024276358e+00
1.281647034548714315e+00
0.000000000000000000e+00
2.672549068688631291e+00
9.074230010593191675e-01
2.244644395714506580e+00
1.948611306403168708e+00
4.987446458430143670e-01
0.000000000000000000e+00
0.000000000000000000e+00
1.360273723550430525e+00
1.689127006741092396e+00
7.896667304327441572e-01
6.508877440739078146e-01
3.150804251403659606e+00
2.037522719153380901e+00
1.560521160246949091e+00
1.296512307851860890e-01
1.145521760479968343e+00
1.043771197062470790e+00
2.439497079942492430e+00
0.000000000000000000e+00
1.142278926279517215e+00
0.000000000000000000e+00
1.685030010875031348e+00
6.797956791248720432e-01
2.279376750746239466e+00
1.872297055318493886e+00
1.598062550337452592e+00
1.187402209736105663e+00
2.334998483524426405e+00
2.096518782582985629e+00
1.121648145538443941e+00
0.000000000000000000e+00
3.133344084959115983e-01
3.397350547699768963e-01
3.564203425801183711e-02
2.788151424324713190e+00
5.664825580970003216e-01
0.000000000000000000e+00
1.043396897036023896e+00
1.775322612774350883e+00
1.879442064652328437e+00
1.469933705142277391e+00
1.443510309640168021e+00
1.942484116800872629e+00
2.183268872222506207e+00
2.133829949752588995e+00
0.000000000000000000e+00
0.000000000000000000e+00
2.334511759829196453e+00
1.728781478910310643e+00
3.176330438648222732e+00
3.003384372838480143e-03
2.012563385068363075e+00
1.024142423852678174e+00
0.000000000000000000e+00
1.338369041079249255e+00
2.465538255479983398e+00
1.954682935747987793e+00
2.232920808172341509e+00
0.000000000000000000e+00
3.482576024930348790e+00
3.185200102356684049e+00
0.000000000000000000e+00
3.920766516518756073e-01
2.741942460742498255e+00
2.785722614399296138e+00
2.336399893672490791e+00
3.258192090564604015e+00
1.500613933068320360e+00
1.691515793452309790e-01
1.801755354344759086e+00
1.127060798324482249e+00
1.134154452728054263e+00
1.875129160428361086e+00
6.324866011179018921e-01
1.561881281909931918e+00
1.189816236182734688e+00
2.603601034824863270e+00
0.000000000000000000e+00
1.353815046497960584e+00
9.374671144544594048e-01
1.288113299399549661e+00
2.485903337183987372e+00
8.808694055961899805e-01
2.282640625822496716e+00
0.000000000000000000e+00
1.188565556905224696e+00
1.180524019238183620e+00
