# Ensemble D, m = 300.0, c_n/c_p = 0.987096774194, f = -0.984347826087
# lambda = [  6.66404540e-09  -6.47509681e-09   0.00000000e+00   1.15929486e-09]
#  
2.131106626885832966e+00
1.545349734327704949e+00
3.291597196555549054e-01
3.613437344044498345e-01
2.338191338601731672e-01
0.000000000000000000e+00
9.564713877277648546e-01
0.000000000000000000e+00
8.725938762429571449e-01
0.000000000000000000e+00
1.037799030285178718e-02
1.148169478208243222e+00
0.000000000000000000e+00
0.000000000000000000e+00
9.494782741407845617e-01
1.475572180631587349e+00
0.000000000000000000e+00
0.000000000000000000e+00
0.000000000000000000e+00
1.864188926078432784e-01
0.000000000000000000e+00
8.379909536610728737e-02
0.000000000000000000e+00
0.000000000000000000e+00
0.000000000000000000e+00
0.000000000000000000e+00
0.000000000000000000e+00
0.000000000000000000e+00
1.094451816657451726e+00
0.000000000000000000e+00
2.024937692624981356e+00
7.570649567695905691e-02
0.000000000000000000e+00
4.104374157963126546e-01
0.000000000000000000e+00
3.753186629484966397e-01
0.000000000000000000e+00
3.366661194370228483e-01
0.000000000000000000e+00
7.086614760737194318e-01
4.079747597759646460e-01
1.442832292480413336e+00
3.608542938062861971e-01
0.000000000000000000e+00
0.000000000000000000e+00
1.692978715326103611e-01
0.000000000000000000e+00
1.086008193790890308e+00
7.699584509473060834e-01
0.000000000000000000e+00
0.000000000000000000e+00
1.831317941099689373e-01
1.785283782678585451e+00
0.000000000000000000e+00
0.000000000000000000e+00
2.086178447466760788e-01
5.425816267487054007e-02
3.735415506828483334e-01
1.021862043974391510e+00
4.032712528550202458e-01
2.400952555780904440e-01
1.718178226925457658e-02
0.000000000000000000e+00
1.163811280929925474e+00
0.000000000000000000e+00
6.384599088239156783e-01
3.609443856282659735e-01
0.000000000000000000e+00
3.007542461657401578e+00
5.808209797206357328e-01
0.000000000000000000e+00
0.000000000000000000e+00
9.539121068634427436e-01
1.140449500052184373e+00
1.057258785464733897e-01
3.045498639488459780e-01
0.000000000000000000e+00
7.797308669432999606e-01
0.000000000000000000e+00
0.000000000000000000e+00
1.204896868558544165e+00
3.097438175729057552e-01
0.000000000000000000e+00
0.000000000000000000e+00
2.290989630945549638e-01
0.000000000000000000e+00
2.529250940746682330e-01
1.413087175391283701e+00
9.220261048044240404e-01
9.432379544604424515e-01
0.000000000000000000e+00
8.738672838184935454e-01
8.917157908262243193e-01
1.876016351207538069e+00
5.716001202651858071e-01
1.977285210733677134e+00
0.000000000000000000e+00
8.682404283802520883e-02
0.000000000000000000e+00
0.000000000000000000e+00
