# Ensemble D, m = 300.0, c_n/c_p = 0.974193548387, f = -0.97
# lambda = [  6.30481857e-09  -5.95785017e-09   0.00000000e+00   1.49317800e-09]
#  
0.000000000000000000e+00
6.770589171422790598e-01
0.000000000000000000e+00
4.047800409761839191e-01
1.113287740756969235e+00
0.000000000000000000e+00
1.129536767174015743e+00
0.000000000000000000e+00
9.471633911114377691e-01
1.357460468083660388e+00
0.000000000000000000e+00
6.863954200481481305e-01
3.560969473119640627e-01
0.000000000000000000e+00
2.489038993927404908e-01
4.730356256437340257e-01
0.000000000000000000e+00
0.000000000000000000e+00
0.000000000000000000e+00
5.275863130923527100e-01
0.000000000000000000e+00
9.178071153936898652e-01
5.450761363032249340e-01
6.432408687949014992e-01
5.681072622490553892e-01
9.335854104211199767e-01
0.000000000000000000e+00
1.919614048852261501e+00
0.000000000000000000e+00
5.013580408034492564e-01
0.000000000000000000e+00
0.000000000000000000e+00
7.053780532940288062e-01
0.000000000000000000e+00
0.000000000000000000e+00
1.125897148707209361e+00
9.500813696247556450e-01
1.735935559803515993e+00
0.000000000000000000e+00
1.220819720922622142e+00
0.000000000000000000e+00
1.025900889638702740e+00
0.000000000000000000e+00
1.167101418099678156e+00
5.919356434921378973e-01
8.480387187657562054e-01
1.033003502661607870e-02
4.024109913595333987e-01
2.329054903435483492e-01
3.953833215395905487e-01
1.143101753001934284e+00
0.000000000000000000e+00
0.000000000000000000e+00
0.000000000000000000e+00
1.012148098270434726e+00
1.200186756268824435e-02
9.462119658721854232e-02
7.728313285749686123e-01
9.016329771097316703e-01
9.325272882064057633e-02
0.000000000000000000e+00
0.000000000000000000e+00
0.000000000000000000e+00
1.714908521198976299e+00
0.000000000000000000e+00
7.701262475826728959e-01
0.000000000000000000e+00
1.064798792219194372e-02
6.768015097067026087e-01
5.843435009978476674e-02
0.000000000000000000e+00
2.579413264866650679e-01
4.249979422097129866e-01
4.477041003379802486e-01
5.970349141729160980e-01
8.910161844845324031e-02
0.000000000000000000e+00
9.675642141476155089e-01
2.174624506817443848e-01
1.846835366028284131e+00
0.000000000000000000e+00
0.000000000000000000e+00
6.854277646116769818e-01
1.218891392122730899e+00
5.372644083987989649e-01
0.000000000000000000e+00
0.000000000000000000e+00
0.000000000000000000e+00
5.653768859161512061e-01
0.000000000000000000e+00
8.544851337380140466e-01
0.000000000000000000e+00
0.000000000000000000e+00
6.125291261924488140e-01
0.000000000000000000e+00
3.853073449823399832e-01
0.000000000000000000e+00
0.000000000000000000e+00
2.508781197094770210e+00
0.000000000000000000e+00
