# Ensemble D, m = 300.0, c_n/c_p = 0.664516129032, f = -0.989565217391
# lambda = [  2.03540652e-08  -1.33844679e-08   0.00000000e+00   1.94884581e-09]
#  
0.000000000000000000e+00
3.196467107589457957e+00
1.437611518915523412e+00
1.108378876559966919e+00
0.000000000000000000e+00
1.342216442754340822e+00
1.302693021862024292e+00
3.320024134857839648e+00
0.000000000000000000e+00
9.628723594639497785e-01
1.568451600924013700e+00
9.796763845601272891e-01
1.389106868204119216e+00
5.432186975731309042e-01
0.000000000000000000e+00
1.121596581286459227e+00
3.705294733407991092e-01
1.983999838902293256e+00
1.133100618033180629e+00
9.616266775967259317e-01
2.506074296453581152e+00
1.474428128774548652e+00
0.000000000000000000e+00
0.000000000000000000e+00
4.302630461995875510e-01
1.582084789881434084e+00
9.090736690640527362e-01
2.466368817259864343e+00
3.434539180581362761e+00
3.209195881254026883e+00
2.278277395435796215e+00
9.825189874073783081e-01
2.219707793509988480e+00
1.646531141992587655e+00
2.771536689805403353e-01
2.387669309070301893e-01
9.654633210057670389e-01
7.156027916357950991e-01
2.386159408481558053e+00
1.502986785186411822e+00
2.757604666900328017e+00
2.654717393068603215e+00
4.727679432192548603e-01
2.217781384473182626e+00
0.000000000000000000e+00
2.237461330239301383e+00
1.490925616587442049e+00
1.121023578281267419e+00
9.145920015711435092e-01
0.000000000000000000e+00
2.267879203147108225e+00
1.636605900278227166e+00
0.000000000000000000e+00
0.000000000000000000e+00
0.000000000000000000e+00
5.363251495071496011e-01
1.005598365250799597e+00
1.389827242046306033e+00
1.595158758501516560e+00
2.190787682904705935e+00
6.144910870453522689e-01
1.912712023222001401e+00
1.725098388203487376e+00
1.784723621799086501e+00
4.779149164734809996e-01
0.000000000000000000e+00
5.416061807284702212e-01
1.382149721728632930e+00
0.000000000000000000e+00
0.000000000000000000e+00
1.737873356628867327e+00
1.234047979752952218e+00
2.057126951123348313e+00
8.810574707669300842e-01
5.040206801199670350e-01
1.699323056074518945e+00
1.103575848746888521e+00
3.862466862418386659e-01
2.992184584555269145e-01
3.489289169840539273e+00
8.577530007741736018e-01
2.223495838397794966e+00
0.000000000000000000e+00
1.524234036096254963e+00
2.001301972011704233e+00
3.642515617088675772e-01
3.010709792636285798e-01
0.000000000000000000e+00
1.567322117330889109e+00
0.000000000000000000e+00
5.460764201030440246e-01
3.108998093805132035e-02
2.871568659133196810e-01
1.748228196673522250e+00
1.446320090957738058e+00
2.078004394242749076e+00
0.000000000000000000e+00
4.779926202261799428e-01
7.868610041167607705e-02
1.373621852559205880e+00
