# Ensemble D, m = 300.0, lambda = [  1.31112964e-08  -8.63759520e-09   0.00000000e+00   2.06860748e-09]
5.294314410393300557e-03
0.000000000000000000e+00
9.368759591576292234e-02
0.000000000000000000e+00
0.000000000000000000e+00
1.706608346492316519e-01
1.104747482030352668e-01
1.657813656914845168e+00
6.084309125628361015e-01
1.399003061852758911e+00
0.000000000000000000e+00
1.057504195796179491e+00
2.414007905502187079e-01
1.773610484099640061e+00
1.090647755246988704e-02
1.937062952161299756e-01
7.236098711382146220e-01
0.000000000000000000e+00
1.482151433017125930e+00
3.645017810420607685e-01
1.452005373821354750e+00
6.679320882112395052e-01
1.932979678769200238e-01
7.385919623631481690e-01
1.510824423197727473e+00
1.882303324244408271e+00
1.960192862357441834e+00
8.373462586853454293e-02
1.829528576224448866e+00
8.577530565457366363e-01
0.000000000000000000e+00
3.120346862417616163e-01
1.596876015167150387e+00
1.093054213080821180e+00
1.143568041817077496e+00
5.692638268390143308e-01
1.538541883905773400e+00
1.687405834136143534e+00
0.000000000000000000e+00
2.590513831842040648e+00
1.009267920871551816e+00
0.000000000000000000e+00
1.435472126411584171e+00
0.000000000000000000e+00
1.561744433095537676e-01
1.362313907709997274e+00
1.361300949695539053e+00
0.000000000000000000e+00
9.200353081771955877e-01
1.781354545403494249e+00
1.031852444394485202e+00
5.803750934260375471e-01
4.062795446614198558e-01
1.123430710536757138e+00
3.107264598870419725e+00
0.000000000000000000e+00
1.961140170201232324e+00
1.342635284055001987e+00
0.000000000000000000e+00
0.000000000000000000e+00
0.000000000000000000e+00
3.147717503789363991e-01
1.001275378436541574e+00
5.725127620817143104e-01
0.000000000000000000e+00
0.000000000000000000e+00
3.638593868112067753e-01
0.000000000000000000e+00
1.122756277110445788e+00
4.110318397727197315e-01
3.497788893700963242e-01
6.151569295295554740e-01
2.274658381289491327e-01
5.920487753542232889e-01
4.805950939939344080e-01
2.032977233107600590e+00
1.786991407201675486e+00
6.181492362162449572e-01
4.447431008002073610e-02
6.499000786396667007e-01
3.587433763078337612e-01
6.378446693626480535e-01
0.000000000000000000e+00
5.274075050264827036e-01
3.250701064360214665e-01
4.327023325506028639e-01
0.000000000000000000e+00
2.623216041500122664e+00
1.654937209245382235e+00
9.303980227803988756e-02
1.461208150919131254e+00
3.892317773971544770e-01
5.601876127935431215e-01
6.463735934496471769e-01
9.810390173653597001e-01
0.000000000000000000e+00
2.069646618364843427e+00
0.000000000000000000e+00
0.000000000000000000e+00
1.128341732290766508e+00
