# Ensemble D, m = 300.0, c_n/c_p = 0.948387096774, f = -0.989565217391
# lambda = [  7.82633485e-09  -7.34494391e-09   0.00000000e+00   1.06946076e-09]
#  
0.000000000000000000e+00
0.000000000000000000e+00
2.025982063804078859e+00
0.000000000000000000e+00
0.000000000000000000e+00
0.000000000000000000e+00
0.000000000000000000e+00
1.526377625503684277e-01
6.031287880478554131e-01
2.174315218871745170e-01
0.000000000000000000e+00
8.095917568203802039e-01
1.719731792358560440e+00
1.288424121459758709e+00
5.046814646672349164e-02
0.000000000000000000e+00
6.949518399676075653e-01
1.733088046540637028e-01
9.304166143880675532e-01
2.378751764853778358e-02
0.000000000000000000e+00
1.725142277886534625e+00
9.071089367512350510e-01
1.666908157150331249e+00
1.594596833157051252e+00
0.000000000000000000e+00
7.622619204143024074e-01
4.123257262462446393e-01
0.000000000000000000e+00
0.000000000000000000e+00
4.354151923757854613e-03
0.000000000000000000e+00
0.000000000000000000e+00
9.687441051194988217e-01
2.617262233671947769e+00
0.000000000000000000e+00
0.000000000000000000e+00
7.478909423490818220e-01
6.383201015684751845e-01
0.000000000000000000e+00
0.000000000000000000e+00
0.000000000000000000e+00
5.239599234021919960e-01
2.631500414947916897e-03
0.000000000000000000e+00
0.000000000000000000e+00
6.393215432410090937e-01
8.399950641757552017e-01
0.000000000000000000e+00
0.000000000000000000e+00
3.777186118267550907e-01
1.560891883689058623e+00
0.000000000000000000e+00
5.884644552640805326e-02
9.538056015515562480e-01
0.000000000000000000e+00
7.745297811482969585e-01
1.263902884090544430e-02
0.000000000000000000e+00
6.671193706471619800e-01
0.000000000000000000e+00
0.000000000000000000e+00
1.444012295661504020e+00
7.827057946491751406e-02
0.000000000000000000e+00
1.078657776919685451e+00
0.000000000000000000e+00
2.252504340008406825e+00
3.404028336473027827e-01
0.000000000000000000e+00
0.000000000000000000e+00
0.000000000000000000e+00
1.609918499639315215e+00
2.412740616294217211e-01
0.000000000000000000e+00
0.000000000000000000e+00
0.000000000000000000e+00
0.000000000000000000e+00
0.000000000000000000e+00
3.567627576838424130e-01
0.000000000000000000e+00
6.436835677371351983e-01
1.196959543704073425e+00
0.000000000000000000e+00
1.070924692330761818e+00
0.000000000000000000e+00
0.000000000000000000e+00
0.000000000000000000e+00
0.000000000000000000e+00
9.527905530319050742e-01
4.510240817591116280e-01
7.637767770575872861e-01
0.000000000000000000e+00
4.560445371356303679e-01
0.000000000000000000e+00
1.001816479143283617e-01
2.626329097240116539e+00
6.583497400791582521e-01
0.000000000000000000e+00
9.871513147596008286e-01
