# Ensemble D, m = 300.0, c_n/c_p = 0.858064516129, f = -0.986956521739
# lambda = [  1.06754210e-08  -9.04071907e-09   0.00000000e+00   1.47467339e-09]
#  
1.785235236017884475e+00
4.484000751180804434e-01
4.658361654295946064e-01
0.000000000000000000e+00
2.719860068009518628e-01
0.000000000000000000e+00
0.000000000000000000e+00
1.165100274868348773e+00
5.456046914081151833e-01
6.593853528084415716e-01
0.000000000000000000e+00
1.454922710462466462e+00
0.000000000000000000e+00
3.817756657684250321e-01
7.915275620460440198e-01
1.567659232452246698e+00
3.182802149667696145e-01
7.952815945855144786e-02
1.572168935240923424e-02
0.000000000000000000e+00
0.000000000000000000e+00
4.602412616942383461e-01
1.218807332704944013e+00
3.738266528312758075e-01
0.000000000000000000e+00
8.307499341076085564e-01
1.784899426182433579e+00
0.000000000000000000e+00
0.000000000000000000e+00
8.821962764408516344e-01
1.073898463801449266e+00
1.467320602547895092e+00
1.242191840192839347e+00
8.758179158808488962e-01
0.000000000000000000e+00
8.803167095510322504e-01
0.000000000000000000e+00
0.000000000000000000e+00
3.102310443801293283e-01
0.000000000000000000e+00
1.985414980429698550e+00
1.132809156455496513e+00
1.500604633599190274e+00
1.273667527464815485e+00
0.000000000000000000e+00
1.026189844440253740e+00
1.515105336434255934e+00
0.000000000000000000e+00
2.121385538753071121e+00
0.000000000000000000e+00
4.825021353701512417e-01
1.042155976245612070e+00
1.738325963582086242e+00
0.000000000000000000e+00
3.371321308899224989e-01
4.032079401598187007e-01
0.000000000000000000e+00
0.000000000000000000e+00
1.789146276541411673e+00
1.237344711080553106e+00
0.000000000000000000e+00
1.116537553163937879e+00
2.664154447607012810e-01
3.014157031677297205e+00
0.000000000000000000e+00
1.825847780249830188e-01
1.557212592132598272e-01
1.049396788123200253e+00
1.492905474136310418e-01
0.000000000000000000e+00
1.203889967790723770e+00
0.000000000000000000e+00
0.000000000000000000e+00
8.216142845651938087e-01
1.587313656227900660e+00
0.000000000000000000e+00
6.993226979351800932e-01
8.963116878024784961e-03
2.087117857972726753e-01
0.000000000000000000e+00
0.000000000000000000e+00
0.000000000000000000e+00
0.000000000000000000e+00
0.000000000000000000e+00
5.424476830653701676e-01
0.000000000000000000e+00
7.631445224915437420e-01
0.000000000000000000e+00
3.256754612615500033e-01
2.702391547722093335e-01
0.000000000000000000e+00
1.651407084800025959e+00
0.000000000000000000e+00
0.000000000000000000e+00
4.967810652645992531e-01
1.677077971059932615e+00
1.802711579909482165e+00
8.896251320014972874e-01
0.000000000000000000e+00
1.344116136408686435e+00
