# Ensemble D, m = 300.0, c_n/c_p = 0.741935483871, f = -0.952857142857
# lambda = [  9.51368278e-09  -6.72577915e-09   0.00000000e+00   2.14169684e-09]
#  
1.997186556518282252e+00
9.998681562244338128e-01
0.000000000000000000e+00
2.366722035967000828e-02
0.000000000000000000e+00
2.035122541286778386e+00
2.633280019563728480e+00
0.000000000000000000e+00
7.588199063658419563e-01
1.675789058693924194e-01
4.980963126342689007e-01
0.000000000000000000e+00
9.524173311035059875e-02
5.547844063984584961e-01
2.823104929660481544e-01
1.361863641254280166e+00
1.065983951868640478e+00
0.000000000000000000e+00
1.374615987025774366e+00
6.870642037184568340e-02
0.000000000000000000e+00
0.000000000000000000e+00
2.795884493887111355e-01
8.550664757944215211e-01
1.513890153341866107e-01
5.637686858809121127e-01
2.171864902711178047e-01
1.395758998153115611e-02
8.026191480692960178e-01
1.564256901777467457e+00
7.192908041045340539e-01
1.358522567746176524e+00
0.000000000000000000e+00
2.170927221606773483e-02
8.879916746979080872e-03
8.204511316164913026e-01
0.000000000000000000e+00
0.000000000000000000e+00
3.234078740517769002e-01
1.274430801932064927e-01
0.000000000000000000e+00
0.000000000000000000e+00
2.202936268395849773e+00
8.876276299931286362e-02
2.561670260165503990e-02
2.284448728219812957e-02
4.257555719616949730e-02
1.190775427475532666e+00
0.000000000000000000e+00
4.304324271061851781e-02
1.749755274320840659e+00
1.682103229125681276e-01
3.238439786035154810e+00
1.015957064299989332e-01
3.102771825797311922e-01
0.000000000000000000e+00
0.000000000000000000e+00
3.105916921894307681e+00
0.000000000000000000e+00
1.855383389675631933e-01
6.913134990988741846e-01
1.456335224297242936e+00
1.875747351316720823e-01
0.000000000000000000e+00
0.000000000000000000e+00
0.000000000000000000e+00
0.000000000000000000e+00
1.699980993416682740e+00
1.249838234287679484e+00
1.362857339584059857e-01
1.764149716349267677e-02
7.424883012480073541e-01
1.837626630369975644e-01
0.000000000000000000e+00
1.965831869993188985e-01
2.619797619180060377e-01
1.222678958920729864e-01
1.927635120656378653e+00
0.000000000000000000e+00
0.000000000000000000e+00
0.000000000000000000e+00
0.000000000000000000e+00
9.684056531488065556e-01
0.000000000000000000e+00
0.000000000000000000e+00
9.310078254144856791e-01
1.163496862743876648e+00
1.473672807402174989e+00
0.000000000000000000e+00
1.809385572296978495e+00
1.001255609247848399e+00
9.331272254510064590e-01
9.919696748066829661e-01
1.790421618673874171e-01
0.000000000000000000e+00
8.947945639246138172e-02
0.000000000000000000e+00
0.000000000000000000e+00
0.000000000000000000e+00
0.000000000000000000e+00
