# Ensemble D, m = 300.0, c_n/c_p = 0.690322580645, f = -0.986956521739
# lambda = [  1.89733632e-08  -1.29269009e-08   0.00000000e+00   2.10856644e-09]
#  
0.000000000000000000e+00
2.017665054676893277e+00
2.311572101828870629e+00
3.657025543693328152e-03
1.298688799322335274e+00
0.000000000000000000e+00
1.437168731074710326e+00
2.075627104253129573e+00
3.427701246501928534e-01
1.377891504556572055e+00
3.496687783572582031e+00
7.683917844875296499e-01
2.487507489146555617e+00
8.084498584142500999e-01
2.815287448359012346e-01
1.966761627222949338e+00
1.350940140765350961e+00
0.000000000000000000e+00
3.681504430993978172e+00
2.472301310077070102e+00
6.793602162173044690e-01
1.001814108276223525e+00
1.110241409316967243e+00
3.340685950814687111e+00
2.185484507154266343e+00
0.000000000000000000e+00
8.472235109432019184e-01
2.133038439736600456e+00
1.024252934460474274e+00
1.917316246493019793e+00
1.527399718098043091e-01
1.730509243347673420e+00
3.173374988552808418e+00
1.129764777095952688e+00
8.238934486737138352e-01
1.256467623726477356e+00
1.152202960172307833e+00
8.317869064357681363e-01
1.702811259809430267e-01
4.705914447369669573e-01
2.178687932864374677e+00
0.000000000000000000e+00
8.486836421480492207e-03
2.196099487082558976e+00
0.000000000000000000e+00
0.000000000000000000e+00
2.403699283631726136e+00
1.968515983119893731e+00
8.981021813260906539e-01
8.941963206115073337e-01
0.000000000000000000e+00
6.507964119051576901e-01
1.608914791370214203e+00
2.013737090444082334e+00
6.935855089875277990e-01
1.577530411063732263e+00
4.832497790056099474e-01
6.152809289484075794e-01
5.321094731926706567e-01
2.153245321654635891e+00
1.380527617984415034e+00
3.055766265002848314e-01
2.185841546504620148e+00
3.561117717012258765e+00
2.107154068725824558e+00
2.550610231584023335e+00
2.136014929779925353e+00
1.212129949335742252e+00
8.812823841960208959e-01
2.992745086207736716e+00
6.193181966165205443e-01
2.789258663653871206e+00
0.000000000000000000e+00
1.835408847254767162e+00
3.777524003975151756e-01
1.698061305275975652e+00
8.382931140095001288e-01
3.566866530042621886e+00
1.156239973035634305e-01
9.688718945474957822e-01
5.700374023963316050e-01
1.850940500034503389e+00
1.089472557872583014e+00
1.675040429135349562e+00
1.520622365244818752e+00
1.236018129412540301e+00
5.788919335821309797e-01
2.026251252790355062e-01
2.974826199136037186e+00
3.843539748000615930e+00
2.570365302546073316e+00
1.917630354324983744e+00
2.294925298459969676e-01
1.760336272427981852e+00
0.000000000000000000e+00
1.099280004265266397e+00
2.972896174974954508e+00
9.028904710680907275e-01
4.458786006767063159e-01
1.150261178388225725e+00
