# Ensemble D, m = 300.0, lambda = [  2.88527133e-08  -2.17246970e-08   0.00000000e+00   1.53905529e-09]
3.038125309521126027e+00
1.630959345488166790e+00
3.721811160092526549e+00
3.360952470487421628e+00
2.473793383276824187e+00
2.492497632570263910e+00
2.616578244965819700e+00
2.395815865282529433e+00
0.000000000000000000e+00
2.416915634875709262e+00
2.225959512698880260e+00
2.883018593569631971e+00
3.051870343127170315e+00
3.271941292356411957e+00
2.923961202478558175e+00
1.741505584088177017e+00
6.228882955158113743e-01
2.994236034673242397e+00
3.142904247933635986e+00
2.888179439314078056e+00
2.671949040179828039e+00
2.531607214312509679e+00
3.408319580632040324e+00
3.439806669119335858e+00
1.913139775578698742e+00
2.758305142525768083e+00
3.203278992496635613e+00
2.684843107710708665e+00
2.674583437077502346e+00
2.359826422113775912e+00
2.555880158402707103e+00
3.040891552500199158e+00
2.590584302986247867e+00
3.323184031513793268e+00
2.316568988004313656e+00
2.010375352110460145e+00
1.505878284696221536e+00
1.963248950047738361e+00
3.437321629885214946e+00
2.043417412763405938e+00
2.937232931248054957e+00
2.724077706404181676e+00
3.433360898914413539e+00
3.211985863694305721e+00
3.617262909137268778e+00
3.199440994349535661e+00
1.266928950334827775e+00
1.618925441353309846e+00
7.447031972522206722e-01
4.133798921934718429e+00
1.496229882489414464e+00
2.268545880535665304e+00
1.405924403711237947e+00
2.062617063704268006e+00
3.047980629020985877e+00
2.924385574749836181e+00
3.136245692270939855e+00
3.554968795141841831e+00
2.921927655021526071e+00
2.797118947804328570e+00
3.272110666615404284e+00
1.630486407882221878e+00
5.897383238595911292e-01
1.978913634923527232e+00
2.573452106445859755e+00
5.569316204044567620e-01
2.604940363974908912e+00
1.850559189127337634e+00
1.129877638945573137e+00
2.728465863752768783e+00
1.791641787960380316e+00
3.219278177193757529e+00
3.603046998009839630e+00
1.571390707418646393e+00
2.407053656057128954e+00
3.631697757710256713e+00
1.925062821147162095e+00
2.837357600012271330e+00
4.090043361256711307e+00
3.093418338894069475e+00
2.110071627230338365e+00
1.081493822930986948e+00
2.206705344688292936e+00
2.473873187806721941e+00
2.089360273845947802e+00
8.915616722776718017e-01
3.022946525604363721e+00
1.730902020319252221e+00
3.096158419340401036e+00
2.405382695374223445e+00
2.333888770338175878e+00
3.867686540522306871e+00
2.917535172007971411e+00
8.515608887630947699e-01
2.183625092136924017e+00
3.024024338584843541e+00
3.480161051436391872e+00
2.614027722866055559e+00
2.433512433334998448e+00
1.734304501440665280e+00
