# Ensemble D, m = 300.0, c_n/c_p = 0.703225806452, f = -0.99347826087
# lambda = [  2.67038732e-08  -1.86563820e-08   0.00000000e+00   2.14119648e-09]
#  
1.782530178420586253e+00
2.493221095791147146e+00
2.402720960678030870e+00
2.136708150518274341e+00
3.071145428791226095e+00
2.505498925784966247e+00
2.486295755253178363e+00
2.431826219928924004e+00
2.900485755626363016e+00
2.067553702001624583e+00
1.689436255586818758e+00
1.511101240923002687e+00
1.547076279673445409e+00
3.003135027474696184e+00
2.031864181077643661e+00
3.451540562694577208e+00
2.268908030448626434e+00
2.179220930224672781e+00
9.300119078501428715e-01
8.461746998369461537e-01
2.802529497944423298e+00
4.097403510421971928e-01
2.527888600450502565e+00
2.519524896847256556e+00
3.959673369500632756e+00
4.277507777616402329e+00
2.804066651191671866e+00
1.907041156426018347e+00
1.080406172512546226e+00
4.443184319711415142e+00
9.051899845788100585e-01
2.068712617868303738e+00
1.746712643475798910e+00
2.943920141778188615e+00
3.851884009047609858e+00
1.911911305458803501e+00
3.268493710320039103e+00
1.781515285551520611e+00
2.795610328182625448e+00
2.101866013912331965e+00
1.237215237947271618e+00
4.684868361617517962e-01
2.637650292621128489e+00
3.206241131625888752e+00
2.684433364793330945e+00
1.584734400858922143e+00
2.512418884753538251e+00
2.175274083126978120e+00
1.219012182380541987e+00
2.563203671669683548e+00
1.734044362906355552e+00
1.036745160089805662e+00
1.135176207866321452e+00
1.275455710744223925e+00
2.666420177673718417e+00
1.698969141622889811e+00
5.036548364723688609e-01
3.008624517062080006e+00
3.881810255243158370e+00
2.403106723899605779e+00
4.668708794342353308e+00
9.541046756479578672e-01
2.461056368537871908e+00
1.285188577458804771e+00
2.644825391910016421e+00
2.947787853696313132e+00
5.722871155419239075e-01
2.208318833096979628e+00
2.860445236782741318e+00
1.679602688532333410e+00
3.065614550659113480e+00
1.795557637866043610e+00
2.867616864178391900e+00
1.692029491399475338e+00
1.798410009901980411e+00
2.713895269153310696e+00
2.697531009628808096e+00
2.641314215586154646e+00
3.638473374766686419e+00
2.729406901642638772e+00
3.988890881354564488e+00
2.740329973734106694e+00
1.720739719917653954e+00
3.448366609237983216e+00
2.724927739243256042e+00
1.539080965841212123e+00
1.991161484115762326e+00
2.660009903325108560e+00
2.435013166540259899e+00
2.151273716596608043e+00
2.728899432803657987e+00
2.943728627807002063e+00
1.000938848331616393e+00
2.823070007576414131e+00
2.036092064034363602e+00
1.828507005053620738e+00
2.879810547265085674e+00
1.832417937561821919e+00
3.506586691679303591e+00
2.986303383405122691e+00
