# Ensemble D, m = 300.0, c_n/c_p = 0.858064516129, f = -0.980434782609
# lambda = [  9.76608549e-09  -8.21597624e-09   0.00000000e+00   1.64954085e-09]
#  
0.000000000000000000e+00
3.228311893767841778e-01
2.922569313557985993e+00
1.550555816310367208e+00
3.234500209320971820e-01
1.368856414439855396e+00
6.752523370388680002e-01
2.059825756838990496e-01
1.033504507429516828e+00
0.000000000000000000e+00
1.071272149314218103e+00
5.082925041529792187e-01
1.646448735197265645e+00
0.000000000000000000e+00
0.000000000000000000e+00
9.011198318680201796e-03
0.000000000000000000e+00
1.185470191337788748e+00
5.763361310295325168e-01
1.193313340184666727e+00
0.000000000000000000e+00
0.000000000000000000e+00
0.000000000000000000e+00
8.692086646050464216e-01
2.098431107595153527e-02
0.000000000000000000e+00
9.467283723648002303e-01
3.008697889696319017e-01
1.095016646338336619e+00
9.530506191119335613e-01
9.363318040872949943e-01
9.249761248582295814e-02
3.216157369093841090e-01
0.000000000000000000e+00
2.127649562873928230e-02
1.122764928420098896e+00
4.662974317884923531e-02
2.205764100612808698e-01
7.164640933534682787e-01
9.753446519668756975e-01
0.000000000000000000e+00
3.551132823349835710e-01
2.765899828149982476e-01
0.000000000000000000e+00
3.169959253750286310e-01
6.170838996347303151e-01
0.000000000000000000e+00
4.435524538778964909e-01
5.596719264105771696e-01
1.893516395104558603e+00
2.096666740101674975e+00
6.183629342994280131e-01
0.000000000000000000e+00
1.885112097192338965e+00
0.000000000000000000e+00
9.403445026626728459e-03
0.000000000000000000e+00
7.546175158681660555e-01
0.000000000000000000e+00
0.000000000000000000e+00
0.000000000000000000e+00
1.592402466447122134e+00
1.402784400630122885e+00
0.000000000000000000e+00
0.000000000000000000e+00
0.000000000000000000e+00
0.000000000000000000e+00
5.258377581550680580e-01
9.973706739680818917e-03
3.857401729520572031e-01
1.312181489101215570e+00
3.911271424142611086e-01
1.672823337113885922e-01
0.000000000000000000e+00
1.741392935416914201e+00
5.492443344334392297e-01
4.394282346620544955e-01
0.000000000000000000e+00
0.000000000000000000e+00
1.649866346597078426e+00
0.000000000000000000e+00
1.251160427258246166e+00
1.171924823295409368e+00
2.879715311342461614e+00
0.000000000000000000e+00
4.469393924276371943e-01
0.000000000000000000e+00
0.000000000000000000e+00
1.548142706809604308e+00
7.507557899290435710e-01
2.105518120012717986e+00
0.000000000000000000e+00
1.396170681674700376e+00
1.740474062931192778e+00
8.376617335703393508e-01
0.000000000000000000e+00
8.193629613358429653e-01
1.051366949005544948e-01
1.761142403067224249e+00
0.000000000000000000e+00
