# Ensemble D, m = 300.0, c_n/c_p = 0.677419354839, f = -0.97
# lambda = [  1.25642964e-08  -8.25595863e-09   0.00000000e+00   2.06913827e-09]
#  
4.331467720182014536e-01
1.734105338312686984e+00
9.408888055888692259e-02
0.000000000000000000e+00
0.000000000000000000e+00
3.638789170291275021e-01
0.000000000000000000e+00
1.144018446960166857e+00
1.671317903048300746e+00
0.000000000000000000e+00
0.000000000000000000e+00
1.502560749128184214e-01
1.804725006824769107e+00
0.000000000000000000e+00
3.765136049223820058e-01
6.154542405931734406e-01
1.889862907528044200e+00
4.259682830542566578e-01
3.016012797005505619e-01
1.006227459172426508e+00
2.112356280340776049e+00
0.000000000000000000e+00
1.816304517961132348e+00
2.283613010143850985e+00
4.121253135846729698e-01
1.826096019372275725e+00
0.000000000000000000e+00
2.527980209858057936e+00
1.120883215348728555e-02
5.544655586293517624e-02
0.000000000000000000e+00
0.000000000000000000e+00
0.000000000000000000e+00
3.130466205075871922e-01
1.947414458686402838e-01
0.000000000000000000e+00
1.068370518126255941e+00
1.334853138564456865e+00
2.432997050931154259e+00
1.991753483429579627e-02
0.000000000000000000e+00
9.762867902348102422e-01
1.799267706806828571e+00
1.902382567962653148e+00
5.343306731538227661e-01
7.863322261264180657e-01
2.067651957836640630e-01
6.008200809248371854e-01
4.485678962667102865e-01
0.000000000000000000e+00
2.099993605780799300e+00
1.349729112044966817e+00
2.104429186926390916e+00
1.602421369615288693e+00
0.000000000000000000e+00
1.855920490910451193e+00
2.060481008117033497e+00
1.328694780492689187e+00
0.000000000000000000e+00
1.470899841933573038e+00
0.000000000000000000e+00
0.000000000000000000e+00
0.000000000000000000e+00
8.753919961288417761e-01
0.000000000000000000e+00
0.000000000000000000e+00
7.170090906807646824e-01
1.019871733058169028e+00
7.749672190281957640e-01
8.735496371433896234e-01
5.208452797257862033e-01
0.000000000000000000e+00
1.142564816402500627e+00
2.308622606186201853e+00
9.832572457057363602e-01
1.317679106546330470e+00
1.778289394461594508e+00
2.472609558477245895e-01
2.499822588346615415e+00
1.131059352082362413e+00
0.000000000000000000e+00
0.000000000000000000e+00
1.644694814580262454e+00
3.838607405250696880e-01
2.030220301421253204e+00
1.592706606954979343e+00
1.288575457372432620e+00
1.202445349678941566e+00
8.704318389722205396e-01
4.294776731503704426e-01
0.000000000000000000e+00
0.000000000000000000e+00
0.000000000000000000e+00
5.315584556212507583e-02
0.000000000000000000e+00
2.714277933463113524e+00
0.000000000000000000e+00
1.128576074636593145e-02
4.594532925668590173e-01
3.973538837034407689e-01
