# Ensemble D, m = 300.0, c_n/c_p = 0.896774193548, f = -1.0
# lambda = [  1.09598067e-08  -9.82847185e-09   0.00000000e+00   0.00000000e+00]
#  
0.000000000000000000e+00
0.000000000000000000e+00
0.000000000000000000e+00
0.000000000000000000e+00
7.336544409674868872e-01
0.000000000000000000e+00
1.713881589905299485e+00
1.246153875869064231e+00
7.316874215996898023e-01
0.000000000000000000e+00
3.204025883438595956e-01
1.553948412438530990e+00
9.155975987022505480e-01
0.000000000000000000e+00
0.000000000000000000e+00
5.539475089992355050e-01
1.194468580589578721e+00
0.000000000000000000e+00
3.993083715760232383e-02
0.000000000000000000e+00
9.177032024457856263e-01
1.853015014028808541e-02
2.122464935955655996e+00
0.000000000000000000e+00
4.720645377459196657e-01
1.579394674501076457e-01
7.130310370539159059e-01
0.000000000000000000e+00
4.972804261871214271e-01
0.000000000000000000e+00
0.000000000000000000e+00
0.000000000000000000e+00
0.000000000000000000e+00
0.000000000000000000e+00
0.000000000000000000e+00
0.000000000000000000e+00
0.000000000000000000e+00
5.104816756487918772e-01
5.231711743854509100e-01
0.000000000000000000e+00
1.241692407494328493e-01
1.224462903059807782e-02
9.790994521976111864e-01
0.000000000000000000e+00
7.120547608290014319e-01
2.679173276235042866e-01
0.000000000000000000e+00
4.807599033816604694e-01
0.000000000000000000e+00
1.895417765343478500e+00
0.000000000000000000e+00
0.000000000000000000e+00
7.078682789957665422e-01
5.404904848479747947e-01
7.002752274470187555e-01
0.000000000000000000e+00
0.000000000000000000e+00
7.589676231069697465e-01
0.000000000000000000e+00
0.000000000000000000e+00
1.359613918754686290e-01
0.000000000000000000e+00
0.000000000000000000e+00
9.384782613994647749e-01
9.442815215798985307e-01
1.429527464685375726e+00
1.046558589628408642e+00
0.000000000000000000e+00
2.187450010547426604e+00
0.000000000000000000e+00
0.000000000000000000e+00
0.000000000000000000e+00
9.077834038402351480e-01
0.000000000000000000e+00
1.310673231836778196e+00
0.000000000000000000e+00
0.000000000000000000e+00
1.441534088782854717e+00
0.000000000000000000e+00
6.837802996487405416e-01
0.000000000000000000e+00
3.028616056289485381e-01
0.000000000000000000e+00
8.355722110705242622e-01
2.656998565360341180e-01
0.000000000000000000e+00
0.000000000000000000e+00
0.000000000000000000e+00
0.000000000000000000e+00
0.000000000000000000e+00
1.056644635563490642e+00
1.413698152636697625e+00
2.572783839694762764e-01
0.000000000000000000e+00
3.620899025701084795e-01
0.000000000000000000e+00
2.554223097805450315e+00
9.389641612389866276e-01
5.952825247350979065e-01
5.037575822432595052e-01
