# Ensemble D, m = 300.0, lambda = [  7.14745794e-09  -6.88467358e-09   0.00000000e+00   1.04150945e-09]
1.680449480648172234e+00
2.980446306381597243e-01
1.509711886104997403e-01
0.000000000000000000e+00
4.265394990893489266e-03
0.000000000000000000e+00
0.000000000000000000e+00
0.000000000000000000e+00
6.469093936806681322e-01
0.000000000000000000e+00
0.000000000000000000e+00
0.000000000000000000e+00
0.000000000000000000e+00
0.000000000000000000e+00
0.000000000000000000e+00
0.000000000000000000e+00
0.000000000000000000e+00
0.000000000000000000e+00
0.000000000000000000e+00
1.444790282481286159e+00
0.000000000000000000e+00
0.000000000000000000e+00
0.000000000000000000e+00
0.000000000000000000e+00
0.000000000000000000e+00
2.503091646587836672e-01
9.890368469937530493e-01
4.452634470231061625e-01
7.785282786300002922e-01
1.372867116770022378e+00
0.000000000000000000e+00
0.000000000000000000e+00
1.517567322393387208e+00
0.000000000000000000e+00
5.443807851913593510e-01
0.000000000000000000e+00
0.000000000000000000e+00
0.000000000000000000e+00
0.000000000000000000e+00
0.000000000000000000e+00
2.901687597036532451e-01
0.000000000000000000e+00
0.000000000000000000e+00
0.000000000000000000e+00
0.000000000000000000e+00
0.000000000000000000e+00
0.000000000000000000e+00
1.056917243930187711e+00
0.000000000000000000e+00
0.000000000000000000e+00
0.000000000000000000e+00
0.000000000000000000e+00
9.245158287930167473e-01
0.000000000000000000e+00
8.605849013071810438e-02
2.089398288605053278e+00
0.000000000000000000e+00
1.504792275901992715e-01
0.000000000000000000e+00
1.651880997151387032e+00
3.509269040491649339e-01
0.000000000000000000e+00
0.000000000000000000e+00
0.000000000000000000e+00
1.445908372602221270e+00
0.000000000000000000e+00
0.000000000000000000e+00
0.000000000000000000e+00
3.100212239922976454e-01
0.000000000000000000e+00
0.000000000000000000e+00
7.286379955229205230e-01
0.000000000000000000e+00
0.000000000000000000e+00
0.000000000000000000e+00
9.825857187850636221e-01
7.851005555477793552e-01
0.000000000000000000e+00
7.337392964109480387e-01
4.927531640199922514e-01
0.000000000000000000e+00
0.000000000000000000e+00
0.000000000000000000e+00
0.000000000000000000e+00
4.201357956101164359e-01
1.157558184937211632e+00
4.089435306014684857e-01
3.813454999632403530e-01
0.000000000000000000e+00
1.091130915528254697e+00
0.000000000000000000e+00
0.000000000000000000e+00
0.000000000000000000e+00
3.816523098115307544e-01
0.000000000000000000e+00
0.000000000000000000e+00
0.000000000000000000e+00
0.000000000000000000e+00
0.000000000000000000e+00
0.000000000000000000e+00
