# Ensemble D, m = 300.0, c_n/c_p = 0.741935483871, f = -0.97
# lambda = [  1.18165957e-08  -8.50413709e-09   0.00000000e+00   2.13133766e-09]
#  
0.000000000000000000e+00
1.270660588115823109e-01
1.970015095869136257e+00
7.936473762137205012e-01
6.388777976554836646e-02
7.219379617657561976e-01
0.000000000000000000e+00
3.299989262199179763e+00
2.441209117411002882e-01
0.000000000000000000e+00
1.315261404382884969e+00
1.667892953575932147e+00
0.000000000000000000e+00
3.150569998081165224e-01
4.762817271009298081e-01
0.000000000000000000e+00
6.490821800378332451e-01
8.494328358031443260e-01
1.022431049532322861e-01
1.061521393667376467e-01
9.229242000426976511e-02
1.056980886404026987e-02
1.653087991745867180e+00
0.000000000000000000e+00
0.000000000000000000e+00
1.016469788788473411e-01
7.128510240642152440e-02
5.483310833099118708e-01
1.092701974201200910e-01
1.325382816133705788e+00
1.200152167106670609e+00
0.000000000000000000e+00
0.000000000000000000e+00
1.345906734237388935e+00
0.000000000000000000e+00
1.383089519989620708e+00
1.141896537134417383e-01
0.000000000000000000e+00
4.761504867179627148e-02
3.133073294990748603e-01
1.263638574980082696e-01
2.500721945117640566e+00
1.680696103174004197e+00
1.100274159404164065e+00
2.506620188908083580e-01
4.758606481175960967e-01
1.589451376230401891e-01
1.382704657001478044e+00
6.654998464124846080e-01
3.752967142108939048e-03
3.656003570914148626e-01
6.747661955167487055e-03
2.338023294911634853e+00
1.018564561353722420e+00
0.000000000000000000e+00
1.836008208960051125e+00
0.000000000000000000e+00
3.559673659648665556e-02
1.322861377650558667e+00
0.000000000000000000e+00
1.897160578432574241e+00
1.486897055594436523e+00
7.857715558901405550e-02
3.252220360752162975e-02
0.000000000000000000e+00
2.096703020397148176e+00
4.057168749302469402e-01
0.000000000000000000e+00
1.637726871231494963e+00
0.000000000000000000e+00
1.523568627027734657e+00
0.000000000000000000e+00
6.431093435987129681e-01
1.534496150516383509e-02
8.618103232790423895e-01
8.650421978401084955e-01
4.121082762232789465e-01
3.236791397324828568e-01
5.477539257609836953e-01
5.086326127988006762e-01
0.000000000000000000e+00
0.000000000000000000e+00
4.147997927807720586e-01
6.080329270692443888e-01
6.808918488801450619e-02
0.000000000000000000e+00
9.396000956921540803e-02
5.282689992986876470e-01
0.000000000000000000e+00
0.000000000000000000e+00
8.677780343848722211e-01
1.177289840521468095e-01
4.345650719476677748e-02
2.312624207363767892e-01
0.000000000000000000e+00
1.687622529201374899e+00
1.575488275139904359e-01
1.382303631347665540e+00
1.214373679629917158e+00
6.730674152514621866e-01
