# Ensemble D, m = 300.0, c_n/c_p = 0.858064516129, f = -0.957142857143
# lambda = [  7.76329804e-09  -6.37592156e-09   0.00000000e+00   1.92925251e-09]
#  
0.000000000000000000e+00
2.801992179301691088e-01
8.395820319043159063e-01
0.000000000000000000e+00
0.000000000000000000e+00
1.020113069396452854e+00
0.000000000000000000e+00
0.000000000000000000e+00
2.936942302177036335e-01
4.494992939502635565e-01
0.000000000000000000e+00
0.000000000000000000e+00
1.645526702690897736e+00
0.000000000000000000e+00
0.000000000000000000e+00
2.831131756305267366e-01
6.683062961225113563e-01
4.226192190999724652e-01
0.000000000000000000e+00
1.756091410891292171e+00
0.000000000000000000e+00
0.000000000000000000e+00
0.000000000000000000e+00
3.406555336155151492e-01
2.799042697353958942e-01
1.376892647679067438e-01
0.000000000000000000e+00
2.473249067291246384e+00
1.321945897140303951e-02
0.000000000000000000e+00
0.000000000000000000e+00
2.009149251240834322e-01
0.000000000000000000e+00
0.000000000000000000e+00
0.000000000000000000e+00
0.000000000000000000e+00
1.161585581002828327e-01
1.196753167669774992e-01
5.809625942501532858e-01
0.000000000000000000e+00
1.210950266328310487e+00
8.321330200361561902e-01
2.931962732253311499e-01
0.000000000000000000e+00
1.529967145915209326e+00
0.000000000000000000e+00
1.388771177380122790e+00
8.659027445975461257e-01
0.000000000000000000e+00
6.599749679854663986e-01
1.274900121326332680e+00
3.211419022056231642e-01
5.540907340328736774e-01
1.961203275685804159e-01
1.073226207658472875e+00
0.000000000000000000e+00
6.746816757634545303e-02
1.983687166552826397e+00
1.023312655739173849e+00
8.249456811735000894e-03
1.443007410177937988e+00
2.402408309447701562e+00
9.095324955372100506e-01
9.869420753273620006e-01
6.473236425120256765e-01
2.848923985812388815e-01
1.901723461216527467e+00
2.331330654672032210e-01
6.054335588036094395e-02
3.907598183761382127e-01
0.000000000000000000e+00
1.094519809170591218e+00
7.168836223928739537e-01
0.000000000000000000e+00
1.530006107484636724e+00
3.634654990653874429e-01
6.324264911003495415e-01
0.000000000000000000e+00
2.807665644362288826e-01
6.301459757145184692e-01
0.000000000000000000e+00
8.389792961417321671e-01
3.755750661249626643e-01
1.712817318201053762e+00
0.000000000000000000e+00
2.231454234593187591e-01
8.822012218062325051e-01
1.786127281683895784e-01
1.222048816126330290e-01
9.355647305776436662e-01
4.114185939263772518e-01
1.124310838259753087e+00
1.428045881227839153e+00
1.521856670628709551e+00
2.171052422455150288e-01
2.890864885400923900e-01
6.739132794964061146e-01
1.451025365113160825e+00
1.507898127631869187e-02
3.347401741219752092e-03
