# Ensemble D, m = 300.0, lambda = [  1.21543692e-08  -1.01825188e-08   0.00000000e+00   1.35593522e-09]
1.932050782727341154e-01
0.000000000000000000e+00
2.748995404694429379e+00
1.012518635019971747e+00
0.000000000000000000e+00
1.155721473228075613e+00
0.000000000000000000e+00
0.000000000000000000e+00
5.595981955674278474e-02
1.207645372866652966e+00
0.000000000000000000e+00
1.649251504362638510e-01
3.405374770583796007e+00
0.000000000000000000e+00
0.000000000000000000e+00
2.655228906138313860e-01
2.593577979542840417e+00
1.321332317480716112e+00
2.190301928036974655e+00
1.177320681181643014e+00
2.056176809407012751e+00
0.000000000000000000e+00
3.025016910711206264e-01
0.000000000000000000e+00
1.881707501932157856e+00
2.402418823186643237e+00
0.000000000000000000e+00
0.000000000000000000e+00
0.000000000000000000e+00
6.173765518375227135e-01
0.000000000000000000e+00
0.000000000000000000e+00
2.196536830452580968e+00
0.000000000000000000e+00
0.000000000000000000e+00
0.000000000000000000e+00
5.236178351301196132e-01
0.000000000000000000e+00
6.422632177119886876e-01
1.291512651544028112e-01
2.686263879756133344e-01
1.523792510460509231e+00
2.054576868802051870e-01
1.072915846552141735e-02
0.000000000000000000e+00
2.858822010040901418e+00
2.433960470422788236e-01
3.049961706716336263e+00
2.425964659431498305e+00
3.401531583217318744e-01
0.000000000000000000e+00
0.000000000000000000e+00
2.418085392388532318e-01
1.428821006306639552e+00
0.000000000000000000e+00
1.080181415127249300e+00
0.000000000000000000e+00
0.000000000000000000e+00
4.823277305714891022e-02
0.000000000000000000e+00
0.000000000000000000e+00
2.033170093143376711e+00
1.514212224429174691e+00
6.578821758572931389e-01
2.233747173006915207e-02
2.577505541078272344e+00
0.000000000000000000e+00
1.424407355817687737e+00
8.944722605881367805e-01
1.101256287178057791e+00
2.171455793394110323e-01
2.321497104216298180e+00
1.048232097746914393e+00
4.035620307592635014e-01
1.076180043820297749e+00
1.236305041187947928e+00
0.000000000000000000e+00
2.203178128086746845e+00
7.996787367262609969e-01
2.486076311073363021e-01
0.000000000000000000e+00
5.173738044764144561e-01
1.787119670245274961e+00
2.649582893978939868e+00
0.000000000000000000e+00
0.000000000000000000e+00
6.006568892516434000e-01
8.376921306838844283e-02
1.631695357972272609e+00
1.944555461271936861e-02
7.809730687509411906e-01
0.000000000000000000e+00
7.849388954105732674e-01
0.000000000000000000e+00
7.090611695885892241e-01
0.000000000000000000e+00
3.650814934176598747e+00
0.000000000000000000e+00
0.000000000000000000e+00
2.440972176422979700e+00
