# Ensemble D, m = 300.0, lambda = [  8.95177899e-09  -5.59168543e-09   0.00000000e+00   2.02951081e-09]
0.000000000000000000e+00
2.015878879313619088e+00
4.226231486173960897e-03
1.371516757407063025e+00
1.362613479029324948e+00
2.406897203833019416e-01
0.000000000000000000e+00
8.745569327805526871e-01
2.748368428915777262e-01
0.000000000000000000e+00
1.781866555163432508e+00
4.888222845180626580e-02
0.000000000000000000e+00
1.938517926832940969e-02
8.045616076712067688e-01
0.000000000000000000e+00
1.756242267392364109e+00
1.392437328388686169e+00
3.075916854294056257e+00
0.000000000000000000e+00
0.000000000000000000e+00
7.944858062772485185e-01
1.265176091959895228e-03
3.230895750139077816e-01
0.000000000000000000e+00
0.000000000000000000e+00
0.000000000000000000e+00
0.000000000000000000e+00
0.000000000000000000e+00
7.551613453893029071e-01
1.469409297202880715e+00
0.000000000000000000e+00
1.711818948626204318e+00
0.000000000000000000e+00
7.950766055417950451e-01
9.779465622155705806e-02
0.000000000000000000e+00
0.000000000000000000e+00
1.052205688748584445e+00
0.000000000000000000e+00
0.000000000000000000e+00
0.000000000000000000e+00
0.000000000000000000e+00
0.000000000000000000e+00
0.000000000000000000e+00
0.000000000000000000e+00
0.000000000000000000e+00
0.000000000000000000e+00
7.522931878977655307e-02
1.668519369702306521e-01
3.380117147161795961e-03
0.000000000000000000e+00
2.099838713848176663e+00
0.000000000000000000e+00
8.386824736327751495e-01
3.140169649637558624e-02
0.000000000000000000e+00
0.000000000000000000e+00
0.000000000000000000e+00
1.464609597936111562e+00
8.283436394501909605e-01
0.000000000000000000e+00
2.262648595139865826e+00
1.348227263222928851e+00
0.000000000000000000e+00
0.000000000000000000e+00
1.508265843827464037e-01
9.916088779805802556e-02
1.113398875340676719e+00
0.000000000000000000e+00
6.225723477533363220e-02
1.311114521112716425e+00
6.766982976489059609e-02
8.259735024405798209e-02
1.700078902953120918e+00
0.000000000000000000e+00
4.716146912388861634e-01
1.285923774784780982e-01
0.000000000000000000e+00
3.106261837217226453e-03
2.696764109734040363e-03
0.000000000000000000e+00
0.000000000000000000e+00
0.000000000000000000e+00
0.000000000000000000e+00
0.000000000000000000e+00
2.124082729642614020e-01
2.553910480487040502e-01
2.120959040308032784e-01
0.000000000000000000e+00
0.000000000000000000e+00
3.374933111725989532e-01
1.642798500028688879e+00
1.829946124994567214e+00
0.000000000000000000e+00
0.000000000000000000e+00
2.175866446418197372e-03
7.962762707195778500e-01
0.000000000000000000e+00
2.989506331131745465e-01
