# Ensemble D, m = 300.0, c_n/c_p = 0.832258064516, f = -0.988260869565
# lambda = [  1.21966764e-08  -1.00316210e-08   0.00000000e+00   1.55079418e-09]
#  
1.262391407389541254e+00
8.887510053298101065e-01
9.912901033143219909e-01
1.308346072664836157e+00
2.467493518483810100e-01
1.892064780080822128e+00
4.730761275265425447e-01
0.000000000000000000e+00
6.902200075327558082e-01
8.295318615247989150e-03
1.131752380831063221e+00
1.581896854340459457e+00
1.671599231957476173e+00
1.454683360191425662e-02
9.530344513692665664e-01
1.001347365991007043e+00
0.000000000000000000e+00
9.921006849114154535e-01
1.391561695798867682e+00
7.181228925486188297e-01
1.563856542947773987e+00
2.415251585246225297e+00
9.376058938052688196e-01
7.738876761483786115e-01
0.000000000000000000e+00
5.988876025069088671e-01
9.001266459903221051e-01
7.767345695606303613e-01
1.092206870650543227e+00
1.042554750342856940e+00
1.051191257599061402e+00
0.000000000000000000e+00
1.373608297363484443e+00
1.151311413489918278e+00
1.737261515735469164e+00
2.567821602736914954e+00
1.663414247895685261e+00
1.458532849419200694e+00
1.473557185949294190e+00
1.503304871946860022e+00
1.436500818711590854e+00
2.213264372323989093e+00
1.385414443061629142e-01
2.493226067038085247e+00
3.939405445952854912e-01
0.000000000000000000e+00
1.009945587342756523e+00
0.000000000000000000e+00
2.506952375480691053e+00
2.101953463004265554e+00
2.706785069421794865e-01
0.000000000000000000e+00
1.768065304137800942e+00
0.000000000000000000e+00
7.982704757671436058e-01
1.374042674475840942e+00
1.153991775369379358e+00
1.177073860059525856e+00
8.779101734335064133e-01
9.172394888632779963e-01
0.000000000000000000e+00
0.000000000000000000e+00
0.000000000000000000e+00
2.074861401417714468e+00
1.775272291940496183e+00
0.000000000000000000e+00
1.085601093402025930e+00
2.542038016885426632e+00
2.220956290223766061e+00
0.000000000000000000e+00
0.000000000000000000e+00
0.000000000000000000e+00
1.757797090343640178e+00
0.000000000000000000e+00
1.385304049241579127e+00
1.750220482534377009e-01
1.374008384563960794e+00
2.483919553818728421e+00
0.000000000000000000e+00
0.000000000000000000e+00
1.504309930951569951e+00
9.704779383919689417e-01
0.000000000000000000e+00
0.000000000000000000e+00
8.336158849301624763e-01
2.677792115958629537e+00
0.000000000000000000e+00
6.298579145702317694e-01
0.000000000000000000e+00
2.575883559352746932e+00
2.133500343027928403e-01
0.000000000000000000e+00
8.034261788666904325e-01
8.771139633988783713e-02
0.000000000000000000e+00
1.148914299156063690e+00
1.175149220300050756e-01
6.850607297851124544e-01
1.165448360886765650e-01
2.332556037263610715e+00
