# Ensemble D, m = 300.0, lambda = [  6.77167874e-09  -6.47323339e-09   0.00000000e+00   1.27148685e-09]
0.000000000000000000e+00
0.000000000000000000e+00
0.000000000000000000e+00
0.000000000000000000e+00
0.000000000000000000e+00
1.156194748603730948e+00
5.996335983807536685e-02
2.113911968085739890e-01
0.000000000000000000e+00
8.943252786881473737e-01
0.000000000000000000e+00
0.000000000000000000e+00
0.000000000000000000e+00
0.000000000000000000e+00
0.000000000000000000e+00
0.000000000000000000e+00
3.208409267894537509e-01
7.036643448089848762e-01
3.312101582816592837e-01
0.000000000000000000e+00
2.442836058197828120e+00
7.961314204100350400e-01
0.000000000000000000e+00
1.508107154215186096e-01
7.569513340926719014e-01
4.689954910035797897e-01
0.000000000000000000e+00
0.000000000000000000e+00
0.000000000000000000e+00
7.007050265876377804e-01
7.297795300725360423e-01
1.350624024781228671e+00
1.039766808010459363e-02
0.000000000000000000e+00
0.000000000000000000e+00
0.000000000000000000e+00
0.000000000000000000e+00
0.000000000000000000e+00
3.347133801276442888e-01
0.000000000000000000e+00
3.887198069662600730e-01
0.000000000000000000e+00
0.000000000000000000e+00
4.109360113069646658e-01
1.814087907094246610e+00
1.470973980426228289e+00
0.000000000000000000e+00
9.001873201203837091e-03
0.000000000000000000e+00
0.000000000000000000e+00
0.000000000000000000e+00
0.000000000000000000e+00
4.611670436569557940e-02
0.000000000000000000e+00
9.048129066907560913e-01
0.000000000000000000e+00
4.584250136622226857e-02
0.000000000000000000e+00
6.109318580178740854e-02
7.792037219934813685e-02
3.008597141870923419e-01
0.000000000000000000e+00
1.153813539297714241e+00
4.174410162561514315e-01
1.210159682220328214e+00
0.000000000000000000e+00
0.000000000000000000e+00
1.015560422834512977e+00
0.000000000000000000e+00
0.000000000000000000e+00
1.944385605207457735e+00
3.157887281964772419e-01
1.713433515992119016e+00
0.000000000000000000e+00
1.443674557949497228e-01
1.648204925966243906e+00
0.000000000000000000e+00
0.000000000000000000e+00
6.287885140740401280e-01
1.455132073485242150e-02
5.133311818409603822e-01
5.476488635876377575e-01
8.741561334146122353e-02
0.000000000000000000e+00
0.000000000000000000e+00
0.000000000000000000e+00
0.000000000000000000e+00
5.171109268483090604e-01
0.000000000000000000e+00
5.774486765853568127e-01
4.937348482821985463e-01
1.118917456183484482e+00
0.000000000000000000e+00
0.000000000000000000e+00
0.000000000000000000e+00
1.822058518093508273e+00
3.120135668710987895e-02
5.200861596537470488e-01
0.000000000000000000e+00
0.000000000000000000e+00
