# Ensemble D, m = 300.0, c_n/c_p = 0.987096774194, f = -0.957142857143
# lambda = [  5.70506594e-09  -5.39010423e-09   0.00000000e+00   1.63095986e-09]
#  
3.384244242039854411e-01
0.000000000000000000e+00
1.377216350422423075e+00
7.594916455571276703e-01
2.999644502510730448e-01
5.052205222457402112e-01
2.682294020259438638e-01
0.000000000000000000e+00
0.000000000000000000e+00
2.271612294747026084e+00
3.236654418225833885e-01
0.000000000000000000e+00
2.000031587978560177e-01
4.200906469828100814e-02
0.000000000000000000e+00
0.000000000000000000e+00
1.220800189513314926e+00
3.044539290499954087e-01
0.000000000000000000e+00
1.164313768670031557e+00
0.000000000000000000e+00
0.000000000000000000e+00
2.474901109213091033e+00
0.000000000000000000e+00
1.189652169382814595e+00
1.525284837866840659e+00
9.947814440352005239e-01
2.294291711316669868e+00
5.285620503296651895e-01
0.000000000000000000e+00
1.524290162001131099e+00
4.130417500232507755e-01
3.816894970591184211e-01
0.000000000000000000e+00
0.000000000000000000e+00
0.000000000000000000e+00
0.000000000000000000e+00
7.688439259639778811e-01
1.976307001633122784e+00
1.211067662458604061e-01
1.926944427501235124e-01
0.000000000000000000e+00
1.626561439307518814e-02
1.123864495888744930e+00
1.451631285471829402e-01
0.000000000000000000e+00
1.145614567819032370e+00
2.046412944042552418e-01
7.738230703478909955e-01
0.000000000000000000e+00
1.005741565625637213e+00
1.015557248804877410e+00
5.321891614380849234e-01
1.159346982310788032e+00
1.539341617528309003e+00
2.213587818606172208e-01
0.000000000000000000e+00
2.257694791989159622e-01
0.000000000000000000e+00
1.304404507785035472e+00
0.000000000000000000e+00
5.856023413209754391e-01
1.472702287156551382e+00
3.541523948479032291e-01
1.773113109075738492e-01
2.304085246286625421e-01
0.000000000000000000e+00
0.000000000000000000e+00
0.000000000000000000e+00
2.967859910032216164e-01
1.625027281157650272e+00
4.054553320586106735e-01
3.098475415764590513e-01
0.000000000000000000e+00
2.255160746248485282e+00
6.120256255276014246e-01
0.000000000000000000e+00
3.403257984348483922e-01
0.000000000000000000e+00
0.000000000000000000e+00
0.000000000000000000e+00
5.064207863064471571e-01
0.000000000000000000e+00
0.000000000000000000e+00
0.000000000000000000e+00
1.089466619303285810e+00
0.000000000000000000e+00
6.100130812625960131e-01
1.409878245082217596e+00
5.199741055525775035e-01
1.796350513014751904e+00
1.111127160133626557e+00
1.652773223882707532e-01
1.725777983747708855e-01
1.088531534887461107e-02
2.082090780427163779e+00
1.020573234457422096e+00
0.000000000000000000e+00
2.429830890930654075e+00
1.946413025058125745e-01
