# Ensemble D, m = 300.0, lambda = [  1.82127022e-08  -1.38603070e-08   0.00000000e+00   1.84568070e-09]
1.513260699844701573e+00
2.362053374639468406e-01
0.000000000000000000e+00
3.287657080928716447e+00
2.028520515732086249e+00
1.122139664030564976e+00
1.757798695522255095e+00
2.270986658272270697e-01
1.660407657629245692e+00
1.964883285075627484e+00
0.000000000000000000e+00
5.547633625227765819e-01
3.780174835686183066e+00
1.020581903076279051e+00
0.000000000000000000e+00
3.609198924595493074e-01
1.088672053047324617e+00
1.826322714281786386e+00
1.902058117536216342e+00
2.201629773905155574e+00
1.049391189824721460e+00
7.164407228162537056e-01
2.176201881580644759e+00
2.489976961559836610e+00
1.234309270392559110e+00
9.106951561052135657e-01
8.685077559574363448e-01
9.572566963382600491e-01
7.538684258294040541e-01
1.856209021669625869e+00
7.493868261946728948e-01
1.339262659391238008e+00
1.961927370101145707e+00
8.519533042205227336e-01
0.000000000000000000e+00
2.629756862644000524e-03
7.728662428388521910e-01
2.516905759389768349e+00
2.442909046320053790e+00
1.001314790428116330e+00
2.201601936029653039e+00
1.972733807067044598e+00
9.440060350137713385e-01
0.000000000000000000e+00
1.124881894983855046e+00
2.622101393956575599e+00
0.000000000000000000e+00
1.211672883816490076e+00
2.006995058253464137e+00
2.512713809227728134e+00
2.101869865918160052e+00
2.417466714403547545e+00
2.867033877615827731e+00
2.742673351799930881e+00
1.617428445131084691e-01
0.000000000000000000e+00
6.524376772296809346e-01
2.408517118050222727e+00
1.121054930888168544e+00
5.260579001310293767e-01
2.033744229707369566e+00
0.000000000000000000e+00
1.523692225956216006e+00
8.728934425355913129e-01
1.432915945627345256e+00
3.449174765769629225e+00
1.183033733868548598e+00
1.264652671900178715e+00
2.538484378109494011e-01
2.393049376296018327e+00
2.413292740241120615e+00
1.548321185653724452e+00
1.769342724121826471e+00
1.326681383331755448e+00
1.264441070064782791e+00
2.740640108876620129e+00
1.182342745965568653e+00
4.435335121916505474e-01
1.001328174313070196e+00
1.909001114342539385e+00
3.034807906905844788e-01
1.519821075779516528e+00
2.295296424587749406e+00
1.719737892815777158e+00
1.177743208124262253e+00
1.821364123956405123e+00
1.142170675432037097e+00
1.606595710924572540e+00
2.569301736525810398e+00
1.967348253210560838e+00
2.123113103427946680e+00
1.452208332456438544e+00
0.000000000000000000e+00
1.470730017010489998e+00
0.000000000000000000e+00
2.879260675972123984e+00
4.550129753657056880e-03
9.288089373184252873e-01
4.300240949743855401e-01
1.914025651394419603e+00
