# Ensemble D, m = 300.0, lambda = [  1.25128026e-08  -8.06551035e-09   0.00000000e+00   2.02140744e-09]
0.000000000000000000e+00
1.655948562692495241e+00
0.000000000000000000e+00
0.000000000000000000e+00
0.000000000000000000e+00
0.000000000000000000e+00
0.000000000000000000e+00
1.002612094263003018e+00
8.243085570770229964e-01
0.000000000000000000e+00
1.302916377502090439e+00
3.598377190618139848e-02
2.858807244440340622e-01
1.435762832494608565e+00
7.472750485880376957e-03
4.619734330817356627e-01
0.000000000000000000e+00
0.000000000000000000e+00
7.541571495253887036e-01
1.880182356613216754e+00
6.334205530534858970e-03
2.471066565757251254e+00
9.153415830394160402e-01
0.000000000000000000e+00
1.334852024560458261e+00
0.000000000000000000e+00
8.071700203994993661e-01
6.725487078679410757e-01
2.111016792809131459e+00
7.634184952028122417e-01
7.741933973202187458e-01
0.000000000000000000e+00
1.445984145605448523e+00
0.000000000000000000e+00
2.168157583518454778e+00
1.538991677210240994e+00
1.715679370099005563e-01
0.000000000000000000e+00
0.000000000000000000e+00
0.000000000000000000e+00
1.021069441086613683e+00
1.134188233064578499e+00
1.248137364113081293e+00
0.000000000000000000e+00
3.755178785997632662e-01
1.515420780707023019e+00
3.061550657917753715e-01
1.933611130120903299e-01
6.267391699313920039e-01
1.501921842950330044e+00
1.121519009347182738e+00
1.441002771335006261e-01
1.619472049382293832e+00
0.000000000000000000e+00
1.031253457462400602e+00
3.541868926915162086e-01
0.000000000000000000e+00
0.000000000000000000e+00
0.000000000000000000e+00
1.172260780199162689e+00
3.086646809340532274e-02
1.341361289914869692e-01
0.000000000000000000e+00
0.000000000000000000e+00
9.133180696772764673e-01
0.000000000000000000e+00
1.644789723637606338e+00
2.903154906463231821e+00
8.362817847768354573e-01
1.434665228834155259e+00
1.618559178066848458e+00
0.000000000000000000e+00
0.000000000000000000e+00
1.607665220165257258e+00
0.000000000000000000e+00
0.000000000000000000e+00
2.616465554756474354e+00
1.030136655599960926e+00
2.540066125605888181e-01
0.000000000000000000e+00
6.203327666756383030e-01
1.338937785918249634e+00
0.000000000000000000e+00
9.323048287704553683e-02
1.851457884711947166e+00
6.935956675110520608e-01
0.000000000000000000e+00
0.000000000000000000e+00
9.706026058294906500e-01
5.414852414857625196e-02
7.357274880560040753e-01
8.915159649532402447e-03
1.261648989226739292e+00
4.202157602134260622e-03
9.374260097850820594e-01
3.324926763928536255e-01
1.107541924346981732e+00
2.084629113345350060e+00
8.389447319095414413e-01
1.082094258168391443e+00
