# Ensemble D, m = 300.0, lambda = [  5.47917406e-09  -5.13032490e-09   0.00000000e+00   1.71212404e-09]
0.000000000000000000e+00
9.975725337891862277e-02
0.000000000000000000e+00
4.661064137664862606e-01
0.000000000000000000e+00
0.000000000000000000e+00
1.352228047015810564e+00
0.000000000000000000e+00
0.000000000000000000e+00
1.375953879136757822e-03
1.279270720903063152e+00
5.078425126397527987e-03
1.659932669199242428e+00
0.000000000000000000e+00
1.811250569771795382e-02
9.394795951791462540e-01
0.000000000000000000e+00
8.610030328903754693e-02
0.000000000000000000e+00
2.577779881809352247e-01
0.000000000000000000e+00
9.647039078276922197e-01
1.382962947070341120e-01
1.289718791705644074e-01
1.133977192266259593e+00
0.000000000000000000e+00
1.318608768961528344e-01
6.504392664558041881e-01
4.237824203008837554e-01
0.000000000000000000e+00
0.000000000000000000e+00
0.000000000000000000e+00
0.000000000000000000e+00
0.000000000000000000e+00
0.000000000000000000e+00
0.000000000000000000e+00
6.937456439886304782e-01
8.876328288563054003e-02
1.878730878294478102e-02
7.158167897115603751e-01
0.000000000000000000e+00
0.000000000000000000e+00
1.369027914102753374e-01
1.582238722738013470e+00
0.000000000000000000e+00
4.831786593284951858e-01
0.000000000000000000e+00
8.451024807757953963e-03
0.000000000000000000e+00
1.771108270838501197e-01
0.000000000000000000e+00
1.539122029940312775e+00
0.000000000000000000e+00
8.451748308028331769e-01
0.000000000000000000e+00
4.308171525058692164e-01
9.781550221490206143e-01
3.860963777228352822e-01
3.584673425086947751e-01
2.340518176657606919e-01
3.059099469245535885e-01
0.000000000000000000e+00
8.256733955525466517e-02
4.795820101243006284e-01
9.774108296783050598e-01
4.324678842451105121e-01
9.272701409029597830e-01
0.000000000000000000e+00
0.000000000000000000e+00
6.119503950288768257e-01
0.000000000000000000e+00
0.000000000000000000e+00
8.847761906835233114e-01
0.000000000000000000e+00
0.000000000000000000e+00
8.992508992761013564e-01
2.096656977299476754e+00
0.000000000000000000e+00
2.240376189765313164e+00
0.000000000000000000e+00
6.699142448597909805e-02
0.000000000000000000e+00
4.978789027513318421e-01
6.727615395488547589e-01
1.132645348861393231e+00
0.000000000000000000e+00
0.000000000000000000e+00
1.798967909004121291e+00
0.000000000000000000e+00
0.000000000000000000e+00
0.000000000000000000e+00
0.000000000000000000e+00
0.000000000000000000e+00
0.000000000000000000e+00
1.867858881852914710e+00
6.825495452730787616e-01
0.000000000000000000e+00
0.000000000000000000e+00
9.889983508319469818e-01
7.914900760440923833e-02
