# Ensemble D, m = 300.0, c_n/c_p = 0.767741935484, f = -0.979130434783
# lambda = [  1.30652610e-08  -9.82141138e-09   0.00000000e+00   2.03857766e-09]
#  
1.609358441263914585e+00
6.187819103976672785e-01
1.881370788574899588e+00
9.970244595364325182e-03
5.194024023500309895e-01
2.848036762589156279e+00
2.211687128706414818e+00
8.277648616908228618e-01
1.584882038358950140e+00
1.368447253446764544e-01
4.864994006461871856e-01
8.020106302260809894e-02
0.000000000000000000e+00
0.000000000000000000e+00
9.520278375119687331e-01
0.000000000000000000e+00
0.000000000000000000e+00
1.607419771232587502e+00
8.371525082807523832e-02
9.862237632352097716e-01
4.379882014116657368e-02
1.015221827203304450e+00
5.287008365608451138e-02
2.769173611634387355e-01
1.334940912598206464e-01
1.056746774245956422e+00
2.484680373626375172e+00
0.000000000000000000e+00
1.295835441236874441e+00
2.347730661128734742e+00
0.000000000000000000e+00
5.050564870213133939e-02
3.160646810424715819e-02
0.000000000000000000e+00
1.197389542274230445e+00
0.000000000000000000e+00
4.103877993584036377e-01
1.489280675068645587e+00
1.958841663674496747e+00
0.000000000000000000e+00
1.586606172073955712e+00
4.996057694701627749e-01
0.000000000000000000e+00
0.000000000000000000e+00
2.018213518810312745e+00
1.568917085633102726e+00
2.298235963764720391e-01
1.878139284138055295e-02
8.019501035730228211e-02
1.845990973723307338e+00
1.585307245958186062e+00
0.000000000000000000e+00
1.894900535483349469e+00
0.000000000000000000e+00
2.765965311128947279e-01
2.763161127380167947e+00
1.749686466954760489e+00
4.481178527086124852e-01
0.000000000000000000e+00
1.406225839991370186e-01
1.435932152205798396e+00
5.860550510810885738e-01
0.000000000000000000e+00
1.421791467526503316e+00
0.000000000000000000e+00
0.000000000000000000e+00
1.221321454500485792e+00
4.824839227932384289e-02
9.875114323174798148e-02
2.245343305168682191e-01
5.546590025942400581e-01
8.997288067874782691e-02
2.262694318416434758e+00
0.000000000000000000e+00
6.644537476032489343e-01
6.315037042595544881e-02
9.093321728843126728e-01
1.435954351325457123e+00
1.543514074329977448e-01
1.720263384196239753e-01
0.000000000000000000e+00
2.635059256976559627e+00
1.016608293293583265e-01
1.679219345032893607e+00
4.161289397456769401e-01
1.657205059624884680e-02
1.110236511826278250e+00
1.507666637652623987e+00
1.359771870923590920e-01
2.534758520309296839e-02
4.519108699379026928e-01
3.840683678007518476e-02
1.074690193080136469e+00
2.413805807449383722e-01
3.660839905152467044e-01
8.334864514251765222e-01
1.322001684807566080e-01
2.744206390964117892e-01
1.026912265566203741e+00
0.000000000000000000e+00
