# Ensemble D, m = 300.0, lambda = [  4.31184302e-08  -2.80965255e-08   0.00000000e+00   0.00000000e+00]
0.000000000000000000e+00
0.000000000000000000e+00
3.946924724020949848e-01
0.000000000000000000e+00
0.000000000000000000e+00
6.847449428493285195e-01
9.363195808697675204e-01
0.000000000000000000e+00
0.000000000000000000e+00
5.080427113247962256e-02
1.575220416196095652e+00
4.065924356578146104e-01
7.304524829465823821e-01
9.904916079270628115e-01
1.678522060849985675e-01
0.000000000000000000e+00
8.395933850163318501e-01
1.294137443332298965e+00
8.322189724995935345e-01
2.270492610184912774e+00
0.000000000000000000e+00
0.000000000000000000e+00
0.000000000000000000e+00
3.772624353462536995e-01
0.000000000000000000e+00
0.000000000000000000e+00
0.000000000000000000e+00
0.000000000000000000e+00
1.206287586021835834e+00
1.143229175039907730e+00
0.000000000000000000e+00
1.026550269067000032e-01
0.000000000000000000e+00
0.000000000000000000e+00
0.000000000000000000e+00
0.000000000000000000e+00
7.450853281752975454e-03
0.000000000000000000e+00
0.000000000000000000e+00
1.137631137342410392e+00
0.000000000000000000e+00
0.000000000000000000e+00
0.000000000000000000e+00
0.000000000000000000e+00
0.000000000000000000e+00
0.000000000000000000e+00
0.000000000000000000e+00
0.000000000000000000e+00
7.705121033673631992e-01
0.000000000000000000e+00
0.000000000000000000e+00
5.730172878517325596e-01
0.000000000000000000e+00
1.422983971719442797e+00
0.000000000000000000e+00
7.643622311464448593e-01
7.832012962310256343e-01
1.871430942556818966e+00
0.000000000000000000e+00
1.460868428622611459e-01
0.000000000000000000e+00
3.557918294811252546e-01
0.000000000000000000e+00
0.000000000000000000e+00
0.000000000000000000e+00
0.000000000000000000e+00
1.057406674247654832e-01
0.000000000000000000e+00
0.000000000000000000e+00
1.314736006171237870e+00
1.297613530393999959e+00
0.000000000000000000e+00
0.000000000000000000e+00
4.296690303535181110e-01
0.000000000000000000e+00
0.000000000000000000e+00
0.000000000000000000e+00
0.000000000000000000e+00
6.563465339892934902e-02
5.980956315772812948e-01
0.000000000000000000e+00
1.849763615517729720e+00
0.000000000000000000e+00
0.000000000000000000e+00
3.420497732515807021e-01
7.896535956056542904e-01
1.935037032904559640e-01
0.000000000000000000e+00
5.993216994262950958e-01
4.490385243896558021e-02
4.443538542816890535e-01
0.000000000000000000e+00
0.000000000000000000e+00
0.000000000000000000e+00
5.636628005923571133e-02
7.118147016114396708e-01
0.000000000000000000e+00
9.223533663503862279e-01
0.000000000000000000e+00
0.000000000000000000e+00
