# Ensemble D, m = 300.0, lambda = [  1.43244419e-08  -1.14364496e-08   0.00000000e+00   1.62960581e-09]
1.168696572020852642e+00
0.000000000000000000e+00
2.099834019428008514e+00
3.520323270251133896e-01
2.432440687457638528e+00
1.635981235191769967e+00
1.408313850192004502e+00
0.000000000000000000e+00
1.628219146921590088e+00
9.822654833419613984e-01
0.000000000000000000e+00
2.091784994429918942e+00
0.000000000000000000e+00
2.355622718992070652e+00
2.132548892181317601e+00
3.546363486148230493e+00
2.202109004679962734e+00
2.838448602316368863e+00
1.609385322192777856e+00
0.000000000000000000e+00
1.516593690107219672e+00
0.000000000000000000e+00
7.117600504804059147e-01
2.417127404878741892e+00
1.019154480622742609e+00
6.822852244794529453e-01
1.307193312732527035e+00
1.966204036905438324e+00
0.000000000000000000e+00
2.467865234330088420e+00
1.254106554635013859e-01
1.016875959563942056e+00
2.086294898398854070e+00
2.349196883252763435e+00
0.000000000000000000e+00
0.000000000000000000e+00
1.045189388712193912e+00
2.844985617333990024e+00
1.100444689567374734e+00
0.000000000000000000e+00
0.000000000000000000e+00
1.087568857243015996e+00
2.006326820637708952e+00
2.859441863251486748e-01
0.000000000000000000e+00
0.000000000000000000e+00
3.491808982108686732e-01
0.000000000000000000e+00
0.000000000000000000e+00
7.254885547720266725e-01
1.617058137548176511e+00
2.443719761919754818e-02
0.000000000000000000e+00
6.450916035683690319e-01
1.751137173691471816e+00
1.398974273134812707e+00
8.432650826233351049e-01
0.000000000000000000e+00
0.000000000000000000e+00
2.217858813209774294e+00
4.865402047020803700e-01
9.064283685021743420e-01
0.000000000000000000e+00
0.000000000000000000e+00
2.561592225683806401e-03
9.809928965260068523e-01
2.586886900801498301e-01
0.000000000000000000e+00
0.000000000000000000e+00
0.000000000000000000e+00
1.367878237870447489e+00
1.122091571958543588e+00
1.643517730597435111e+00
0.000000000000000000e+00
6.564402706211379390e-02
3.390749571807435636e+00
7.218532283093993529e-01
2.354081722138714916e+00
1.822751342255215734e+00
0.000000000000000000e+00
2.878730547880381962e+00
0.000000000000000000e+00
1.137053026547725665e+00
8.527530103080569468e-01
2.430622601125858040e+00
3.013101360119829319e+00
6.384808149735946570e-01
2.522203390467995909e+00
2.810000882050146753e+00
3.146053930336094151e+00
1.542542865464499258e+00
0.000000000000000000e+00
1.119324489112008880e+00
8.461095709488992700e-01
0.000000000000000000e+00
0.000000000000000000e+00
2.666239864757898204e+00
3.262499862800852135e+00
0.000000000000000000e+00
1.543916995569425188e+00
