# Ensemble D, m = 300.0, c_n/c_p = 0.703225806452, f = -0.972608695652
# lambda = [  1.30330209e-08  -8.91411107e-09   0.00000000e+00   2.13042731e-09]
#  
4.698585485963475139e-01
8.821766128797567941e-01
9.224184254939232774e-01
2.433017964247582210e+00
2.831393994943161463e+00
6.199442453819801330e-02
6.736174796998684045e-01
1.464942441350089553e+00
0.000000000000000000e+00
1.502192976927608115e+00
2.087360830471083339e+00
1.762155548113220949e+00
6.605851190199997225e-01
6.552641057923266343e-01
0.000000000000000000e+00
0.000000000000000000e+00
0.000000000000000000e+00
2.169704147857959509e+00
3.797474499083361432e-01
2.859900315964943873e-01
8.264960065223921903e-01
7.234252071864538669e-01
2.182679361832869702e+00
8.793055919394826558e-02
1.910233749527184000e-01
1.420602847624212517e+00
2.905408058859229037e-01
2.941525199569766436e+00
2.610165422334226992e+00
1.419240085798441076e-01
3.088321227144769088e-01
0.000000000000000000e+00
6.524381085935057056e-01
0.000000000000000000e+00
1.653653642234928167e+00
3.607452184665518868e-01
1.907537603553879219e-02
0.000000000000000000e+00
8.341995249623139763e-01
2.071759205146968541e-01
7.396656113624520135e-01
2.586281780452459156e+00
0.000000000000000000e+00
0.000000000000000000e+00
7.923945997646952843e-01
9.488903600285137491e-03
1.330867457200292758e+00
1.244127651913003563e+00
2.582942992749558631e+00
2.351741164467589851e+00
0.000000000000000000e+00
0.000000000000000000e+00
1.900419574023815228e+00
2.223434446607625237e+00
6.009789383241925798e-01
1.263483930682111511e+00
1.656917544132585907e-01
1.653752188773745635e+00
0.000000000000000000e+00
2.901113665257785357e+00
2.212397924418329165e+00
0.000000000000000000e+00
0.000000000000000000e+00
1.330283420883707768e+00
3.927708874417799589e-01
0.000000000000000000e+00
1.211077115915947466e+00
0.000000000000000000e+00
1.520630246651036854e+00
2.397281442804068685e-01
2.191927279140266638e+00
0.000000000000000000e+00
9.302892547474431728e-01
0.000000000000000000e+00
1.946639827763399222e-01
2.757614598629570812e-01
2.628993826122456579e+00
1.950212257135960581e+00
0.000000000000000000e+00
2.008756479282064689e+00
2.772275737788241767e-01
9.717330489313273922e-01
0.000000000000000000e+00
1.191527920098477189e+00
8.177135114976411545e-01
7.153556163886120034e-01
1.160778113689044044e+00
1.658352382880705356e-02
1.186549003146833314e+00
0.000000000000000000e+00
1.395195712565653334e+00
5.144934966152625230e-03
2.473410660640256609e+00
2.292028046871831926e+00
2.797873236338338288e+00
0.000000000000000000e+00
0.000000000000000000e+00
7.239127798516157286e-01
1.567929502735792291e-01
1.405850723189743912e+00
