# Ensemble D, m = 300.0, lambda = [  2.58765461e-08  -1.91027341e-08   0.00000000e+00   1.91747143e-09]
1.591960549175178041e+00
3.090725352447992513e+00
2.905887029067947047e+00
2.326150520799620924e+00
1.328475239232566496e+00
1.074138915477122813e+00
2.909552739736609883e+00
3.245957759488143690e+00
2.997361544017708379e+00
2.556725223994797958e+00
2.764735515798228072e+00
0.000000000000000000e+00
3.121169647154397708e+00
2.665512902342527024e+00
1.691511564833199310e+00
2.287671074203574406e+00
3.116910543045271265e+00
2.664214519918194579e+00
1.374261075035988489e+00
1.381393751335403763e+00
3.233517387798301890e+00
3.244882276028933532e+00
3.690242879511096419e+00
2.438077748023846691e+00
1.305905737923048537e+00
1.464691679191839180e+00
2.797564344012556603e+00
1.298076777776042245e+00
2.955574769696927451e+00
0.000000000000000000e+00
2.347300955094347330e+00
3.378657721513854018e+00
9.858187266714338870e-01
1.938082100696284726e+00
3.239517198450609037e+00
2.961705776481930119e+00
2.346059658514427326e+00
2.469483970167292597e+00
2.685785378607928653e+00
3.218269085839311039e+00
3.099702647089710883e+00
2.526537941816889177e+00
3.495652356936120420e+00
2.105252494477291236e+00
1.941324465387883169e+00
8.606961551176608438e-01
3.067498511357090951e+00
2.257953405379604206e+00
3.227498809182637984e+00
1.662986689849694777e+00
1.693633093703136305e+00
1.555831700391552719e+00
3.390344686150964737e+00
2.895574500131844253e+00
3.307948226694464644e+00
1.413629477176664206e+00
1.699890937406952407e+00
2.551712659110743964e+00
3.153366714782135816e+00
2.914481048999306712e+00
8.111930496472836705e-01
1.900078758472869556e+00
1.897968705638150677e+00
2.797847983483925383e+00
3.233431877449837177e+00
2.295098141616591203e+00
8.741932394040897725e-01
3.701236784910447497e+00
0.000000000000000000e+00
2.717150408071185463e+00
2.169856231442012895e+00
2.955332213514786588e+00
2.762251422160159731e+00
1.897687441623544302e+00
1.167188034774028438e+00
2.924034746458067602e+00
1.627873473600198739e+00
2.764379274154126875e+00
9.133397720999492098e-01
2.611296996763451395e-01
2.331458095062108438e+00
2.518483489411014187e+00
2.079590527214402407e+00
1.936050983635173806e+00
1.007082672076176522e+00
1.287987986465979340e+00
1.452221319829349433e+00
2.951181630978413573e+00
2.758454712154518873e+00
3.939703183690551058e-01
2.549781476861019414e+00
2.033697540022290529e+00
2.436738372699723154e+00
1.282718575389276972e-01
3.537930921330105338e+00
3.071823263730697917e+00
2.925380172406205403e+00
2.096022367816941845e+00
2.744886158828366618e+00
2.320623117505338673e+00
