# Ensemble D, m = 300.0, lambda = [  9.15366267e-09  -7.51390212e-09   0.00000000e+00   1.84172286e-09]
0.000000000000000000e+00
1.130073531609510074e-02
8.220645190622573664e-03
3.612077465395021059e-01
5.001093366545399377e-01
1.322142037854748597e+00
6.446276418154013310e-01
1.561617081081438707e+00
0.000000000000000000e+00
1.410106300872914442e+00
0.000000000000000000e+00
0.000000000000000000e+00
9.428633615243318111e-01
1.815166824185118655e+00
0.000000000000000000e+00
4.817088861318615141e-03
2.235064466062063104e+00
1.558380422674467969e+00
0.000000000000000000e+00
0.000000000000000000e+00
1.234649319092684605e+00
1.517708041060813251e+00
7.175973053674694624e-01
0.000000000000000000e+00
3.399845000568256677e-03
0.000000000000000000e+00
1.539106247701878538e-01
0.000000000000000000e+00
1.150199681915115901e+00
0.000000000000000000e+00
6.046569312662524176e-01
0.000000000000000000e+00
1.541337803187845301e+00
0.000000000000000000e+00
9.862099660007178636e-01
0.000000000000000000e+00
2.600458165027512425e-03
1.082545631893538252e+00
0.000000000000000000e+00
0.000000000000000000e+00
1.464797885325108462e+00
7.578816909862409190e-01
0.000000000000000000e+00
1.916320077373862674e+00
0.000000000000000000e+00
9.749135631114974609e-01
0.000000000000000000e+00
0.000000000000000000e+00
2.206282128692916178e+00
3.190176490105407492e+00
4.851915569944024731e-01
9.336141675113343030e-01
0.000000000000000000e+00
7.490686560163113406e-01
0.000000000000000000e+00
0.000000000000000000e+00
7.442809926631382966e-01
2.339872835212578828e+00
1.652648575686919807e+00
0.000000000000000000e+00
6.698069337963150627e-01
1.419335568199281417e+00
8.691376734887542588e-01
2.335225856234904640e+00
0.000000000000000000e+00
1.828598795907809826e+00
1.036547819280349003e+00
1.317485037174209506e+00
1.669723380231161958e+00
3.463306947620555798e-01
0.000000000000000000e+00
0.000000000000000000e+00
9.658794920933733152e-01
1.375487541549119230e+00
7.819803898138772968e-01
1.175146789393151314e+00
4.156426158845105689e-01
1.236689034430525691e+00
2.092622193106795925e-01
3.188579926884655968e-01
9.817220983459049588e-01
0.000000000000000000e+00
0.000000000000000000e+00
0.000000000000000000e+00
1.753338041207939124e+00
2.416423488880198978e+00
7.802421455245661663e-01
2.495249905656784541e-03
0.000000000000000000e+00
0.000000000000000000e+00
0.000000000000000000e+00
0.000000000000000000e+00
0.000000000000000000e+00
0.000000000000000000e+00
1.371976126492052694e-01
5.652340254624337312e-01
9.771318177180886577e-01
6.187567951698843410e-02
1.179875772700972547e+00
1.270689738484646371e-02
