# Ensemble D, m = 300.0, c_n/c_p = 0.741935483871, f = -0.975217391304
# lambda = [  1.29328699e-08  -9.35755719e-09   0.00000000e+00   2.12296098e-09]
#  
1.775753549074486681e+00
1.382157205994190896e+00
2.031534308441612424e+00
1.718236361355551800e+00
3.829659186848017427e+00
0.000000000000000000e+00
1.098694538720250691e+00
5.364446000700187067e-01
0.000000000000000000e+00
1.271534465551368065e+00
1.638802336559440007e-02
2.415452297322775443e+00
0.000000000000000000e+00
6.019655262505239079e-01
0.000000000000000000e+00
1.685227179507041928e+00
0.000000000000000000e+00
9.851146822146890081e-01
2.458605636596786562e-02
0.000000000000000000e+00
1.447545829122402483e-01
1.297825072158444691e-02
5.973221251850545643e-01
6.151915913443369854e-01
2.378091410392029204e-01
1.762847403944175273e+00
1.939055257837298818e+00
0.000000000000000000e+00
0.000000000000000000e+00
4.434562619713895981e-01
1.461256571280467265e+00
8.637259097199206925e-01
1.002034896436451161e+00
1.588669868482265768e+00
3.660231529522459670e-01
7.604393383391314098e-02
2.926827387655790425e-01
3.116472139411746167e-01
1.204989747603224304e+00
3.546635260313769411e+00
0.000000000000000000e+00
0.000000000000000000e+00
1.398146871589842910e-01
2.500629132161938273e+00
6.889131762340923171e-01
0.000000000000000000e+00
0.000000000000000000e+00
9.951796590193119352e-01
9.766904204413237034e-01
5.014750896663515423e-02
1.302906961525789331e+00
1.429589734810583934e+00
0.000000000000000000e+00
2.278054110061652704e+00
9.534766821278745086e-01
1.374205578069414013e+00
0.000000000000000000e+00
1.100415844151781286e+00
0.000000000000000000e+00
8.578178970595992103e-01
1.201338483565561333e-01
2.150121031961558238e+00
1.419562052062784963e-01
7.612792046539050561e-02
1.543109220059038500e-01
2.682050425911927327e+00
9.359696931985937024e-03
1.619018695324437596e-01
4.446500651051456532e-01
7.813545842501852523e-02
0.000000000000000000e+00
3.038013754248942155e-01
4.894057754690676609e-01
1.452990947472040828e+00
2.217674526044948607e-02
5.719775088746072988e-01
1.691584793439435908e+00
1.983383727033424915e+00
2.159180443994955512e-01
0.000000000000000000e+00
1.343985287738833634e+00
3.200553265818131266e+00
1.634539000029688882e+00
0.000000000000000000e+00
3.545240109392441830e-01
3.986799344977052240e-01
0.000000000000000000e+00
0.000000000000000000e+00
1.557067733048161040e+00
4.905806094990427524e-01
2.054145784260207996e+00
1.675706534192194619e+00
1.345855783857737409e+00
2.758785220898848367e-01
9.651596770453365615e-01
0.000000000000000000e+00
4.358955926914986900e-01
2.116549945053785464e+00
3.075707679803694750e-01
3.360167265085339583e+00
