# Ensemble D, m = 300.0, c_n/c_p = 0.703225806452, f = -0.981739130435
# lambda = [  1.59615771e-08  -1.10196221e-08   0.00000000e+00   2.13527871e-09]
#  
0.000000000000000000e+00
1.499419841464887160e+00
1.460068281005710622e+00
6.846809997184504226e-01
1.965146223889756572e+00
2.399411825462894055e-01
3.207003671693469671e-01
2.528360548323789647e+00
0.000000000000000000e+00
5.837120445613103864e-02
3.286579424592413812e+00
1.670147929716982116e+00
1.197228181166180017e+00
1.077339036878562473e+00
1.047368085133682847e+00
1.580050061862683819e+00
0.000000000000000000e+00
0.000000000000000000e+00
1.587271785512612166e+00
2.689576061382755068e+00
2.018031456371626398e+00
0.000000000000000000e+00
0.000000000000000000e+00
2.802911234932571549e+00
5.505364321415874285e-01
8.833900886611480985e-01
0.000000000000000000e+00
1.800266641572274007e-01
2.985667198240222309e+00
1.842189830048487076e-01
1.120232124298496057e+00
2.149337566227503604e+00
1.709180047620126430e+00
1.841997791494375036e+00
1.861323706767238129e+00
8.899002768205474968e-04
0.000000000000000000e+00
7.346881633247273613e-03
1.626455578847236350e+00
1.051404289697536409e+00
1.360518661828165943e+00
0.000000000000000000e+00
1.270519495251593245e+00
2.981821224467464670e-01
1.908669401021099832e+00
5.069751323266590524e-03
2.739352051685845169e+00
6.917710648390158479e-01
1.611348041432560496e+00
2.665046707611955945e+00
3.723071421917727442e-01
1.647137070683193150e+00
2.229178136923127163e+00
1.961136884357014054e+00
1.127057992953440557e+00
0.000000000000000000e+00
5.174744486295501655e-01
1.799450794232009709e+00
6.921563203382755658e-01
3.331087880957715464e-01
2.490195253803530573e+00
9.371587217761029320e-01
2.465047371967118206e+00
1.470303237114385375e+00
5.572203367914121408e-01
1.437691381014037928e-01
9.650210819249011029e-01
0.000000000000000000e+00
1.125832225615975624e+00
2.356988160662817577e+00
2.737940608962334377e+00
0.000000000000000000e+00
2.838478682147454357e+00
6.449041476966730357e-01
5.521295527256805391e-01
8.005423599198514539e-01
2.533518963173798877e+00
9.454106929828707262e-01
1.914998630678811375e+00
1.488878611409700348e+00
9.181624525848675056e-02
5.643368240536924541e-01
4.093740076774377568e-01
2.727546258598960716e+00
2.345861439684320260e+00
2.131844531712037139e+00
1.420751083813206472e+00
1.148813295053329325e-01
2.781777045692919725e-01
1.588781631228186164e+00
1.376941600240465524e+00
0.000000000000000000e+00
2.075540450040526785e+00
1.524443736234196045e+00
1.374783305724745386e+00
1.694742272845075171e+00
1.389677900932729804e+00
0.000000000000000000e+00
1.429548665099573679e+00
1.239024344454684012e+00
