# Ensemble D, m = 300.0, c_n/c_p = 0.754838709677, f = -0.980434782609
# lambda = [  1.39513084e-08  -1.03249465e-08   0.00000000e+00   2.07296378e-09]
#  
2.631955820693502868e-01
1.445094266011108131e+00
2.587236511250024518e-01
2.733711644370202531e-01
6.756693490140955327e-02
1.630240344478252057e-01
0.000000000000000000e+00
2.219836099891849823e+00
1.023743105952355098e-01
2.087195024317272177e-02
0.000000000000000000e+00
0.000000000000000000e+00
1.185384966721912736e+00
1.443204147447123276e-01
2.373450329690190763e+00
0.000000000000000000e+00
0.000000000000000000e+00
2.811330972824756524e-01
8.526590404607717333e-02
1.334105726173459017e+00
2.802757661207460504e+00
0.000000000000000000e+00
9.446042559798604188e-01
1.052162383925179037e-02
3.505237382816824843e-01
3.744657606324414689e-01
5.890703559297163355e-02
0.000000000000000000e+00
2.666276644601647927e+00
1.724154399614628463e+00
1.117980827639994956e+00
2.643211294567478387e+00
1.264956130912792798e+00
1.930402048579668239e+00
9.634562690701319321e-01
6.378367096537204128e-01
2.270840933163406454e-03
0.000000000000000000e+00
2.685750273972742352e-01
2.282617827087148221e+00
1.299337278829293396e-01
2.344040843232949811e+00
1.748408471092869898e-01
1.270962378312180618e+00
2.850524031421269311e-01
2.989911467763223252e-01
3.168530088433492431e-02
4.714307376415260292e-02
1.320714180353960709e-01
5.785199814620806125e-01
2.975663275272338870e-01
2.745021030699377196e+00
5.804279346635832226e-01
3.913741516172051793e-01
3.039522242580864120e+00
0.000000000000000000e+00
1.905835164994082176e-01
2.018466501611938246e-01
0.000000000000000000e+00
1.145949601399858936e-01
1.218524650481099397e-01
1.978343761128768197e+00
2.030633254230328477e-01
4.110657596731771557e-01
9.860081030971508120e-01
0.000000000000000000e+00
1.302054255991295761e+00
9.845718075615436660e-02
2.151659601820144485e-01
7.793232864171700802e-01
1.522019178453382304e+00
4.168498968555015560e-01
2.834014688682938932e+00
3.902444724894733596e-01
3.589578823671593089e-01
2.318737410188606018e-01
2.768180278602641931e+00
1.386243038050801069e+00
0.000000000000000000e+00
5.771434940564234006e-01
7.057347439116788967e-01
2.260320526568466715e+00
2.030873276247708581e-01
0.000000000000000000e+00
0.000000000000000000e+00
1.338105789172764570e+00
6.077269838075822356e-02
1.140988946723977132e-01
2.521369928405832184e+00
9.653835937207154716e-01
3.613806407290222067e-01
6.942808404762862429e-01
4.796338957831580707e-02
4.202100170647521948e-01
4.459322561070661745e-02
1.394353441233351920e-01
5.710429008687870067e-02
0.000000000000000000e+00
1.820228515126077473e-01
0.000000000000000000e+00
