# Ensemble D, m = 300.0, c_n/c_p = 0.909677419355, f = -0.97652173913
# lambda = [  7.90883789e-09  -7.02557710e-09   0.00000000e+00   1.54982923e-09]
#  
2.743299797207596313e+00
0.000000000000000000e+00
0.000000000000000000e+00
2.337635139233626078e-02
8.662255300783611167e-01
4.260682233326833490e-01
5.940747723727167300e-03
0.000000000000000000e+00
0.000000000000000000e+00
6.604885808865459396e-01
7.185250397032860378e-03
3.872138854040398370e-01
0.000000000000000000e+00
2.678927382479672215e-01
0.000000000000000000e+00
1.230247145487826543e+00
0.000000000000000000e+00
0.000000000000000000e+00
0.000000000000000000e+00
1.284075513907013688e+00
2.582037427025514753e-01
8.595702357304060293e-01
0.000000000000000000e+00
0.000000000000000000e+00
5.339604261993650125e-01
1.318028133980968075e+00
0.000000000000000000e+00
1.081303737876561089e+00
0.000000000000000000e+00
3.568622929400757093e-01
0.000000000000000000e+00
0.000000000000000000e+00
2.548052304429100356e-01
2.035107310712670259e+00
1.302792942990750547e+00
2.021041183989762402e+00
2.098023271736685624e-01
7.353947919666330435e-01
0.000000000000000000e+00
1.151377204499783452e-01
5.342227511007336949e-01
1.936521329658966728e+00
1.509859494264858215e+00
0.000000000000000000e+00
7.421346356940716760e-01
0.000000000000000000e+00
1.459368248299753201e+00
0.000000000000000000e+00
0.000000000000000000e+00
0.000000000000000000e+00
0.000000000000000000e+00
6.236399257039685340e-01
0.000000000000000000e+00
5.823116955507785519e-01
5.416608857852500680e-03
0.000000000000000000e+00
0.000000000000000000e+00
1.800804022080859212e+00
6.210592211167863530e-01
1.604436056737121419e+00
1.073649481821711965e-01
9.597304819644455476e-01
0.000000000000000000e+00
0.000000000000000000e+00
5.679319046697529627e-01
2.082995784985698304e-02
2.717651617218844518e+00
0.000000000000000000e+00
0.000000000000000000e+00
1.262790540420973162e+00
0.000000000000000000e+00
1.528008228456950945e+00
0.000000000000000000e+00
8.706661000277582385e-01
0.000000000000000000e+00
3.157166422043599097e-01
1.220675389588697257e+00
1.078557346955509644e+00
0.000000000000000000e+00
0.000000000000000000e+00
3.313830177404423760e-01
4.864023241003427311e-01
7.587848311145799496e-01
0.000000000000000000e+00
0.000000000000000000e+00
0.000000000000000000e+00
1.393170932608488233e+00
9.413996213094983495e-03
0.000000000000000000e+00
0.000000000000000000e+00
4.253892498822931523e-01
1.061505252999374704e+00
8.175787118419349095e-04
0.000000000000000000e+00
5.296031708280697636e-02
0.000000000000000000e+00
9.336321068389642486e-01
0.000000000000000000e+00
1.233023279929510885e+00
3.503120520845994235e-01
