# Ensemble D, m = 300.0, c_n/c_p = 0.625806451613, f = -0.97
# lambda = [  1.19703023e-08  -7.26635961e-09   0.00000000e+00   1.82112138e-09]
#  
0.000000000000000000e+00
9.009982304646848572e-01
3.346420653499236342e-01
1.294426122530166090e+00
2.742844916879206840e-01
1.453755226880469653e+00
1.360292422089227349e-01
1.323485572544378597e+00
3.237740230155956578e-01
1.216708442029357413e-02
0.000000000000000000e+00
0.000000000000000000e+00
1.864684299748874619e+00
1.527582390083756847e+00
0.000000000000000000e+00
1.845489033568763482e+00
1.017711021601799715e+00
1.090149843200499236e+00
0.000000000000000000e+00
2.924101308166172641e-01
0.000000000000000000e+00
0.000000000000000000e+00
1.127098472096474957e+00
2.095842518866229132e-01
0.000000000000000000e+00
1.903747576904537331e+00
0.000000000000000000e+00
3.065452721418611692e-01
9.704965458204473788e-03
0.000000000000000000e+00
1.523188692230537766e+00
0.000000000000000000e+00
1.683284425502134862e+00
4.591952176027941368e-01
1.134858472081027581e-01
8.296261996466680610e-02
1.611461834642985647e+00
2.264058385426754860e+00
0.000000000000000000e+00
0.000000000000000000e+00
0.000000000000000000e+00
9.102698107325255528e-01
0.000000000000000000e+00
6.920726797539660247e-01
6.732106813660716782e-02
5.399459084792301855e-01
0.000000000000000000e+00
1.593214023191216855e+00
0.000000000000000000e+00
2.598201150900948164e+00
1.144503845393905372e+00
0.000000000000000000e+00
1.060706576214761387e+00
5.202463054600309916e-02
0.000000000000000000e+00
9.529818513601082675e-01
0.000000000000000000e+00
0.000000000000000000e+00
5.226891968093790863e-01
1.147638539661841595e+00
3.689705536782657003e-01
0.000000000000000000e+00
1.223117953499981425e+00
8.258573832390674052e-02
2.242364930127254130e-01
0.000000000000000000e+00
9.038440371776099505e-03
1.453326966983490731e+00
2.000026798041838028e+00
1.037818579119895723e+00
3.894300959002079954e-01
7.696865771895920749e-02
0.000000000000000000e+00
0.000000000000000000e+00
0.000000000000000000e+00
0.000000000000000000e+00
0.000000000000000000e+00
9.513774025717165461e-01
0.000000000000000000e+00
1.518800689094695677e+00
0.000000000000000000e+00
0.000000000000000000e+00
1.410182873727676978e-01
0.000000000000000000e+00
1.612216563329367691e+00
2.303700672743703937e+00
1.584097123209570190e+00
0.000000000000000000e+00
0.000000000000000000e+00
0.000000000000000000e+00
4.134806681971931464e-01
2.346025399580626558e-01
3.891004453337333913e-01
2.999204936472789740e+00
7.988699806914283386e-01
0.000000000000000000e+00
0.000000000000000000e+00
0.000000000000000000e+00
1.430444588285137320e+00
1.528447463489503777e+00
