# Ensemble D, m = 300.0, lambda = [  9.59648446e-09  -7.47375979e-09   0.00000000e+00   2.00912648e-09]
9.183881397895071741e-01
0.000000000000000000e+00
0.000000000000000000e+00
0.000000000000000000e+00
1.015781497672975764e+00
0.000000000000000000e+00
1.322853692161078398e-01
9.973201330992972902e-02
0.000000000000000000e+00
6.192510064304854733e-01
1.652580027041232080e+00
1.195304741848152386e+00
0.000000000000000000e+00
8.227500681928728854e-01
1.829888604367576332e-01
3.846336077841114309e-01
4.507918526334648845e-01
6.048904445026904719e-01
1.302669763979061646e+00
0.000000000000000000e+00
1.588951492906348850e+00
0.000000000000000000e+00
4.129842817761583129e-01
1.112733577797766049e+00
2.972902332781099943e+00
1.543902992782259398e+00
1.132681438938818674e+00
1.356520610266259252e+00
6.207230227641866716e-01
0.000000000000000000e+00
9.553427436225498948e-01
0.000000000000000000e+00
9.697072682695585533e-01
2.308610254380560889e-01
2.433765011757027974e+00
0.000000000000000000e+00
8.236119769647344546e-02
1.193203888632634158e+00
0.000000000000000000e+00
1.689943827912489205e+00
4.279733771692762478e-01
0.000000000000000000e+00
2.638123274432606635e+00
1.114323217003936772e+00
0.000000000000000000e+00
0.000000000000000000e+00
0.000000000000000000e+00
1.143782884004969774e-01
2.774784911685295730e-01
0.000000000000000000e+00
1.864118629762836932e+00
0.000000000000000000e+00
0.000000000000000000e+00
8.687906913592167990e-02
0.000000000000000000e+00
0.000000000000000000e+00
0.000000000000000000e+00
1.415740302688183849e+00
1.063162365159564748e+00
9.551297914887471041e-01
2.910714393172948444e-01
2.035102524995938467e+00
1.262036031858811747e+00
1.204307651980218274e+00
0.000000000000000000e+00
5.869036666793999713e-01
4.965112549708427907e-03
0.000000000000000000e+00
0.000000000000000000e+00
0.000000000000000000e+00
6.826956831792521108e-01
1.722229601191824999e+00
6.393974244136966245e-01
1.487187865472238801e+00
1.650281974591536693e+00
1.293853925350010980e+00
1.890073257500855197e+00
1.351455200397789103e+00
1.883508969462299731e+00
0.000000000000000000e+00
8.320596203587085071e-01
1.820453643684897356e-03
1.605264871694740414e+00
2.598188801967194969e-02
2.709004990119244227e-01
1.812787991497234907e+00
3.089915945910826078e-01
3.325856816218727020e-03
2.146050281809231741e+00
0.000000000000000000e+00
0.000000000000000000e+00
0.000000000000000000e+00
0.000000000000000000e+00
4.851989829351023853e-01
1.005525862610815890e+00
6.693518102085068699e-01
1.386277183828046766e+00
1.572105608039955804e+00
1.628300170533525382e+00
0.000000000000000000e+00
