# Ensemble D, m = 300.0, lambda = [  1.11382746e-08  -9.28420103e-09   0.00000000e+00   1.55569990e-09]
2.801705528306953560e-03
0.000000000000000000e+00
0.000000000000000000e+00
3.105992070768664928e-03
0.000000000000000000e+00
6.154458118039101144e-01
5.729297271606379471e-01
1.873746079723416891e+00
0.000000000000000000e+00
1.168996853910848399e+00
8.046627779792474566e-01
0.000000000000000000e+00
0.000000000000000000e+00
3.305855649894024140e+00
6.860852396574148582e-01
2.065262104371105856e-01
0.000000000000000000e+00
0.000000000000000000e+00
4.641707414685095068e-01
0.000000000000000000e+00
0.000000000000000000e+00
0.000000000000000000e+00
9.485325087809344247e-01
1.910867842257894411e+00
4.417486785879150557e-01
0.000000000000000000e+00
5.766870513402858750e-03
1.341146627187097318e+00
1.360917180248742697e-01
0.000000000000000000e+00
0.000000000000000000e+00
2.622869368414496027e-01
1.491268632328184740e+00
0.000000000000000000e+00
0.000000000000000000e+00
5.543375888534215479e-01
9.365319977230043835e-02
0.000000000000000000e+00
9.552019305339467525e-01
0.000000000000000000e+00
8.282174991927084839e-01
9.574074493182876955e-01
0.000000000000000000e+00
3.042260405592424721e+00
3.496738103062663888e-02
0.000000000000000000e+00
0.000000000000000000e+00
1.145168939835578437e+00
7.002879305179651181e-01
0.000000000000000000e+00
0.000000000000000000e+00
1.331397030371786139e+00
0.000000000000000000e+00
3.234906732921691841e-01
6.106182213372346457e-01
9.933904549451568755e-01
8.511093914374301406e-01
1.862458256361748110e-01
0.000000000000000000e+00
0.000000000000000000e+00
0.000000000000000000e+00
0.000000000000000000e+00
6.221255637683343886e-01
0.000000000000000000e+00
0.000000000000000000e+00
1.715594271973469143e+00
9.147841254006565670e-01
2.152893333376784124e+00
0.000000000000000000e+00
7.370130168635923296e-01
0.000000000000000000e+00
8.751266098031308394e-01
1.079098212062152395e+00
7.277706198521639580e-01
8.812830784178579124e-01
1.285106705747237399e+00
1.094057329767230691e+00
3.729791920173808339e-01
0.000000000000000000e+00
3.189097010393420195e+00
9.923770606729831467e-01
2.541688981233558575e+00
0.000000000000000000e+00
0.000000000000000000e+00
3.139886026952088738e+00
0.000000000000000000e+00
1.793719295601108099e+00
1.047927420288893074e+00
1.035419444356771690e+00
1.070872370187653022e+00
1.804401501668124297e+00
0.000000000000000000e+00
0.000000000000000000e+00
3.825257623356441261e+00
8.085943317100008354e-01
5.239620698570721657e-01
0.000000000000000000e+00
1.394363601219104742e+00
1.234357564581418210e+00
8.523314087819605644e-02
