# Ensemble D, m = 300.0, lambda = [  2.59101038e-08  -1.94846070e-08   0.00000000e+00   1.69217945e-09]
3.673207841633879589e+00
3.820407367895701789e+00
2.946172154141393662e+00
1.742627086414753279e+00
2.092207102435241772e+00
2.385233329748611020e+00
3.212496495189573142e+00
2.820402969134891968e+00
1.572719703008968128e+00
3.209292010830739894e+00
2.842480081290504668e+00
1.204483389218308442e+00
2.018994693242212257e+00
2.977208442554545087e+00
2.105381829973770547e+00
2.784932956895708411e+00
1.862160733431079240e+00
2.530267359765553170e+00
2.253149480030563367e+00
3.480356962356968786e+00
2.876949683628126753e+00
2.606572247946679965e+00
8.296741379322754018e-01
3.780751576417603843e+00
1.751991869652543832e+00
2.979602726557748937e+00
3.265619931909820917e+00
3.181256902553009969e+00
2.545969149401361431e+00
3.000476978808439998e+00
2.512818688389869326e+00
2.527200681979775876e+00
3.618949195343684977e+00
2.726702588360041979e+00
2.685074999931579498e+00
2.845632125702052040e+00
3.457817583653362448e+00
2.131065390958221339e+00
1.476503734608705987e+00
2.133039291630585144e+00
2.735674568771238047e+00
2.750349529361371559e+00
3.246117171946569346e+00
1.201905775590920378e+00
3.047768006039970778e+00
3.108202157726622783e+00
3.568057282176527512e+00
3.088849048397185548e+00
2.631843430432574849e+00
3.105512335117762035e+00
9.984604088363371321e-01
1.181191364788272802e+00
2.320597886703896773e+00
7.618260963437492039e-01
0.000000000000000000e+00
1.769446419892316547e+00
2.622622520468234963e+00
3.642358826307027009e+00
3.728233664935921343e+00
2.970919841930656169e+00
2.902121575714154300e+00
3.102935839141540697e+00
2.590013863214474910e+00
3.103714412878972428e+00
2.417890151671845622e+00
3.382135677644059424e+00
3.644040514364490502e+00
3.154996865342459600e+00
3.832859006071068109e+00
2.453314207170564920e+00
3.523902398738487207e+00
2.262754946434842207e+00
2.410468968203830720e+00
2.432243796772476596e+00
3.455532914676460177e+00
1.695262101192699378e+00
2.726012599518943702e+00
3.006851178326375162e+00
3.057141095666606745e+00
7.735535148940833605e-02
2.287784048292931693e+00
2.976733655475369389e+00
1.677198110548121734e+00
2.763844397938072461e+00
2.333073001723129813e+00
3.725199962511485552e+00
2.270887461389442752e+00
3.524926623547582238e+00
2.788038043297697666e+00
2.398057590074912593e+00
3.048059462160380928e+00
1.993660828403359009e+00
1.317728694643383491e+00
2.107739541361809188e+00
7.658481116534142652e-01
5.236413923283212979e-01
1.948081598591265395e+00
2.743984059087319238e+00
3.664065846749682276e+00
9.847771692869894400e-01
