# Ensemble D, m = 300.0, c_n/c_p = 0.754838709677, f = -0.979130434783
# lambda = [  1.35599058e-08  -1.00219305e-08   0.00000000e+00   2.08019834e-09]
#  
1.571545155556278495e+00
1.103561606322161909e-01
0.000000000000000000e+00
1.984728409351619316e+00
4.437853109208977909e-01
0.000000000000000000e+00
7.540099180778052634e-01
1.298257899325588882e-01
2.431757040030628314e+00
3.519307370864368512e-01
1.167924430402097924e+00
7.740323247399039097e-02
1.225795774786154063e-01
1.922111357265064324e+00
0.000000000000000000e+00
0.000000000000000000e+00
2.033165571502902669e+00
0.000000000000000000e+00
1.497163812160227647e-01
3.119500829985317192e-01
1.292978595719070700e+00
1.302880203354829014e+00
1.301304709617564725e+00
0.000000000000000000e+00
1.793539694224345782e+00
2.502553383426942002e-01
0.000000000000000000e+00
2.042154128127778634e+00
2.062754298853317625e+00
2.323005344377962800e+00
0.000000000000000000e+00
1.258435770512406737e+00
1.986788888261937502e-01
1.399213355025456101e-02
4.546018961887888787e-01
3.073568736475935648e-01
4.833705361519040344e-02
1.326796188568605706e+00
3.650026925996441851e-01
6.814189474171457039e-01
4.155152881592425462e-01
7.193483045416202426e-01
5.152972900287858815e-01
2.627635777790704896e+00
1.000394777119364975e-01
2.235782001560759014e+00
0.000000000000000000e+00
1.161285577833982563e+00
0.000000000000000000e+00
9.898265807425700794e-03
0.000000000000000000e+00
7.868669470218916939e-02
0.000000000000000000e+00
2.057903008632040898e+00
5.381886353459495176e-01
2.160711527807058108e+00
0.000000000000000000e+00
1.115939027346836809e+00
1.191992555472558557e+00
3.458111807625698919e-01
1.799527604143197568e+00
4.908137554210945802e-02
3.570836100177216532e-01
1.958873850578693565e+00
6.150987739708578816e-01
0.000000000000000000e+00
0.000000000000000000e+00
0.000000000000000000e+00
1.242954367982630259e+00
1.540697953372945461e+00
3.098979080561231059e-01
1.611536495057164897e+00
0.000000000000000000e+00
5.577748151220640604e-03
1.765355431781177042e-01
0.000000000000000000e+00
4.056081745918403425e-01
3.463265650497546755e-01
8.602685818134642171e-02
3.427827476917746807e+00
4.085904015315324628e-02
0.000000000000000000e+00
2.073771313762108548e+00
1.569486840563237173e+00
8.951995247388672139e-02
1.728226390940576507e-01
0.000000000000000000e+00
1.586189083791453180e+00
2.024650506528546112e-01
1.267622450047965477e-01
1.458721378348692532e+00
4.732743727175388604e-01
1.589577601615067004e-01
2.292826810975541196e+00
0.000000000000000000e+00
2.179073996330846974e-01
2.754654317471366132e-01
2.416980213250917942e+00
1.097871345309608809e-01
1.153245200757428535e+00
