# Ensemble D, m = 300.0, lambda = [  7.76281247e-09  -7.14397859e-09   0.00000000e+00   1.30384376e-09]
2.725204521645289812e+00
0.000000000000000000e+00
2.174027611438779650e-01
0.000000000000000000e+00
0.000000000000000000e+00
2.676563897378614776e+00
0.000000000000000000e+00
0.000000000000000000e+00
0.000000000000000000e+00
0.000000000000000000e+00
0.000000000000000000e+00
0.000000000000000000e+00
8.586951188824221148e-01
0.000000000000000000e+00
0.000000000000000000e+00
4.288098889772685163e-01
0.000000000000000000e+00
2.630126509434763893e+00
3.155383067541535080e-01
0.000000000000000000e+00
7.620779645286295256e-01
0.000000000000000000e+00
0.000000000000000000e+00
1.208097885320656151e-01
2.622617458319637329e+00
0.000000000000000000e+00
1.583379047740990642e-01
1.088280466870853759e-02
3.521237740822142359e-01
0.000000000000000000e+00
2.124635059925480407e-01
0.000000000000000000e+00
0.000000000000000000e+00
0.000000000000000000e+00
0.000000000000000000e+00
0.000000000000000000e+00
9.947121928859005147e-01
0.000000000000000000e+00
0.000000000000000000e+00
0.000000000000000000e+00
2.071172378243172907e-01
0.000000000000000000e+00
7.532220755163641090e-01
5.851649870134643106e-01
7.989463670197102796e-02
0.000000000000000000e+00
0.000000000000000000e+00
6.090166602619018210e-01
0.000000000000000000e+00
0.000000000000000000e+00
0.000000000000000000e+00
0.000000000000000000e+00
0.000000000000000000e+00
6.850931865247587016e-01
0.000000000000000000e+00
1.845140017388135489e-01
5.728492902436023160e-01
0.000000000000000000e+00
1.267689798690872394e+00
9.713683855687906821e-01
1.145408744514185395e+00
0.000000000000000000e+00
1.359568666397695580e+00
0.000000000000000000e+00
1.334532674009361042e+00
2.179167286961522176e+00
0.000000000000000000e+00
1.273054566352056216e-01
4.775417803967416108e-01
0.000000000000000000e+00
0.000000000000000000e+00
2.065805897685605852e-01
1.042568054622887291e-01
7.446635471171991760e-02
0.000000000000000000e+00
0.000000000000000000e+00
6.932675090040942845e-01
0.000000000000000000e+00
1.655795637613905136e+00
0.000000000000000000e+00
1.246089704528703102e-01
0.000000000000000000e+00
0.000000000000000000e+00
0.000000000000000000e+00
0.000000000000000000e+00
0.000000000000000000e+00
0.000000000000000000e+00
1.104926853885691340e+00
0.000000000000000000e+00
1.001236047178452493e+00
3.413473530527219579e-01
1.456692841182192666e+00
0.000000000000000000e+00
5.399027401707049423e-01
0.000000000000000000e+00
0.000000000000000000e+00
3.649218805468304114e-03
0.000000000000000000e+00
1.184878080826294644e+00
6.498531080585290276e-01
