# Ensemble D, m = 300.0, c_n/c_p = 0.754838709677, f = -0.972608695652
# lambda = [  1.20012626e-08  -8.81087926e-09   0.00000000e+00   2.10575543e-09]
#  
5.066417542494076054e-01
4.738801890381401649e-01
1.575750023243193798e+00
1.589768859265268952e-01
8.354280649383291069e-01
0.000000000000000000e+00
2.576743434277830036e-01
2.539129511070412626e-01
2.919203157864097651e-03
0.000000000000000000e+00
3.974350697434978485e-01
0.000000000000000000e+00
0.000000000000000000e+00
0.000000000000000000e+00
0.000000000000000000e+00
0.000000000000000000e+00
0.000000000000000000e+00
7.800604208387996730e-01
9.681820330369742544e-01
2.024518597560397648e+00
3.197297610932376077e+00
0.000000000000000000e+00
1.710839311379546146e+00
4.276301097198554474e-02
5.901267495517411588e-01
0.000000000000000000e+00
1.561420073530246921e-01
4.870087871261050139e-01
1.577081223577468272e+00
1.584492520346870492e+00
7.573664463394683688e-01
0.000000000000000000e+00
1.377175032712279368e+00
1.153067051407014459e-01
2.371442445213256534e-02
0.000000000000000000e+00
0.000000000000000000e+00
6.307689739962209219e-02
2.686003462222275040e-01
3.153906493127182631e-01
1.178373625769907340e+00
0.000000000000000000e+00
1.973581585403310149e-02
0.000000000000000000e+00
2.063338790269148015e-02
5.393486862043870289e-01
6.774761051399339484e-01
0.000000000000000000e+00
3.459269382454967512e-01
0.000000000000000000e+00
5.259110370421540837e-02
0.000000000000000000e+00
2.933986704664592882e-01
1.869017648592351810e-01
3.361983207679862529e-02
1.304535115942270451e+00
0.000000000000000000e+00
9.571984074239486828e-02
2.626917842524797431e-01
0.000000000000000000e+00
3.132351347522829066e+00
1.669680752799762136e+00
2.013749887589658449e+00
5.164276681456596990e-02
5.071590521615055858e-01
3.122947095170096610e+00
4.488278933809080468e-02
0.000000000000000000e+00
1.233121312065996733e+00
7.901349581221473947e-03
2.528765074137203417e+00
5.692094313153457374e-01
2.439864584124402380e-01
0.000000000000000000e+00
5.146323229284135437e-01
8.869074878908544957e-01
3.712433451521299915e-02
2.149288753060060453e-01
1.915437215397538973e+00
3.446142970965334618e-01
6.284684920237633143e-01
8.452116012820949376e-01
0.000000000000000000e+00
5.159823035760628951e-01
6.095170795486182236e-02
1.245300606700123075e-01
0.000000000000000000e+00
1.401512946616821909e+00
0.000000000000000000e+00
0.000000000000000000e+00
6.477804466104192249e-02
3.936595572735683835e-01
1.623184656278068072e+00
3.482174086291348614e-01
1.680090695515651156e+00
9.541065875030159127e-01
0.000000000000000000e+00
3.464410944730529282e-03
2.205184755662585872e+00
4.072207860703491167e-01
