# Ensemble D, m = 300.0, lambda = [  1.27691206e-08  -8.24133461e-09   0.00000000e+00   2.02002290e-09]
0.000000000000000000e+00
0.000000000000000000e+00
1.899927152800228836e+00
3.696801359863312597e-01
8.854277786447891652e-01
0.000000000000000000e+00
3.962646492006904192e-02
6.214406217235125540e-01
6.087359106401262210e-01
8.469593323720990830e-01
1.034684917429931517e+00
1.457234534887985156e+00
0.000000000000000000e+00
1.468092017821720274e+00
2.780286039197273240e+00
1.123376504224308903e+00
7.916092518066907280e-01
1.195589458973604247e+00
4.237880477142873942e-02
0.000000000000000000e+00
0.000000000000000000e+00
0.000000000000000000e+00
0.000000000000000000e+00
8.585297830215526949e-01
4.134488872816440286e-01
2.267143645269735774e+00
0.000000000000000000e+00
4.377738445985780991e-01
1.990990718141025573e+00
3.158117238053241849e-01
2.165027189204390620e-02
4.067151171292824885e-01
1.751386304932842419e+00
0.000000000000000000e+00
0.000000000000000000e+00
5.771558503620964897e-01
1.484184417341388951e+00
7.680565874151170647e-01
0.000000000000000000e+00
1.148513004459966735e+00
3.855294791066458671e-01
0.000000000000000000e+00
2.164333158502586230e+00
1.001203184984429326e-02
0.000000000000000000e+00
1.335524254716643711e+00
8.943243339256921054e-01
1.415455128657965966e+00
1.147963066592306181e+00
0.000000000000000000e+00
0.000000000000000000e+00
4.973215375340363509e-01
2.748474716069064794e-01
2.203152409532405986e+00
2.302184901019071750e-01
0.000000000000000000e+00
0.000000000000000000e+00
2.933406224084932901e-01
0.000000000000000000e+00
1.508838996929727561e+00
3.207711171928343680e-02
7.364591442938326349e-01
1.312073384280038946e+00
1.570192805612021791e+00
0.000000000000000000e+00
2.055571370517147445e-01
5.251630843241167357e-01
6.038651693845848989e-01
1.655828632386569632e+00
0.000000000000000000e+00
8.173247941105914183e-02
0.000000000000000000e+00
0.000000000000000000e+00
1.173568818756747234e+00
0.000000000000000000e+00
8.801852825799026947e-01
4.165338092970400918e-01
0.000000000000000000e+00
5.858064238054400824e-02
2.936619020902874744e-01
0.000000000000000000e+00
6.715618866951594823e-01
0.000000000000000000e+00
0.000000000000000000e+00
0.000000000000000000e+00
1.231067700342829863e+00
1.002236689304604189e+00
5.397376767580998047e-01
1.905300989583903037e+00
0.000000000000000000e+00
0.000000000000000000e+00
3.164988083754505244e-01
0.000000000000000000e+00
8.994505638259543689e-02
4.040380462787924731e-01
4.123642577246858787e-01
1.758654992622825652e-01
0.000000000000000000e+00
0.000000000000000000e+00
2.883916199152593562e-01
