# Ensemble D, m = 300.0, c_n/c_p = 0.832258064516, f = -0.965714285714
# lambda = [  8.95984015e-09  -7.20123411e-09   0.00000000e+00   1.93586502e-09]
#  
1.131534440392229834e+00
0.000000000000000000e+00
4.787096222026060999e-01
1.105693974733742979e-01
1.538820805771131228e+00
0.000000000000000000e+00
0.000000000000000000e+00
1.799788569196302257e+00
2.675132107185524966e+00
0.000000000000000000e+00
5.072930170895189050e-01
0.000000000000000000e+00
0.000000000000000000e+00
7.832699300206729109e-01
0.000000000000000000e+00
0.000000000000000000e+00
0.000000000000000000e+00
0.000000000000000000e+00
0.000000000000000000e+00
7.993742037711533410e-03
2.346319112249166228e+00
7.942169104103986577e-01
1.706257277619069646e+00
0.000000000000000000e+00
2.703047862548582092e+00
4.615107659811087393e-01
5.957923463556370480e-01
0.000000000000000000e+00
6.285560705280063276e-01
2.400606453482124536e+00
1.878139233194634772e-01
1.124892234986184736e+00
8.299159706303951278e-01
5.190540924948228163e-01
0.000000000000000000e+00
0.000000000000000000e+00
0.000000000000000000e+00
5.414542889213558308e-01
0.000000000000000000e+00
1.609088393665898953e-01
1.535198391033469445e+00
7.667775909105135623e-01
6.442099360661019958e-01
8.629256699605447611e-01
1.516594266879210284e+00
0.000000000000000000e+00
0.000000000000000000e+00
0.000000000000000000e+00
1.471586654835234320e+00
7.558684404925206657e-01
8.547669263776215276e-01
6.127078910580878723e-01
3.010932648441890791e-01
3.888325756432640667e-01
0.000000000000000000e+00
0.000000000000000000e+00
9.850211538537138878e-02
0.000000000000000000e+00
4.987757053540042840e-02
8.393674932031394142e-01
2.606648035114018214e+00
0.000000000000000000e+00
3.077339757218817251e+00
1.716429985592711205e-01
1.857010880262422781e+00
0.000000000000000000e+00
5.441072847399088808e-01
4.984749494859609942e-01
1.067905051924180171e+00
0.000000000000000000e+00
1.138290587877017312e+00
1.377948808482461818e+00
2.131074405034079789e-03
0.000000000000000000e+00
4.301677505485611008e-01
2.303220687101931841e+00
1.390359962292628593e+00
1.339109845693636114e+00
1.233744517625702031e+00
8.461302454136305773e-01
0.000000000000000000e+00
1.237221407255752137e+00
5.549881792667690217e-01
7.418307552927131399e-01
1.708157902793067784e+00
2.269759394495057467e-02
1.407178922844144919e+00
1.649657920022759683e+00
0.000000000000000000e+00
7.303218844566439216e-01
2.472845081715577265e-01
1.384865410170149191e+00
2.917968044582279319e+00
7.065421120717346737e-01
1.267196962633468704e+00
0.000000000000000000e+00
0.000000000000000000e+00
1.232733457008198030e+00
1.178660629010529703e+00
2.599052365712937629e+00
