# Ensemble D, m = 300.0, lambda = [  1.97468341e-08  -1.53381941e-08   0.00000000e+00   1.53959893e-09]
2.335520043761130538e+00
4.524676413682180431e+00
2.349545807747255299e+00
3.696955341624931002e+00
1.659903509317832260e+00
2.385248220116563456e+00
3.024148191833485821e+00
1.080265560705763184e+00
1.660189275394000630e+00
1.943944929160146495e+00
2.046794371973617910e+00
2.032024284139477111e+00
9.136101573940677012e-01
1.734285543783194106e+00
2.519802171438779492e+00
1.185175083786265370e-02
3.029068853201008160e+00
2.472004707787558431e+00
1.684576995165357305e+00
2.706871550779216484e+00
2.785850726601111660e+00
2.197179265906251899e+00
1.995939338707612531e+00
1.331836699748342690e-03
2.875197101061622185e+00
1.463769109581449790e+00
2.848968087414864847e+00
1.874703769989700453e+00
1.879066063536002570e-02
1.989721840269219166e+00
2.850081794037429894e+00
2.660409886372315125e+00
1.257472187287314469e+00
7.549354563314756295e-01
0.000000000000000000e+00
2.721915045435590486e+00
2.865506793436015442e+00
2.482974349995751062e+00
4.697066219191293190e-01
1.995486702424828174e+00
0.000000000000000000e+00
7.320741474935412718e-01
3.059350166200266230e+00
3.555420706843140266e+00
2.148549108621784942e+00
5.901507986412953821e-01
2.052230174806540242e-01
2.302218328723155238e+00
2.172922452861004050e+00
3.227365476814426870e+00
3.303045540085581155e+00
1.472989561507091816e+00
1.093457683463983088e+00
4.739650194457413201e-01
1.461004903288801282e+00
2.051885331535607815e+00
7.619978225443113651e-02
3.561615215975853399e+00
3.422618149811847310e+00
0.000000000000000000e+00
1.399919495088128851e+00
2.215579809952087587e+00
3.672722752491748732e+00
1.720150447784709602e+00
2.362854924686317304e+00
6.639917381754849302e-02
2.663607461217460948e+00
2.031723432656173944e+00
2.344077631363523206e+00
2.123942262487378940e+00
1.082087637086023069e+00
2.248726641224475298e+00
3.494800633105884291e+00
1.855549915012286943e+00
2.971546271602821143e+00
2.530132073912929158e+00
1.512192284968969958e+00
2.148886864802812990e+00
1.286507042983254578e+00
2.358880799273110895e+00
2.560299073844724216e+00
2.286212143261266760e+00
6.918303348400191288e-02
3.443386210843865314e+00
3.403667676045518231e+00
3.598510185065336042e+00
1.460075855353154761e+00
1.987979777721211594e+00
2.257797941459938951e+00
2.489917116286645360e+00
3.379574330400252347e-01
0.000000000000000000e+00
2.530624572140144135e+00
1.670126308491350908e+00
2.978225864288108204e-01
2.678711276791657880e+00
3.021787823632807068e+00
3.797635158283815482e+00
2.349035394123391296e-01
5.565797831860385542e-02
