# Ensemble D, m = 300.0, c_n/c_p = 0.922580645161, f = -0.983043478261
# lambda = [  8.04542215e-09  -7.29669011e-09   0.00000000e+00   1.36109262e-09]
#  
0.000000000000000000e+00
0.000000000000000000e+00
0.000000000000000000e+00
4.928186828717405210e-01
5.049258225239460218e-01
2.918749660386723010e-01
1.096793093047414847e-01
0.000000000000000000e+00
3.302123491865208149e-01
4.282662735164698975e-01
0.000000000000000000e+00
4.550876962773189871e-01
5.119393525166605896e-02
1.630516776487757058e-01
0.000000000000000000e+00
1.362477370865972093e-01
4.943532341155980059e-01
0.000000000000000000e+00
0.000000000000000000e+00
0.000000000000000000e+00
1.008045250086323730e+00
1.569200901442897311e-01
1.339469971338457466e+00
2.747773274270546850e-01
1.822826483959348209e+00
0.000000000000000000e+00
2.388837536917464421e-01
0.000000000000000000e+00
0.000000000000000000e+00
7.460251083052953369e-01
2.028255989497689704e+00
1.701703460645524135e+00
1.440234990593778575e+00
9.769514054756835986e-01
4.715992505595140161e-02
2.177730313928627481e-01
1.390605214065493422e+00
0.000000000000000000e+00
0.000000000000000000e+00
0.000000000000000000e+00
6.226403452628552770e-01
0.000000000000000000e+00
2.254367814392478131e+00
0.000000000000000000e+00
0.000000000000000000e+00
5.488625006040356302e-01
0.000000000000000000e+00
0.000000000000000000e+00
0.000000000000000000e+00
0.000000000000000000e+00
0.000000000000000000e+00
0.000000000000000000e+00
0.000000000000000000e+00
0.000000000000000000e+00
0.000000000000000000e+00
0.000000000000000000e+00
0.000000000000000000e+00
0.000000000000000000e+00
1.918719728268269411e-03
1.526217368700334642e+00
1.662300650454159590e-01
4.796391302131402523e-01
6.929403604829828534e-02
0.000000000000000000e+00
1.267683336010851786e-02
0.000000000000000000e+00
3.353363398055856370e-01
6.723672475226883938e-01
2.620011831717333206e-01
4.960644135128147725e-01
7.076387721586977486e-01
0.000000000000000000e+00
6.348177018490301637e-02
0.000000000000000000e+00
1.609595678735051619e-02
0.000000000000000000e+00
1.161138445368086192e+00
1.441484672900080977e+00
7.259871658604621913e-01
5.101036010534784060e-01
0.000000000000000000e+00
0.000000000000000000e+00
7.865768615681446585e-01
4.049841252538729508e-01
9.777845190361722505e-01
3.937377945718203986e-01
0.000000000000000000e+00
0.000000000000000000e+00
0.000000000000000000e+00
0.000000000000000000e+00
0.000000000000000000e+00
0.000000000000000000e+00
0.000000000000000000e+00
1.111136244795793981e-01
9.872094536095089579e-01
3.660875498906808190e-01
0.000000000000000000e+00
2.686760406059945927e-01
0.000000000000000000e+00
0.000000000000000000e+00
