# Ensemble D, m = 300.0, lambda = [  7.89021897e-09  -7.00708712e-09   0.00000000e+00   1.55499579e-09]
8.786384202560534873e-02
0.000000000000000000e+00
2.014475607121090750e+00
0.000000000000000000e+00
1.824318602796391048e-02
3.807488791884341417e-01
6.390919321531112612e-03
0.000000000000000000e+00
1.105842381500325766e+00
0.000000000000000000e+00
0.000000000000000000e+00
0.000000000000000000e+00
1.023995586403837477e+00
0.000000000000000000e+00
2.467556553297924060e-01
1.713157380148858100e-01
0.000000000000000000e+00
1.392683869225256110e+00
0.000000000000000000e+00
8.031784143549395294e-01
0.000000000000000000e+00
0.000000000000000000e+00
1.082203393886748133e+00
0.000000000000000000e+00
2.574825594006699081e+00
2.692961185897974064e-02
0.000000000000000000e+00
9.262781645523590623e-02
0.000000000000000000e+00
0.000000000000000000e+00
0.000000000000000000e+00
1.120381085886246325e-01
0.000000000000000000e+00
0.000000000000000000e+00
9.931164267460457218e-01
0.000000000000000000e+00
1.641356035109196476e+00
9.666975113395660513e-01
0.000000000000000000e+00
7.986677826309447614e-02
5.953988833707428707e-01
1.520847735021037650e+00
0.000000000000000000e+00
1.255146062016536446e+00
7.866574430829231801e-01
1.481304415810120068e+00
7.773252426491807920e-01
1.682213950246355338e+00
0.000000000000000000e+00
1.103983018803780691e+00
0.000000000000000000e+00
3.127922575415766904e+00
1.115595918339110870e+00
0.000000000000000000e+00
1.871220803229041385e+00
0.000000000000000000e+00
0.000000000000000000e+00
2.908966305714223655e+00
0.000000000000000000e+00
0.000000000000000000e+00
1.187734975573495833e+00
2.616620145387388963e+00
1.242628572855091651e+00
7.579177801315558627e-01
2.888005402056140758e-01
1.490399746343341603e+00
1.661627799665861716e+00
0.000000000000000000e+00
0.000000000000000000e+00
7.034470537482090391e-01
2.678921622648411827e+00
2.787294251407684224e-03
9.170528524828184258e-01
1.491894749577969172e-02
2.434611361996761592e-01
0.000000000000000000e+00
1.645211259003272142e+00
0.000000000000000000e+00
7.154252023003038197e-01
1.348648197830785600e+00
1.141498490813016131e+00
0.000000000000000000e+00
1.990649270885349376e+00
9.208169176632804431e-01
6.055930347638475153e-01
2.541658353991740893e-01
3.283061979674063435e-01
0.000000000000000000e+00
0.000000000000000000e+00
6.887983050141536223e-01
6.417754970285694145e-03
0.000000000000000000e+00
0.000000000000000000e+00
0.000000000000000000e+00
0.000000000000000000e+00
0.000000000000000000e+00
1.082033061348813135e-01
1.440400886505244449e+00
1.749502486085351638e+00
0.000000000000000000e+00
