# Ensemble D, m = 300.0, lambda = [  2.31117329e-08  -1.58149488e-08   0.00000000e+00   2.10596675e-09]
1.057268813104411009e+00
1.008667232592113105e+00
1.810539371421948873e+00
7.939401613857408613e-01
1.506113126329224894e+00
1.238158730786449169e-01
2.374490145247245554e+00
3.597246429196032658e-01
1.168427812015629730e+00
1.500195680024930978e+00
1.213077285560928864e+00
0.000000000000000000e+00
7.834600393735503543e-01
1.251073923719740577e+00
2.903655819536975713e+00
1.356291618048502290e+00
2.635812666009540894e+00
1.287217009691905001e-01
4.504256233026060485e-01
0.000000000000000000e+00
2.007907446995434331e+00
1.311351456930012649e+00
0.000000000000000000e+00
8.176180583000273172e-01
1.563796666645152822e+00
9.239037896935536898e-01
1.496213029172577480e+00
3.641647286767808023e+00
5.775385106001010849e-01
0.000000000000000000e+00
6.638790573326261435e-02
2.265163057742934249e+00
6.602074656865458691e-01
2.681419721052419103e+00
0.000000000000000000e+00
8.139979281946246870e-01
1.876010550794102949e+00
1.686866913921780675e+00
1.632929069919734300e+00
1.829834455996378839e+00
0.000000000000000000e+00
0.000000000000000000e+00
0.000000000000000000e+00
9.290275192405035298e-01
1.401957761606809960e+00
2.724198807684744761e+00
0.000000000000000000e+00
1.629045832597928678e+00
4.388717102442152851e-01
0.000000000000000000e+00
1.203026204983984382e+00
8.966526440343677296e-01
2.060454247372465186e+00
1.153378384004418722e+00
4.652885552097392463e-02
2.169757112773029295e+00
2.590753752786361108e+00
1.271696777952613822e+00
2.070638576897561922e+00
0.000000000000000000e+00
1.030717043283903012e+00
1.720354626711003032e+00
0.000000000000000000e+00
1.977571044249526455e-01
2.469049688876637116e+00
1.164284270076169747e+00
6.958422925087729416e-01
9.440721846283579854e-02
1.219462833623376152e+00
7.757085674526964514e-02
9.445558863589296195e-01
8.346232444276240336e-01
2.720029728642884059e+00
9.660857579063799605e-01
2.876595927600829938e+00
0.000000000000000000e+00
1.189137640043304689e+00
2.330798854806336529e+00
4.157164060189065813e-01
7.146852904093548009e-01
1.738348204694321275e+00
1.166748067522386467e+00
9.387918856939929668e-01
4.745263187064411858e-01
1.531117014895846840e+00
3.460400213655198121e-01
2.793477457851791801e+00
1.035532202937341273e+00
5.867354044380533873e-01
1.288031900442808908e+00
1.006494100577017381e+00
1.895323091040224672e-01
1.538328463371473331e-01
7.652041122453249189e-01
0.000000000000000000e+00
0.000000000000000000e+00
2.334830495463033451e+00
6.022934729150268840e-01
1.142778355972231985e+00
0.000000000000000000e+00
