# Ensemble D, m = 300.0, c_n/c_p = 0.6, f = -0.986956521739
# lambda = [  1.47006176e-08  -8.70532224e-09   0.00000000e+00   1.41996527e-09]
#  
2.008571703997031610e-01
1.355645416101577960e-01
3.455357632009278812e-01
1.687124161407829614e+00
2.074431756090701739e+00
0.000000000000000000e+00
0.000000000000000000e+00
0.000000000000000000e+00
0.000000000000000000e+00
2.336933336141589379e+00
5.166118517197597626e-01
4.030557574350931982e-01
0.000000000000000000e+00
1.467888431938471294e+00
0.000000000000000000e+00
0.000000000000000000e+00
2.077797664318211668e-01
6.459504270937598269e-01
0.000000000000000000e+00
1.855474330307856246e+00
0.000000000000000000e+00
7.324701333538831127e-01
2.878650127315098284e-01
0.000000000000000000e+00
1.134868037797112539e+00
0.000000000000000000e+00
8.787861861817268805e-01
2.146210224450373072e-01
2.292237861612526295e+00
0.000000000000000000e+00
1.032884240207406212e-01
9.348458362961138413e-01
1.774857556894353094e-01
0.000000000000000000e+00
1.092531558965494698e+00
9.520117433174758448e-01
0.000000000000000000e+00
0.000000000000000000e+00
0.000000000000000000e+00
0.000000000000000000e+00
1.163367855310748711e+00
1.490078889676520468e+00
1.491309801880550623e+00
1.650536305451098418e+00
1.110518090075102160e+00
9.251072880439856760e-01
0.000000000000000000e+00
0.000000000000000000e+00
0.000000000000000000e+00
2.531635218008216337e-01
0.000000000000000000e+00
0.000000000000000000e+00
0.000000000000000000e+00
0.000000000000000000e+00
0.000000000000000000e+00
1.250275926321161801e+00
2.209012532929569006e-02
0.000000000000000000e+00
6.860391348272907308e-01
5.253440410601495358e-01
0.000000000000000000e+00
6.946039689213296953e-01
7.988421098268567722e-01
5.592530183770810792e-02
1.197605503183495568e+00
1.296662929324299496e+00
0.000000000000000000e+00
1.284127171816249025e+00
7.865962675334554621e-01
0.000000000000000000e+00
0.000000000000000000e+00
0.000000000000000000e+00
0.000000000000000000e+00
3.206766548315900800e-01
6.384668816764159649e-01
9.458744184373049091e-01
1.431132860534686913e+00
0.000000000000000000e+00
3.823137463825937443e-02
3.698974586565433320e-01
2.810194168260947145e-01
0.000000000000000000e+00
2.653633688108512911e-02
5.454343751552097608e-01
0.000000000000000000e+00
0.000000000000000000e+00
5.897071561478846036e-01
9.477733092594909925e-01
0.000000000000000000e+00
3.906866904622575132e-01
0.000000000000000000e+00
1.916486259777079870e-01
1.452375818051819145e+00
8.389972833361688531e-01
0.000000000000000000e+00
4.264624209644454766e-01
0.000000000000000000e+00
0.000000000000000000e+00
8.366277953056814320e-01
0.000000000000000000e+00
