# Ensemble D, m = 300.0, c_n/c_p = 0.948387096774, f = -0.996086956522
# lambda = [  8.32293724e-09  -7.86247920e-09   0.00000000e+00   6.97604577e-10]
#  
0.000000000000000000e+00
1.330121793298478128e+00
0.000000000000000000e+00
0.000000000000000000e+00
1.738696059576861686e+00
9.291087483253162027e-01
0.000000000000000000e+00
7.146468989744240163e-01
5.250993435371973383e-01
1.625680829006951100e+00
1.616417391121985236e+00
0.000000000000000000e+00
2.913692058652915806e-01
4.133479835859319995e-01
0.000000000000000000e+00
6.562471717501846546e-01
0.000000000000000000e+00
0.000000000000000000e+00
0.000000000000000000e+00
0.000000000000000000e+00
7.727576196833245703e-01
0.000000000000000000e+00
6.465395564505980186e-01
6.693396880805668747e-01
1.015379509219262566e+00
0.000000000000000000e+00
0.000000000000000000e+00
3.451016492287495296e-01
6.683374239574626507e-01
0.000000000000000000e+00
1.207996328090662264e+00
2.054490815793610647e-01
1.331444344271671687e+00
2.467884263521156196e-01
2.662416919754991285e-01
1.600551071336232756e+00
1.160806057079454501e+00
0.000000000000000000e+00
0.000000000000000000e+00
0.000000000000000000e+00
1.470083524798490915e+00
1.226537251659288286e+00
9.692140887327096443e-01
0.000000000000000000e+00
0.000000000000000000e+00
0.000000000000000000e+00
1.352964237425543226e-01
1.069416001442442976e+00
0.000000000000000000e+00
2.560083840504047692e-01
1.077248776381480380e-02
2.220498651010098523e-01
1.002605770550820896e+00
1.796353768526488315e+00
7.955361064797545900e-01
1.156966707852356890e+00
8.335598820889956739e-01
1.029594092998645571e+00
0.000000000000000000e+00
2.037657363559481905e+00
4.408615204744980032e-01
0.000000000000000000e+00
2.317260782666253682e+00
0.000000000000000000e+00
2.830939554706273231e-01
7.765291061588490695e-01
4.790531061347544917e-01
6.321864815670352744e-01
1.899640630984881895e+00
6.496874345417453789e-01
0.000000000000000000e+00
4.155710736123304772e-01
0.000000000000000000e+00
0.000000000000000000e+00
3.737615896519713016e-02
4.733928733613291251e-01
1.143353038456832067e-02
0.000000000000000000e+00
0.000000000000000000e+00
0.000000000000000000e+00
9.394873691263116999e-01
0.000000000000000000e+00
1.301308282638378826e-02
0.000000000000000000e+00
1.740804907560822512e+00
1.728056906601975751e+00
0.000000000000000000e+00
1.135455162479233726e+00
8.565438187939722336e-01
0.000000000000000000e+00
0.000000000000000000e+00
0.000000000000000000e+00
5.141895256848133533e-02
0.000000000000000000e+00
0.000000000000000000e+00
0.000000000000000000e+00
8.091923141411327958e-01
2.892396365094882515e-01
1.770576800481967084e+00
0.000000000000000000e+00
