# Ensemble D, m = 300.0, c_n/c_p = 0.845161290323, f = -0.980434782609
# lambda = [  1.02262185e-08  -8.47370572e-09   0.00000000e+00   1.70128581e-09]
#  
1.350395460081722732e+00
1.072872343819742058e+00
1.371261306020542525e+00
8.006470753684535868e-01
1.027114021611837819e-02
1.040094540911922980e-03
6.568412505715013339e-01
6.130142543775589543e-03
0.000000000000000000e+00
5.696691926930647944e-03
0.000000000000000000e+00
0.000000000000000000e+00
0.000000000000000000e+00
2.166649879526962863e+00
3.724105635084880017e-01
0.000000000000000000e+00
1.297381055998276800e+00
1.774963553440595199e+00
2.492786333016362654e+00
2.055916233784100822e+00
1.472985808925029616e+00
5.874620331340089097e-01
7.117396858098564705e-01
1.998673006588731926e+00
0.000000000000000000e+00
0.000000000000000000e+00
1.479447212769792408e+00
0.000000000000000000e+00
0.000000000000000000e+00
1.274409032057876701e+00
1.418166293110137310e+00
5.199872736289142816e-01
8.746955563103824272e-01
5.324274195663915021e-01
2.388280575755387325e+00
2.338994482260635110e-01
2.293196965338778259e+00
0.000000000000000000e+00
0.000000000000000000e+00
1.332660124913415345e+00
3.536784640826284298e-01
9.287771302592214839e-01
1.743498907345093940e+00
1.216758729594048072e+00
2.857080686953077375e-01
0.000000000000000000e+00
7.326819628817086150e-01
7.094004491169041415e-01
0.000000000000000000e+00
3.803796709357474826e-01
6.807837206637225302e-02
0.000000000000000000e+00
1.778328674314814783e+00
1.503255648670432099e-01
1.526748873901824510e-01
5.396264670978147271e-02
8.950053432647773199e-01
0.000000000000000000e+00
6.088187593828797706e-01
1.721514815379083574e+00
0.000000000000000000e+00
0.000000000000000000e+00
1.633748818490416754e+00
2.282826440161192405e+00
9.634090860363145881e-01
1.017104455968351022e-02
7.948870665028778815e-01
1.175458294212795796e+00
0.000000000000000000e+00
2.580468004689873140e-01
0.000000000000000000e+00
0.000000000000000000e+00
4.089382780218734359e-01
0.000000000000000000e+00
1.091304881591077747e+00
9.019583931359158591e-01
1.740380150968057205e+00
1.124377561024894945e+00
2.108215006862269814e+00
0.000000000000000000e+00
4.330436492900052725e-01
0.000000000000000000e+00
0.000000000000000000e+00
1.022022539460532009e+00
1.672894190706016415e+00
9.030821659650294375e-01
0.000000000000000000e+00
3.911206938191321703e-01
4.416504773301451192e-01
0.000000000000000000e+00
1.294505780505327719e+00
3.705069793269902267e-02
4.128948652495549876e-01
1.965611861388608883e+00
0.000000000000000000e+00
3.847765183604873185e-01
9.294966284038072013e-01
1.762575383792356065e-01
8.383829402632077613e-03
8.485904002447488548e-01
