# Ensemble D_full, m = 50.0, c_n/c_p = 0.75, f = -0.995
# lambda = [  1.30087765e-08  -9.70779949e-09   0.00000000e+00   9.74437904e-10]
# exposure (of 3rd experiment) = 2829kg years (before efficiency cut)
3.170239584693736123e+00
0.000000000000000000e+00
2.246819324922673555e+00
2.110876002762901216e+00
1.934793337379005829e+00
2.372328339601951441e+00
1.890684029904909469e+00
2.192430412065500711e+00
1.678957148751877737e+00
1.408808837303436423e+00
3.082854096321955506e+00
1.676023405584032622e+00
2.932860751196773919e+00
2.183500888007378293e+00
5.906473814032018321e-01
2.331419790231738176e+00
2.285314114056488766e+00
1.215207082741502242e+00
3.011161055639744788e+00
2.446518084546902561e+00
1.539891603895968686e-01
1.135398622376782241e+00
2.734387256214867001e+00
2.485162150264962122e+00
2.905034092043480065e+00
2.150798530862878977e+00
2.926659857254186203e+00
2.570363439249237825e+00
2.680424532615909072e+00
1.883367266283297203e+00
2.761772782378795199e+00
9.821583872397726678e-02
3.555874608904593254e-02
1.913918291667255245e+00
2.862634946310821160e+00
3.082923850663068510e+00
3.612164648240850928e-02
2.607337873995467792e+00
1.222128335910752206e+00
0.000000000000000000e+00
2.360736466266117883e+00
2.100321882329137857e+00
3.467453889953265200e+00
1.712183366249254046e+00
2.495993037388486435e+00
2.769938830248047434e+00
2.028059460656810309e+00
2.296720934085731081e+00
3.653895061893881913e+00
1.744596720880631446e+00
3.804123190927850562e+00
3.306421568622870399e+00
3.808942236923986258e+00
2.134402113431923986e+00
1.477927020348702936e+00
2.272875357967782950e-01
2.099539444226736329e+00
1.299652909129829226e+00
2.626872026635133750e+00
2.174304969945129340e+00
1.825877321987314783e+00
2.796734650474261841e+00
7.308180381608316845e-01
2.548068905603572798e+00
2.526466660385596974e+00
2.466201554465817791e-01
1.193213407530693493e+00
2.824908811237940132e+00
1.463748576705888871e+00
2.929341501092797007e+00
1.230990798555158250e+00
2.921612471482524231e+00
1.962766268831916405e-01
3.190077959704521238e+00
2.737247571881625596e+00
2.975776549385535041e+00
1.654745148022185530e+00
8.321393580805647172e-01
2.403725405858574860e+00
9.658952417408235291e-01
5.923133993610004699e-01
2.433995174332252542e+00
2.748443051284272354e+00
8.773775883226218042e-01
3.286248078390646921e+00
7.060484844045394892e-01
6.434930351826700923e-01
2.552508460393018375e+00
2.792862422557429447e-01
1.032045163105723473e+00
1.903059364561233480e+00
6.028294502264260890e-01
2.416694275235670375e+00
1.488892764822657977e+00
1.380231073052799129e+00
3.161711412030594470e+00
2.322420168791303752e+00
2.861242045348809437e+00
2.641770463407518754e+00
1.598395990416080048e+00
