# Ensemble B, m = 300.0, lambda = [  2.33020555e-08  -1.78228779e-08   0.00000000e+00   1.54786327e-09]
2.804960171708746230e+00
1.866165210166429222e+00
2.210037109732278182e+00
2.517678299986188417e+00
1.724656639019320092e+00
2.528066368743475234e+00
2.789518269370010906e+00
2.153650063535656134e+00
2.781700988891909532e+00
3.173831347223434740e+00
1.651274631137626958e+00
2.313224201559235471e+00
1.218518840052520424e+00
1.746166385309974312e-01
1.837440341852556003e+00
3.065052084612308825e+00
2.338302606586197374e+00
1.029312367632030600e+00
1.167263048186939933e+00
2.696367061465470005e+00
9.599787652401418070e-01
1.549166764588411072e+00
8.424273795308793167e-01
2.027797205401977276e+00
2.241505262487030414e+00
2.163268172084612306e+00
2.491881770315708344e+00
2.248608641853266477e+00
2.709256753651407834e+00
1.760679343483591452e+00
1.134139136225978728e+00
2.073386810883706133e+00
1.116238904733600990e+00
1.785670922027929652e+00
2.265547280007818021e+00
1.576450967490839794e+00
2.887017244835167862e+00
8.689122923643127772e-01
2.187920610645441855e+00
1.234847006269159886e+00
1.271500904484997196e+00
6.762883110055769587e-01
3.304845780673533184e+00
1.931915450257391420e+00
2.257274954209031126e+00
1.421784618196873407e+00
2.043040558893868042e+00
2.848645107149591738e+00
5.721165028942011288e-01
2.661099446491526965e+00
1.392286078980507602e+00
1.252777316238989247e+00
2.532045910889334284e+00
1.758849936744016684e+00
3.078118955042051574e+00
2.092379348544461504e+00
1.103288336891767862e+00
2.523833440967800268e+00
2.996113884667792604e+00
2.400984556498785949e+00
2.475826806365969190e+00
3.116715921838308923e+00
2.550105016189589513e+00
1.273036346094272186e+00
1.959030361333555792e+00
0.000000000000000000e+00
1.928413178633430425e+00
1.452491036892797904e+00
7.048942453868571878e-01
2.985298194182619547e+00
1.649581906293308586e+00
2.248497513752263366e+00
4.797063868210202364e-01
3.010131671084583349e+00
2.176178407951114391e+00
1.848972874474974937e+00
1.922215758558570631e+00
1.840540425460100327e+00
1.464802285266139759e+00
1.038143690309255796e+00
1.772067050039233260e+00
6.576420209853115484e-01
2.911160313251690557e+00
2.129755425503647714e+00
2.800594642385170641e+00
2.455597091568428425e+00
1.656654254831981143e+00
9.061748907157372024e-01
1.883576343928534458e+00
1.463601148559022791e+00
1.236785555557529337e+00
7.309802261508471233e-01
3.264772466881917357e+00
9.962395538161097353e-01
2.269701366772041151e+00
8.589186953453022966e-01
2.644390241580776735e+00
2.621587939943115675e+00
2.961880141923737497e+00
0.000000000000000000e+00
