# Ensemble B, m = 300.0, lambda = [  1.14685747e-08  -9.93881483e-09   0.00000000e+00   9.97626486e-10]
3.316026070790378810e-01
0.000000000000000000e+00
0.000000000000000000e+00
6.181706948218592679e-01
5.504198290292600104e-01
4.707992739137501492e-01
4.096690236332458657e-01
6.022124069591419104e-01
5.874490972861754479e-01
1.517135895259229539e+00
5.155208846133290113e-01
0.000000000000000000e+00
5.825385955536752647e-01
0.000000000000000000e+00
0.000000000000000000e+00
7.990026299593461223e-01
0.000000000000000000e+00
0.000000000000000000e+00
1.322062683828794771e+00
7.284846801103836977e-01
1.064531046019246086e+00
0.000000000000000000e+00
6.502020045086182032e-01
0.000000000000000000e+00
3.577243168175310295e-01
0.000000000000000000e+00
0.000000000000000000e+00
0.000000000000000000e+00
0.000000000000000000e+00
0.000000000000000000e+00
2.974342494789929958e+00
0.000000000000000000e+00
9.127154367719010342e-01
0.000000000000000000e+00
8.844403975574236521e-01
8.268835962953186014e-01
5.469461111130451414e-01
1.157067902858529340e+00
0.000000000000000000e+00
1.483558548794932985e+00
0.000000000000000000e+00
1.379595152238193290e+00
1.299498208232398255e+00
4.909414240839714005e-01
2.907402459381557058e+00
3.925441635884636682e-01
0.000000000000000000e+00
2.881505970511197834e+00
5.802784923298907049e-01
0.000000000000000000e+00
1.186680278455972903e+00
9.032624264558640759e-01
1.113117757839980015e+00
1.525208599784253112e-02
1.019356268952219757e+00
0.000000000000000000e+00
1.269419464506300166e+00
1.322279152443131434e+00
1.472407615020389526e+00
7.193914865087336352e-01
9.218316722673198793e-01
1.413471679355859045e+00
5.358193527884412832e-01
6.876510297639977232e-01
4.076088526630159969e-01
6.453766680296980640e-01
1.091036530097977630e+00
0.000000000000000000e+00
8.065488303018593097e-01
6.727310609565528843e-01
9.571860172210947537e-01
5.477891438162971749e-01
0.000000000000000000e+00
2.877379207406878248e-01
8.107803988922019922e-01
1.017622060777068960e+00
5.049255619414907276e-03
0.000000000000000000e+00
8.505185999900286009e-02
1.376219603679799564e+00
4.867648950999405311e-01
0.000000000000000000e+00
0.000000000000000000e+00
0.000000000000000000e+00
1.217416821943553717e+00
0.000000000000000000e+00
9.258297480630420240e-02
1.143190690551745270e+00
0.000000000000000000e+00
7.967513109772325075e-01
1.943322467105171591e-01
1.232978183669824063e-01
0.000000000000000000e+00
1.215427869150602858e+00
4.254154528743729347e-01
1.185228104461429677e+00
9.142739674232381875e-01
4.850281675737793674e-01
1.728805916472186288e+00
2.986702242452820011e-01
