# Ensemble B, m = 300.0, lambda = [  9.65349185e-09  -7.81325604e-09   0.00000000e+00   1.87118746e-09]
2.968311576063842327e-01
1.295234407485486017e+00
2.345572555518739555e-01
8.395163527800958425e-01
0.000000000000000000e+00
8.367948940935352464e-01
1.029356382461718677e+00
0.000000000000000000e+00
8.530986641651341351e-01
0.000000000000000000e+00
8.533713693900574215e-03
2.910997622060891854e-01
1.694791449913759795e-01
0.000000000000000000e+00
0.000000000000000000e+00
0.000000000000000000e+00
2.182037307348643651e+00
1.333811766137951715e-01
0.000000000000000000e+00
3.141812127667347188e-01
0.000000000000000000e+00
0.000000000000000000e+00
0.000000000000000000e+00
2.391299509728764150e+00
0.000000000000000000e+00
8.976325756186054328e-01
7.100521081203090556e-01
4.754072481551447835e-03
0.000000000000000000e+00
0.000000000000000000e+00
1.809076129562082746e+00
8.409098351780701641e-01
4.812452776506361274e-01
1.972252607868548724e+00
1.070132943605851317e+00
1.444552285668725122e-01
1.638412712614267130e+00
1.251380301215930579e+00
0.000000000000000000e+00
0.000000000000000000e+00
7.238522158921850691e-01
2.211398885347164167e-02
1.644456609833385707e+00
6.667566505056576887e-01
6.916618297089660583e-01
0.000000000000000000e+00
0.000000000000000000e+00
1.079098929929164230e+00
1.238272037238539180e+00
1.145706354930419169e+00
2.125437355691284669e+00
1.464787724276461311e+00
5.364239636740021633e-03
1.113558670986376953e+00
0.000000000000000000e+00
2.520809025795801350e+00
7.088527092691797593e-01
0.000000000000000000e+00
6.769673008781589285e-01
1.253416887281442627e+00
3.874772321601890890e-01
1.366302273645766396e+00
0.000000000000000000e+00
8.373604560695551147e-01
7.265258898237036966e-01
7.531763081120272929e-01
7.332171936520854860e-01
0.000000000000000000e+00
1.243814222979349626e+00
1.628185891897312665e+00
0.000000000000000000e+00
9.238322992855960702e-01
1.726272539782515825e+00
0.000000000000000000e+00
1.006557733495553775e+00
1.682842738564220841e+00
1.315055310613671313e+00
0.000000000000000000e+00
1.871544716161376576e-01
0.000000000000000000e+00
1.557235786479134854e+00
7.496977105371364081e-01
9.455633867993999964e-01
5.102060270781686446e-01
2.001959696294822733e-01
2.962285422551845127e+00
1.073998417661688576e+00
6.274670505084137262e-03
0.000000000000000000e+00
3.449611178661979305e-01
6.261461517209955252e-01
3.940784056181348763e-03
6.913972200359792541e-01
2.825038059473347740e+00
6.872289316274978743e-01
6.728840664206263700e-01
0.000000000000000000e+00
0.000000000000000000e+00
3.814717397040734079e-03
0.000000000000000000e+00
