# Ensemble B, m = 300.0, lambda = [  1.68435504e-08  -1.08108427e-08   0.00000000e+00   1.89386580e-09]
0.000000000000000000e+00
8.397119056157987815e-01
0.000000000000000000e+00
2.255750104074037754e+00
0.000000000000000000e+00
1.035004785820587969e+00
8.050702308207517977e-01
1.557403231394376864e+00
0.000000000000000000e+00
1.948167918032224000e+00
0.000000000000000000e+00
0.000000000000000000e+00
8.262392803516166451e-01
1.233309350462640674e+00
0.000000000000000000e+00
0.000000000000000000e+00
8.272829954127179919e-01
0.000000000000000000e+00
0.000000000000000000e+00
0.000000000000000000e+00
1.457052773963654069e+00
2.839934836532092000e+00
0.000000000000000000e+00
4.610646718131466426e-01
0.000000000000000000e+00
0.000000000000000000e+00
5.410129862795416411e-01
0.000000000000000000e+00
1.165025315037655718e+00
0.000000000000000000e+00
1.042737265933925794e+00
3.055629158890134089e-01
1.053845640300884900e+00
2.590047166214350938e-01
0.000000000000000000e+00
0.000000000000000000e+00
3.888097553160659858e-01
0.000000000000000000e+00
1.198781385888943340e+00
5.590798972037209769e-01
0.000000000000000000e+00
0.000000000000000000e+00
5.314707068345775332e-01
0.000000000000000000e+00
1.162139330390097314e+00
1.477983843793113872e+00
1.142639035788239887e+00
4.865021631943975966e-01
5.595785860400007139e-02
1.997897111701610662e+00
5.905999778752614171e-01
0.000000000000000000e+00
7.738924746018377432e-02
1.915334769777828239e+00
2.568376565460031902e+00
0.000000000000000000e+00
1.213231968077820078e+00
8.348543948974321838e-01
0.000000000000000000e+00
1.054683038085008961e+00
0.000000000000000000e+00
3.178178278802029633e-01
0.000000000000000000e+00
2.236167424110675039e+00
2.029725885679989794e+00
7.193290399576937610e-02
1.756234554956188409e+00
2.224509399251151542e+00
8.919790097124746797e-01
0.000000000000000000e+00
2.446290021297522710e+00
5.226999362236230962e-01
1.613542496664208015e+00
4.554066031618163035e-01
0.000000000000000000e+00
3.177735448873419966e-01
2.152965371917479054e+00
1.111330057775260949e+00
1.000216560545181155e+00
7.986978920803292636e-01
2.283156062238066997e-01
6.717338353868800363e-03
1.027081437294324440e+00
0.000000000000000000e+00
5.459691510156335914e-01
0.000000000000000000e+00
0.000000000000000000e+00
0.000000000000000000e+00
4.599348863676541721e-01
5.336670763238028359e-01
0.000000000000000000e+00
1.861841991022397558e+00
1.655348473427845191e+00
9.556491734654836145e-01
1.092930520383094128e+00
0.000000000000000000e+00
1.826968936340581662e-01
3.267367077642492346e-01
1.116653536790393808e+00
1.003635728075802369e+00
