# Ensemble B, m = 300.0, c_n/c_p = 0.716129032258, f = -0.990869565217
# lambda = [  2.21075777e-08  -1.56873263e-08   0.00000000e+00   2.13451678e-09]
#  
1.614368699869747736e+00
1.492551298324576559e+00
1.114651844248554680e+00
0.000000000000000000e+00
9.770030617037385179e-01
1.102467175146613076e+00
1.683163525815475348e+00
1.105494223847082402e+00
2.607468190827129995e+00
8.510658605766872054e-01
8.073099908812798875e-02
6.624466791408839539e-01
9.096922578623698463e-01
5.850664657290381987e-01
2.912480060356992251e-01
0.000000000000000000e+00
0.000000000000000000e+00
2.134488588500089268e+00
5.127218364626799918e-01
1.294045891760773781e+00
7.399136704208802984e-01
1.860638600600135195e+00
2.915691986084106624e+00
0.000000000000000000e+00
1.379146268660632835e+00
8.510826986910010605e-01
4.921264879522847524e-01
0.000000000000000000e+00
3.504980428288412053e+00
2.689902609654295021e-03
0.000000000000000000e+00
3.360843822048050100e+00
9.819427767273348762e-01
8.107867375670613219e-01
0.000000000000000000e+00
8.581834915388740770e-01
5.931976948171299169e-01
7.670762035743361462e-02
1.468535492251027197e+00
1.763912117905915178e+00
3.580684431791824607e-01
1.092899019940479999e+00
3.685654347732536529e+00
1.800794452792542355e+00
8.945232209466459361e-01
1.377429429293220320e+00
7.867463388519515544e-01
2.868914239940626221e+00
1.151965615709633628e+00
1.708453152313964774e+00
0.000000000000000000e+00
0.000000000000000000e+00
1.436560436323135681e+00
1.409107910738768066e+00
1.152230786576923238e+00
1.269092385444988924e+00
0.000000000000000000e+00
5.754927962659244223e-01
1.430313946699792949e+00
1.369900185059859110e+00
1.268520340122292200e+00
1.592251542764199446e+00
6.623801002570222085e-01
9.593819899648511895e-02
1.948420629136372872e-01
8.346285957765826602e-01
0.000000000000000000e+00
9.551384058747700578e-01
2.425507547630834093e+00
1.690635348770373358e+00
1.178057430766668440e-01
1.902754854112385097e+00
1.553875783448303238e+00
1.505731151320443217e+00
1.410421068435896652e+00
0.000000000000000000e+00
2.529531120225001040e+00
6.427565624646043307e-01
2.485332396391561005e+00
9.794036648677014734e-01
2.523524885931541117e+00
6.556024468814618533e-01
1.285302008929682493e+00
8.136761390902345070e-01
1.964519351407322922e+00
0.000000000000000000e+00
4.071043567142519359e-01
1.138577991155931800e-02
2.108705232396663742e+00
8.161420944764666840e-01
1.649979899445995768e+00
4.682187312464072826e-01
2.324472689383202617e+00
1.933406698883010755e+00
1.633744400161276200e+00
1.544416265741155758e+00
5.453960047924794052e-01
2.646139248748316852e+00
1.269849229802846757e+00
1.389283353074641791e+00
