# Ensemble B, m = 300.0, c_n/c_p = 0.78064516129, f = -0.984347826087
# lambda = [  1.39949980e-08  -1.07541255e-08   0.00000000e+00   1.92540788e-09]
#  
0.000000000000000000e+00
6.558570876293838836e-01
4.058638132080735206e-01
1.260889602117513775e+00
2.585482966916007319e-01
0.000000000000000000e+00
9.240744939069185648e-02
1.229751193140097509e+00
9.786640471510709149e-01
7.160609901843111302e-01
3.924221311705164972e-01
6.658552717691159639e-01
0.000000000000000000e+00
1.096564224332184645e-01
2.434167319249638251e-01
2.072762311014414660e+00
1.768655871201834984e+00
6.875175927705443613e-01
0.000000000000000000e+00
1.727783952368780129e+00
2.913300697712094767e+00
1.372803016524470454e+00
1.493572507220409129e+00
6.787276029899176333e-01
0.000000000000000000e+00
1.524258246265073780e+00
0.000000000000000000e+00
7.348834732143392223e-01
0.000000000000000000e+00
1.650209844123985636e+00
2.166084663253709408e+00
2.542463044913044090e+00
1.955726722377006066e+00
9.792151612061371635e-01
8.036916286584240288e-01
2.210322583441851063e-02
0.000000000000000000e+00
2.323686596125069226e+00
0.000000000000000000e+00
0.000000000000000000e+00
2.115696727573705083e+00
0.000000000000000000e+00
1.737482799222163754e+00
6.199747758856880703e-02
0.000000000000000000e+00
0.000000000000000000e+00
2.224901116831884684e-01
1.764394562808415945e-01
1.179206731521326379e+00
1.085746800295295467e+00
0.000000000000000000e+00
0.000000000000000000e+00
0.000000000000000000e+00
3.222818307342075611e-02
1.379531275988712946e-01
1.920802593449896012e+00
1.493301179299019399e+00
0.000000000000000000e+00
0.000000000000000000e+00
2.027116365935193620e+00
0.000000000000000000e+00
2.901831907328412119e-01
1.648951215586421437e+00
3.993724398214239524e-01
1.531672862399212187e+00
0.000000000000000000e+00
1.102757953634778021e+00
2.997147258127465519e-01
0.000000000000000000e+00
7.869539556860278839e-01
6.041002950200153876e-01
0.000000000000000000e+00
6.914776056531996007e-01
8.384293779578441685e-02
4.566570636014076756e-01
1.155830110059778981e+00
0.000000000000000000e+00
2.277086724682943597e+00
9.997059723722262481e-01
3.132929642039136153e-01
3.873971162405135948e-01
4.918461011963495833e-01
2.471103788175763594e+00
2.421912390510181090e-01
3.534053140044288721e-01
2.039816474142579938e+00
1.667442037514259567e+00
1.369940972741061191e+00
4.149552801536271485e-01
2.143785997557240974e-01
0.000000000000000000e+00
1.500698002983257062e+00
0.000000000000000000e+00
1.551819817975022830e-01
1.422087725545104986e+00
1.716037295290495091e-01
2.280878411300854225e+00
0.000000000000000000e+00
1.953158378030883213e+00
2.979935942424349338e-01
