# Ensemble B, m = 300.0, lambda = [  1.48734027e-08  -9.49786712e-09   0.00000000e+00   1.92862418e-09]
9.624465020177512820e-01
0.000000000000000000e+00
0.000000000000000000e+00
0.000000000000000000e+00
4.498565874522176267e-01
9.281461958977975657e-01
5.189086867074274023e-01
2.020755477610775674e+00
2.586639253146311712e-01
2.474248849383248738e-01
2.740057318301493683e-01
2.428023764737746948e+00
4.796050027565552099e-01
1.631018856703216002e+00
0.000000000000000000e+00
7.589754079790717034e-01
0.000000000000000000e+00
0.000000000000000000e+00
6.227205897072274343e-01
1.281860819668324269e-01
0.000000000000000000e+00
2.206653356072433514e+00
0.000000000000000000e+00
0.000000000000000000e+00
1.832393350028544088e+00
1.130937248453323996e+00
0.000000000000000000e+00
0.000000000000000000e+00
6.975221833113479653e-01
6.135977383990107725e-01
0.000000000000000000e+00
1.092369592537942857e-01
2.496449530023809801e-02
7.419135485056069790e-01
1.045435204834720411e+00
0.000000000000000000e+00
1.871190904107481234e+00
6.734706462961784768e-01
1.073989316066636279e+00
1.205817854272072331e+00
6.895756664958634374e-01
1.948176067665756128e-01
0.000000000000000000e+00
0.000000000000000000e+00
7.486756070809248431e-01
0.000000000000000000e+00
2.216198968948925430e+00
1.685440330986663238e+00
1.804851209289677350e-01
6.152196689684118480e-01
5.815995431102746749e-02
1.114010652926833954e-02
7.477702001861020742e-01
2.029199949477250353e+00
0.000000000000000000e+00
2.633164659155602383e-01
9.070744781304793669e-01
0.000000000000000000e+00
2.424653877074058883e+00
1.244304693457916056e+00
1.557926311296803812e+00
1.993458546679316656e+00
1.897667035355687926e+00
0.000000000000000000e+00
0.000000000000000000e+00
0.000000000000000000e+00
2.331740070320455160e+00
2.056304489349555897e+00
3.953547773839243828e-01
0.000000000000000000e+00
1.375376781565195383e+00
0.000000000000000000e+00
0.000000000000000000e+00
0.000000000000000000e+00
0.000000000000000000e+00
2.202442063694800070e-02
8.628738091940473254e-01
3.984069546243029225e-01
3.093661655052798221e+00
7.448798147763931177e-02
8.971506236619561925e-01
0.000000000000000000e+00
6.389167042680105046e-01
1.958362461824908474e-01
0.000000000000000000e+00
9.235971439203124467e-01
1.380496451512639888e+00
0.000000000000000000e+00
3.782427062631894543e-01
0.000000000000000000e+00
1.051033029439720989e+00
4.685313674483111424e-01
1.039877543555141060e-01
0.000000000000000000e+00
2.916668880752939508e-01
0.000000000000000000e+00
6.651797790697444590e-01
0.000000000000000000e+00
0.000000000000000000e+00
0.000000000000000000e+00
