# Ensemble B, m = 300.0, c_n/c_p = 0.716129032258, f = -0.996086956522
# lambda = [  3.32546502e-08  -2.37214328e-08   0.00000000e+00   2.10470256e-09]
#  
1.383458141096058913e+00
2.290235375051071998e+00
2.177989009845633372e+00
2.409363167918554538e+00
1.091636944284330335e+00
2.171988126820311393e+00
5.924332034731325525e-01
1.698796674244220428e+00
2.901951146628583889e+00
3.122961177588680748e+00
3.395203278008370518e+00
1.649856432580666388e+00
6.883253413579826230e-01
1.767800073748763801e+00
3.011126861402289467e+00
3.564988091200802955e+00
2.951382979446179444e+00
1.487567023507877506e+00
2.587600953423683237e+00
7.739334557612289611e-01
2.958387730476977229e+00
5.813562824359259640e-01
2.531842736738065369e+00
3.250660645943794225e-01
3.382498185578214578e+00
1.733044307584612254e+00
1.203930510894520189e+00
3.106943182069221265e+00
2.342004760864250912e+00
0.000000000000000000e+00
1.419755074389291716e+00
2.848534087303972839e+00
3.268457307679961232e+00
2.391729620624399644e+00
2.799908966012486733e+00
9.228756439602917583e-01
1.355745882585893236e+00
1.120720302895033438e+00
2.041125280234298955e+00
1.170643452651551009e+00
1.316553394352310669e+00
1.952529567342972561e+00
1.636074803437462366e+00
7.265988060225062606e-01
1.663352264762770538e+00
3.315980041337828199e-01
2.100683782816363365e+00
1.938490476598875523e+00
1.943749678200474396e+00
3.382909139330475323e+00
2.803621145635325274e+00
2.540700054331866742e+00
1.068017592245030345e+00
2.089232027617286214e+00
1.217305990973306828e+00
0.000000000000000000e+00
2.068638826970921496e+00
2.322545178183114345e+00
1.868499743776260047e+00
2.544367047187762410e+00
2.209582351222550312e+00
2.781611853368165299e+00
7.301313798460642435e-01
2.951253321756848624e+00
2.451013527587752261e+00
2.427812865948395515e+00
1.359916058555036056e+00
3.246911396369778657e+00
3.485027454902656086e+00
3.981905995833741052e+00
2.884910659133094413e+00
2.280566461784819587e+00
0.000000000000000000e+00
2.746689449064129374e+00
2.234913352250066598e+00
1.619259200751089534e+00
1.733975759353275858e+00
2.555001567438631049e+00
4.166625129192553345e+00
1.845250079608620863e+00
7.231647907902202244e-01
1.807984356498103296e+00
2.010118800192554289e+00
1.397124705908534326e+00
8.267193978875618798e-01
1.603407288795820840e+00
8.426530188640036778e-01
2.086213832726681705e+00
8.938113244908788557e-01
2.138816385535585507e+00
1.728700577279473238e+00
2.235148290615862621e+00
2.818981321137791429e+00
3.563439136832438958e+00
2.154936191041201266e+00
3.245070409061386218e+00
2.964361568870693020e+00
1.634694682018686063e+00
1.866471256552580504e+00
1.416585105034591674e+00
