# Ensemble B, m = 300.0, lambda = [  9.98106026e-09  -8.89481503e-09   0.00000000e+00   9.99160228e-10]
3.256164132687793256e-01
0.000000000000000000e+00
0.000000000000000000e+00
1.801297272766800781e-02
8.746182518647624970e-01
1.059171073998019574e+00
5.360901745887176606e-01
2.543600264007390144e-01
0.000000000000000000e+00
7.630849557731848032e-01
4.931582449953024194e-01
1.184878242179426167e+00
4.097356134896221747e-01
7.730899460840511273e-01
4.451578693319078184e-01
0.000000000000000000e+00
0.000000000000000000e+00
0.000000000000000000e+00
6.542772962218471600e-01
0.000000000000000000e+00
1.333006068367068898e-02
7.652349978926823448e-01
1.130282861552887319e-01
0.000000000000000000e+00
0.000000000000000000e+00
0.000000000000000000e+00
0.000000000000000000e+00
0.000000000000000000e+00
0.000000000000000000e+00
2.018179359784836591e-01
1.995532131909244500e+00
3.828410650139801308e-01
9.604852415395570553e-01
5.455265213214296471e-01
2.511877839942587287e-01
1.564806945458048881e+00
1.644458207015817131e+00
0.000000000000000000e+00
1.372967458080316616e+00
3.512413322376089497e-01
7.124571908690114919e-01
2.675708960625637900e-01
4.210773459847019784e-01
2.540033096767047582e-01
3.143749935586925282e-01
9.837510590644120700e-01
6.588014225765002063e-01
2.094435800003802139e+00
1.100335985901587543e+00
0.000000000000000000e+00
9.209812066117036011e-02
9.977350726570504147e-01
1.442966720800172020e-01
1.523615903647000502e+00
2.759262291056372440e-01
8.642431328597681706e-01
7.062630352559652776e-03
0.000000000000000000e+00
6.018505280117505407e-01
0.000000000000000000e+00
0.000000000000000000e+00
4.090196905382842418e-02
0.000000000000000000e+00
1.264233310869681048e+00
3.420255332685871036e-02
0.000000000000000000e+00
1.740636280393670354e+00
0.000000000000000000e+00
7.788786515030792224e-01
1.081747092530848331e+00
0.000000000000000000e+00
0.000000000000000000e+00
1.798027458752474272e+00
8.810615599449628244e-01
9.422810749067997982e-01
0.000000000000000000e+00
0.000000000000000000e+00
1.985786167451129292e-01
0.000000000000000000e+00
1.428503660355773031e+00
0.000000000000000000e+00
6.339453492208046992e-01
0.000000000000000000e+00
3.263031910403688673e-01
1.747062251240361963e+00
6.574367475938228123e-02
8.539780828051818373e-01
1.311684972610471789e+00
0.000000000000000000e+00
0.000000000000000000e+00
0.000000000000000000e+00
7.796768709285296639e-01
6.958982786612668558e-01
6.693779131061754484e-01
1.692213575057863739e-01
0.000000000000000000e+00
0.000000000000000000e+00
0.000000000000000000e+00
0.000000000000000000e+00
7.173856525172875864e-01
