# Ensemble B, m = 300.0, lambda = [  1.32070024e-08  -8.22455426e-09   0.00000000e+00   1.87439583e-09]
1.398346854256486305e+00
1.055068301730536229e+00
2.359911733657563904e+00
9.499095346320247657e-01
0.000000000000000000e+00
0.000000000000000000e+00
8.287417849060461084e-01
4.420642804567191386e-01
1.345416794115526837e+00
2.932406086264820466e+00
1.761862061517562028e-01
1.592528320651040996e-01
1.473976059090819968e+00
2.420610966537676267e-01
2.604048296055732958e+00
0.000000000000000000e+00
1.821949587924490965e-01
5.683483468506689285e-01
2.726397835951941406e+00
0.000000000000000000e+00
9.394139609381010336e-01
2.026176452564450337e+00
1.729695474339096428e+00
0.000000000000000000e+00
2.067892054165616056e+00
3.693607321127367338e-01
2.523584166567160447e-01
1.164529691357831798e+00
0.000000000000000000e+00
1.087965824615279242e+00
5.695724490710868393e-01
9.986250765170137100e-01
5.821763596241211758e-01
1.330217385582266543e+00
4.124126616069294649e-01
1.182008261693878959e+00
0.000000000000000000e+00
2.202467496485541965e+00
0.000000000000000000e+00
0.000000000000000000e+00
0.000000000000000000e+00
0.000000000000000000e+00
9.170375135215134144e-01
0.000000000000000000e+00
0.000000000000000000e+00
7.390783068019711743e-01
0.000000000000000000e+00
7.780251950016141560e-01
3.848547677469993378e-01
5.099700576329938700e-02
0.000000000000000000e+00
1.383530534959760860e+00
0.000000000000000000e+00
1.821569197806182983e+00
1.773511251101818953e+00
1.799755039264699485e+00
1.341068994009498305e-01
1.476743690273786491e+00
0.000000000000000000e+00
0.000000000000000000e+00
9.702157543852565902e-02
4.200396708649466876e-02
2.793200358424343110e-01
8.821774833730866572e-01
0.000000000000000000e+00
0.000000000000000000e+00
0.000000000000000000e+00
1.117183195373686821e+00
3.515661452942353549e-01
0.000000000000000000e+00
1.897257106106378655e-01
0.000000000000000000e+00
2.674513021890656539e-01
2.018170223443584543e+00
1.793081095262495928e-01
0.000000000000000000e+00
1.407105015207721577e+00
0.000000000000000000e+00
9.844945667513559373e-01
9.225399410340746620e-01
1.159711003955717246e+00
1.077188928462635253e+00
9.689656036094413949e-01
9.840700414230442450e-02
0.000000000000000000e+00
1.597608192360376211e+00
6.914319497821859450e-02
3.445330067019488074e-01
0.000000000000000000e+00
0.000000000000000000e+00
0.000000000000000000e+00
4.780666106030293308e-03
4.664070355014753311e-01
0.000000000000000000e+00
1.531029226999691684e+00
3.161605784130834818e-01
1.734895065281314874e+00
8.570279033867103102e-01
1.373275578518951212e+00
0.000000000000000000e+00
