# Ensemble B, m = 300.0, lambda = [  1.09735367e-08  -9.31007247e-09   0.00000000e+00   1.40842240e-09]
2.681888631982235482e-01
1.818081370785885609e-01
1.341999233585987383e+00
0.000000000000000000e+00
0.000000000000000000e+00
1.565952565880243785e+00
0.000000000000000000e+00
2.067777249837488007e+00
2.573988850971656306e-02
1.156132482764396840e+00
0.000000000000000000e+00
4.049948936665557775e-01
1.942570702364296187e+00
1.011910515899319796e+00
7.619337134893583441e-01
8.184252818795115791e-01
0.000000000000000000e+00
0.000000000000000000e+00
0.000000000000000000e+00
0.000000000000000000e+00
1.457257180217643944e+00
1.731588023211067418e+00
4.054252938232889014e-01
0.000000000000000000e+00
0.000000000000000000e+00
2.811494579430550700e-01
0.000000000000000000e+00
2.079331270501611151e+00
0.000000000000000000e+00
0.000000000000000000e+00
1.351855018990605561e+00
1.614787849734797831e+00
2.268065139173152112e+00
1.830974625770253050e-01
0.000000000000000000e+00
7.205343917188408026e-03
1.035428493694944718e+00
1.543973081240384237e+00
3.318770168060868331e-01
1.613395962623342506e+00
0.000000000000000000e+00
0.000000000000000000e+00
0.000000000000000000e+00
2.006731419900889546e-02
0.000000000000000000e+00
1.504368289140664006e+00
0.000000000000000000e+00
1.418352421548761511e+00
1.011230872486124366e-01
3.394506575111700397e-01
6.368417328437340208e-01
2.976933142717698710e-01
3.032710924249347184e-01
1.610115632067568026e+00
1.532225152577251448e+00
3.534836898138895012e-01
8.707884513071393329e-01
4.834429539579751522e-01
0.000000000000000000e+00
9.475606420962066068e-01
5.808134344192740217e-01
1.943960882334776763e-01
0.000000000000000000e+00
2.338496248717436110e+00
6.776398812646039493e-01
4.486904062279828409e-01
1.531298594347901387e+00
5.977539423090526549e-01
6.274701210674943352e-01
0.000000000000000000e+00
1.699072456686471000e+00
0.000000000000000000e+00
1.472311696577019324e+00
1.347053266478125177e+00
6.165268422573144669e-01
1.112469580812811110e+00
1.149446550306466863e-01
2.518944607948209846e+00
0.000000000000000000e+00
9.896692362433873180e-01
0.000000000000000000e+00
0.000000000000000000e+00
0.000000000000000000e+00
0.000000000000000000e+00
1.357087060500860254e+00
1.005935894452861357e+00
9.297529564083278908e-01
0.000000000000000000e+00
5.122530367335310642e-01
9.474856405215325017e-01
9.063986057548817366e-01
5.913149721557825478e-01
2.377591377433481590e+00
1.983349383119743792e-01
0.000000000000000000e+00
2.160207003438127382e-01
2.520717852534060111e-01
0.000000000000000000e+00
1.595456318221806224e+00
5.091172478115647548e-01
