# Ensemble B, m = 300.0, c_n/c_p = 0.987096774194, f = -0.998695652174
# lambda = [  7.41459315e-09  -7.30937456e-09   0.00000000e+00   3.73694840e-10]
#  
9.499257618728842445e-01
0.000000000000000000e+00
1.907668059693560680e+00
1.648310138256030122e+00
0.000000000000000000e+00
5.710033976871150552e-01
1.245195021721001542e-02
6.600489025733088377e-01
8.996102273551560558e-01
1.618956480424774025e+00
0.000000000000000000e+00
9.569882802503024699e-01
0.000000000000000000e+00
1.004585519776001412e+00
3.188498443114307634e-01
0.000000000000000000e+00
0.000000000000000000e+00
0.000000000000000000e+00
0.000000000000000000e+00
0.000000000000000000e+00
1.204822491554295716e-02
1.281228656434460156e+00
0.000000000000000000e+00
0.000000000000000000e+00
5.785661463914324593e-02
2.943565968453730752e-01
0.000000000000000000e+00
0.000000000000000000e+00
4.768498616433750059e-01
0.000000000000000000e+00
5.335804373473296280e-01
3.075024599302435213e+00
0.000000000000000000e+00
0.000000000000000000e+00
0.000000000000000000e+00
0.000000000000000000e+00
1.820842037822197057e-01
6.115418312893259323e-01
0.000000000000000000e+00
9.361766590624718276e-01
8.713388675627825597e-02
0.000000000000000000e+00
0.000000000000000000e+00
0.000000000000000000e+00
0.000000000000000000e+00
5.625154735177255727e-01
9.941499055971165788e-01
1.043156265746279843e+00
4.455531663097830330e-01
0.000000000000000000e+00
4.449491705698147004e-01
9.525309097871423325e-02
9.221759752991447456e-01
0.000000000000000000e+00
0.000000000000000000e+00
0.000000000000000000e+00
0.000000000000000000e+00
1.169825803150997601e+00
0.000000000000000000e+00
0.000000000000000000e+00
0.000000000000000000e+00
0.000000000000000000e+00
0.000000000000000000e+00
0.000000000000000000e+00
3.359935796350146942e-01
1.227798367050339845e+00
4.836160629744988837e-01
6.857817857231706116e-01
0.000000000000000000e+00
0.000000000000000000e+00
3.664387095436734132e-01
0.000000000000000000e+00
2.465242759064235900e-01
2.337292175717288423e+00
0.000000000000000000e+00
1.944060911701336769e+00
1.571486935343079816e+00
0.000000000000000000e+00
7.570549994493716017e-01
0.000000000000000000e+00
3.214987863214581743e-01
0.000000000000000000e+00
0.000000000000000000e+00
0.000000000000000000e+00
7.357301330816848894e-01
1.317515435067648788e+00
3.112807126924629908e-01
3.500308166964689605e-01
2.070902987564114284e+00
0.000000000000000000e+00
5.190861443479645176e-01
5.189862592866074653e-01
2.648732431558377676e-01
6.874052378529813545e-01
1.102079499757677494e+00
0.000000000000000000e+00
0.000000000000000000e+00
0.000000000000000000e+00
0.000000000000000000e+00
5.849417697899779167e-01
