# Ensemble B, m = 300.0, lambda = [  6.67575860e-09  -6.24888691e-09   0.00000000e+00   1.46071645e-09]
1.218751549696271752e+00
0.000000000000000000e+00
0.000000000000000000e+00
4.534856952266064223e-01
7.494152221430038230e-01
1.408157795871551654e+00
0.000000000000000000e+00
7.459203560959064283e-02
1.423458567073675463e+00
0.000000000000000000e+00
0.000000000000000000e+00
0.000000000000000000e+00
1.274991696367658855e+00
6.039557014972702920e-01
0.000000000000000000e+00
0.000000000000000000e+00
0.000000000000000000e+00
0.000000000000000000e+00
0.000000000000000000e+00
3.096691442019597340e-01
6.292453866548015640e-01
8.089843583124467497e-01
0.000000000000000000e+00
8.962208166568073064e-01
5.527154285006740109e-01
0.000000000000000000e+00
1.109265229561243071e+00
1.228817749958253991e+00
1.624972690638894823e+00
0.000000000000000000e+00
1.233459619679535768e+00
1.514040945220425094e+00
2.018505481687687730e+00
0.000000000000000000e+00
4.745325184758549713e-04
1.447839664423681949e+00
1.497530414512473040e+00
5.425004211225812334e-01
2.165517393065214513e+00
5.609134379293887473e-01
0.000000000000000000e+00
0.000000000000000000e+00
2.973809437936849154e+00
2.037845996207816146e+00
0.000000000000000000e+00
2.724088916877668298e-01
0.000000000000000000e+00
5.612619603817663450e-01
6.207155333691484200e-01
9.817060935378958408e-01
8.730063092330175856e-01
3.054148309778920156e-01
2.072490851328932848e+00
9.340715108003157241e-02
9.876529001178824263e-01
0.000000000000000000e+00
0.000000000000000000e+00
0.000000000000000000e+00
0.000000000000000000e+00
0.000000000000000000e+00
0.000000000000000000e+00
1.148053850982288626e+00
0.000000000000000000e+00
7.478565447198651794e-01
1.258388811067675528e+00
6.698076297408533941e-01
1.810913272585330969e+00
0.000000000000000000e+00
0.000000000000000000e+00
6.582376624727416248e-01
0.000000000000000000e+00
0.000000000000000000e+00
1.410171459984844944e+00
0.000000000000000000e+00
1.666504401846732542e+00
0.000000000000000000e+00
0.000000000000000000e+00
3.884276041106964339e-01
0.000000000000000000e+00
0.000000000000000000e+00
0.000000000000000000e+00
0.000000000000000000e+00
4.398701880986412016e-01
0.000000000000000000e+00
2.529547502914482049e+00
2.211301417731197649e-01
2.147813094469215589e-01
7.342878184445548184e-01
1.389613552707454236e+00
0.000000000000000000e+00
1.295824944623946151e-01
3.694473201712851207e-01
0.000000000000000000e+00
1.612663549370991101e+00
0.000000000000000000e+00
5.183995967447757591e-01
1.937377036482402781e+00
5.832626726581895404e-01
0.000000000000000000e+00
4.718404196092105402e-02
