# Ensemble B, m = 300.0, c_n/c_p = 0.690322580645, f = -0.996086956522
# lambda = [  3.42647847e-08  -2.35611964e-08   0.00000000e+00   2.09048546e-09]
#  
1.227001727615482096e+00
1.265496416625727205e+00
7.543527688037447998e-01
1.441271438200644850e+00
2.231641378647551299e+00
1.479676154424405699e+00
5.177740396246024446e-01
4.917044080261068761e-01
2.729992321157455937e+00
1.160280433180790993e+00
2.419616730636617419e+00
1.615884615135690039e+00
2.971518118714572276e-01
4.691514483515730194e-01
1.457023629803885223e+00
0.000000000000000000e+00
1.358194118408318163e+00
1.067819448033491492e+00
2.264517587638605001e+00
1.248746339674445816e-01
1.935930962001660927e+00
0.000000000000000000e+00
1.432575360071426829e+00
2.557000033822603768e+00
6.954618368366173309e-01
3.439208074607494670e+00
1.158209021660938420e+00
2.261535061125356627e+00
4.868376912191051953e-01
2.344728530848852799e+00
1.729113618903836080e+00
1.243530428548823341e+00
1.569236588174496294e+00
1.386373633425082907e+00
0.000000000000000000e+00
0.000000000000000000e+00
7.782269845965241739e-01
2.577240354241143727e-01
1.034822658102553916e+00
0.000000000000000000e+00
1.784779363370287975e+00
1.804763616727351083e+00
1.796862732795830864e+00
1.029390822689367768e+00
7.492600899846085793e-01
2.781866076019221978e+00
1.065973036135315244e+00
1.600772182551189804e+00
1.701603754176425731e+00
4.751945895487607041e-01
6.309752308548165489e-01
2.375931869154880527e+00
4.201646290960711627e-01
0.000000000000000000e+00
1.601611922609305516e+00
2.791785307587818288e+00
1.546458780554490708e+00
1.619772862796383883e+00
2.050912588886547872e-01
9.668092895442863266e-02
2.310128029471877120e+00
1.131858425018814396e+00
1.424593531560543358e+00
1.203920711628841733e+00
1.347511818435307651e+00
1.325981435064085501e+00
2.724032399387417147e+00
1.348456119205613035e+00
2.482083410515936617e+00
5.663392290129359852e-01
0.000000000000000000e+00
6.986053146115613066e-02
0.000000000000000000e+00
1.577979035564363308e-01
1.719532555175357746e+00
0.000000000000000000e+00
3.367624857532582061e-02
1.770718302987858372e+00
0.000000000000000000e+00
3.941616544123358601e-01
9.549986410318567209e-02
3.157484227529579468e-01
4.134254105518278544e-01
1.015948966472173920e+00
0.000000000000000000e+00
3.995680021631714762e+00
1.093177770637319579e+00
0.000000000000000000e+00
1.025558974731379136e+00
1.159854359329286044e+00
3.141524761008870570e+00
1.743633505100347092e+00
2.624812691442018231e+00
1.968536375371184866e+00
2.051117409675145831e-01
2.806975810131862037e+00
1.461230771494401282e+00
1.808279895092102851e+00
1.790688929039562671e+00
1.607556461460683650e+00
