# Ensemble B, m = 300.0, c_n/c_p = 0.909677419355, f = -0.985652173913
# lambda = [  8.62289817e-09  -7.73151061e-09   0.00000000e+00   1.32399185e-09]
#  
0.000000000000000000e+00
7.021253915952018199e-01
1.629875639791527941e+00
0.000000000000000000e+00
1.398661196048609501e+00
0.000000000000000000e+00
7.260526378100519151e-01
1.548518362884623162e-02
0.000000000000000000e+00
2.719973785003322320e-01
1.881656960119636901e+00
3.420205196283427895e-01
1.478441934837416039e+00
0.000000000000000000e+00
1.956013886501095644e-01
0.000000000000000000e+00
2.766647005398056303e-01
0.000000000000000000e+00
2.621233887952933550e+00
1.761898049959873536e+00
9.630970299727024120e-01
1.465027794916418102e+00
0.000000000000000000e+00
6.770701340360857357e-01
0.000000000000000000e+00
0.000000000000000000e+00
0.000000000000000000e+00
6.064298503595264567e-01
8.359884736515070802e-01
7.427673730595912849e-01
0.000000000000000000e+00
1.466963763191496462e+00
1.499060909083640702e-01
5.980757815369027730e-01
0.000000000000000000e+00
6.780774315465549762e-01
0.000000000000000000e+00
8.743284884547491281e-03
0.000000000000000000e+00
1.176479813910296546e+00
0.000000000000000000e+00
9.568306768574882382e-01
1.179119212588399801e+00
9.528117042740528175e-01
5.484771316448447953e-01
3.898455142916268379e-01
0.000000000000000000e+00
0.000000000000000000e+00
2.384145219228767654e-01
6.188709399657774807e-02
0.000000000000000000e+00
1.229391351950400946e+00
0.000000000000000000e+00
1.758827335798830660e+00
0.000000000000000000e+00
1.727903747528443390e-01
0.000000000000000000e+00
0.000000000000000000e+00
1.717129592567335772e+00
5.263443723843398425e-01
1.932910192416389172e+00
1.170531357548958568e-01
1.235086673826383485e+00
1.574029034489616619e+00
7.637640343168410340e-01
0.000000000000000000e+00
0.000000000000000000e+00
6.014415729082182027e-01
9.005303083370248540e-01
2.228063842981617415e-01
3.423103464694376430e-01
4.673806230647031129e-02
0.000000000000000000e+00
0.000000000000000000e+00
0.000000000000000000e+00
0.000000000000000000e+00
5.665643806877307398e-01
1.472248786933256337e+00
0.000000000000000000e+00
0.000000000000000000e+00
5.793450299035842743e-01
1.061021727444960705e+00
0.000000000000000000e+00
0.000000000000000000e+00
9.590804903436694895e-02
1.806167518845112618e-01
1.148615393621592595e+00
1.405099270260562298e-02
0.000000000000000000e+00
9.541224471067611956e-01
8.580353604475685625e-01
4.072034408874282696e-01
4.311289524269243389e-01
7.476294640215634946e-01
8.306355042563504446e-03
1.433194545224830141e-01
4.979061232528370629e-01
0.000000000000000000e+00
0.000000000000000000e+00
2.987386584756948453e-03
