# Ensemble B, m = 300.0, c_n/c_p = 0.754838709677, f = -0.985652173913
# lambda = [  1.59430536e-08  -1.18617660e-08   0.00000000e+00   2.03128241e-09]
#  
1.267144053531601700e-01
0.000000000000000000e+00
0.000000000000000000e+00
5.916689811362498830e-01
1.118689314972057147e+00
1.917523261257979283e-01
6.341563143322342944e-01
4.260255571422427029e-02
6.840184890030213960e-02
1.149720660830636926e-01
0.000000000000000000e+00
0.000000000000000000e+00
2.067769423108357374e-01
5.579579562322690700e-01
0.000000000000000000e+00
2.906044443739725369e-01
0.000000000000000000e+00
0.000000000000000000e+00
3.728086492400871366e-02
5.495887630848057814e-02
0.000000000000000000e+00
0.000000000000000000e+00
1.431425671281512546e+00
1.792669368687579978e-01
1.390442922176590712e-01
2.105386684245022622e+00
3.502610907819906239e-03
1.222948147625554927e-01
4.284465324382927265e-01
1.467349150259054935e-01
4.078375653332640960e-01
9.107104168835853386e-01
1.432039107421709812e-01
2.031517396453548230e-01
1.379921545041395969e-01
1.461153007707204354e-01
1.173211257566900007e-01
4.335231399982555217e-02
2.644655550980655745e-01
2.994411105756615288e-01
7.041871901332104333e-02
1.194693290488790804e+00
1.403434095637557721e+00
1.629253481675573823e-01
1.246820432250785593e-01
4.371765111714203539e-02
1.053933521139874957e-01
3.081093538077332439e-01
2.136334464402852573e-01
1.543869793076127483e-02
1.327504125092987368e-02
4.947054674408400410e-01
1.642425270662119186e+00
6.937465845625930827e-01
1.519140402672954249e+00
1.499249814251111701e+00
2.598398214021791497e-01
6.433742720548897565e-02
6.692196687359065754e-02
2.624051045307871505e-02
7.038036501050411176e-02
2.207109858159490012e-01
5.292817680586760221e-02
0.000000000000000000e+00
4.586505255696041727e-01
5.593430568797246732e-02
3.002094030408414826e-01
2.300106796451391322e-01
1.573148396619970801e-01
2.204836959470428959e-01
5.371534603081346004e-02
4.299601297620402884e-01
1.141632177372837592e-01
1.250659439724968180e+00
4.238889434167131265e-01
2.267218040768578108e-02
1.300452630535819498e+00
0.000000000000000000e+00
3.058598877107252090e+00
0.000000000000000000e+00
7.085665322274660172e-01
1.399696506920753425e+00
2.441924507446829873e-01
0.000000000000000000e+00
0.000000000000000000e+00
2.659959391248759020e-01
1.117200627363942600e-01
4.124429633816833474e-01
1.313217958964882082e-01
1.530458206906103701e-02
8.639594405905846874e-02
1.216395589528103255e-01
1.090415115731395435e-02
0.000000000000000000e+00
0.000000000000000000e+00
6.628435295786612447e-02
4.426777163579653784e-01
9.382733713886222127e-01
4.643450866455183651e-02
0.000000000000000000e+00
