# Ensemble B, m = 300.0, lambda = [  1.35317979e-08  -9.81382731e-09   0.00000000e+00   2.11773274e-09]
1.179966882073299139e+00
1.373824869761714362e+00
6.404602518125721566e-01
8.541150582929667168e-02
0.000000000000000000e+00
8.156320923958768759e-03
1.715724533009908015e+00
2.694181909735654301e+00
1.251369253793616743e+00
9.661099347948793881e-01
4.029666116549591726e-01
8.262855096909802466e-01
3.546225270911246980e-02
0.000000000000000000e+00
9.368960523959260489e-03
0.000000000000000000e+00
2.015893996031131508e+00
0.000000000000000000e+00
1.774500172850084656e+00
5.717075000529211470e-01
0.000000000000000000e+00
1.360175381362197733e+00
1.346980850402151209e+00
0.000000000000000000e+00
0.000000000000000000e+00
8.353747459991243962e-02
2.382767234194722139e+00
1.149897791306135897e+00
1.030198951492680814e+00
2.314282390951981405e+00
1.054487533557152412e+00
6.016626358605232650e-01
0.000000000000000000e+00
2.323447862729061952e-01
1.760376181507769200e+00
2.654399448001725226e-01
1.400426594905607391e+00
0.000000000000000000e+00
2.068753466535889540e+00
1.428982273400644987e+00
1.439854936372572336e+00
0.000000000000000000e+00
8.545556348210211692e-03
2.024099547609011118e+00
1.955679360722613280e+00
5.347963208199689733e-01
9.253244328541696540e-01
0.000000000000000000e+00
1.112568547945896658e+00
2.060700051886385498e-01
2.857192905104533054e-01
1.030378346103598242e+00
0.000000000000000000e+00
0.000000000000000000e+00
2.551010225711389801e-01
1.338388961971716196e+00
1.616218902416222403e-01
0.000000000000000000e+00
0.000000000000000000e+00
0.000000000000000000e+00
0.000000000000000000e+00
3.551898501927911456e-01
1.258234780631954264e+00
5.850481476342797027e-01
2.300308266226147591e-02
2.359192784856669334e-01
6.624472524217238367e-02
2.377084856650009570e+00
9.956568772335006035e-01
0.000000000000000000e+00
0.000000000000000000e+00
0.000000000000000000e+00
7.886359184550457702e-01
2.310555671272646716e+00
0.000000000000000000e+00
1.398008938498376645e-02
1.315193219430861093e+00
3.999207858424581596e-01
4.611043701990615307e-01
2.438661474360929449e-01
1.086511356823723906e+00
2.252745668497005305e+00
2.706507415784508375e+00
4.057896424150063130e-01
0.000000000000000000e+00
1.719904356448310523e+00
0.000000000000000000e+00
2.437941398785925529e+00
0.000000000000000000e+00
1.394799349974217284e+00
3.000186700085640257e-01
0.000000000000000000e+00
2.272072656041883576e+00
7.926519673107264297e-02
0.000000000000000000e+00
0.000000000000000000e+00
3.058512697449256468e+00
1.098768456313786723e+00
9.373422361671630842e-02
0.000000000000000000e+00
