# Ensemble B, m = 300.0, lambda = [  1.93774591e-08  -1.32094889e-08   0.00000000e+00   2.10842173e-09]
6.950396929769515619e-01
0.000000000000000000e+00
3.710056274464828552e-01
1.828648541110711623e+00
6.335573341307917383e-01
1.123889869848989198e+00
4.080001713476467118e-01
1.508625888943807780e+00
9.335752779124003586e-01
3.234338227421883483e-01
0.000000000000000000e+00
0.000000000000000000e+00
1.829899224208311193e+00
0.000000000000000000e+00
0.000000000000000000e+00
1.083906594309425264e+00
3.856566427176784106e-01
2.218779860047559005e+00
0.000000000000000000e+00
6.695687717965033148e-01
8.077259047906112377e-01
0.000000000000000000e+00
7.596726186971297645e-01
2.982448122132489443e-01
9.584995447817673542e-01
5.038751694021768035e-01
2.570815087758553830e+00
1.610393184500712671e+00
0.000000000000000000e+00
0.000000000000000000e+00
9.533625446203526643e-02
1.934626605143778821e+00
1.771490160002124004e+00
7.978579637145658543e-01
1.157168497535222329e+00
2.211981866041044797e-01
1.210307025737777709e+00
8.392259269589031900e-01
4.274705396018558395e-02
1.501851253992938284e+00
6.216031729036665121e-01
6.723717676331339987e-01
1.945805813776953608e+00
7.415873847965684940e-01
1.402391527842834495e+00
7.458967475372247913e-01
1.104266400515793611e+00
2.469007541718384324e-01
6.090441935423066555e-01
0.000000000000000000e+00
1.251152393665611484e+00
0.000000000000000000e+00
2.360792579123271118e+00
0.000000000000000000e+00
0.000000000000000000e+00
0.000000000000000000e+00
7.570248613629628753e-01
3.960261820659092269e-01
1.368584746483642700e+00
0.000000000000000000e+00
0.000000000000000000e+00
0.000000000000000000e+00
0.000000000000000000e+00
8.456555324378738359e-01
4.992768330657308962e-01
1.777894378357660843e+00
1.996216090149998124e+00
0.000000000000000000e+00
0.000000000000000000e+00
9.967142689011965206e-02
1.279899261871857430e+00
0.000000000000000000e+00
1.568155874955832640e+00
0.000000000000000000e+00
1.693462800808775759e+00
0.000000000000000000e+00
1.198441913358350597e+00
2.102283513433333084e+00
0.000000000000000000e+00
2.008302449073909590e-01
1.310345671263935197e+00
2.890157163755763814e-01
9.253331461989591222e-01
1.379469259470384790e+00
4.560059773696957253e-01
0.000000000000000000e+00
0.000000000000000000e+00
1.149163044414326817e+00
1.240366076562728015e+00
0.000000000000000000e+00
0.000000000000000000e+00
0.000000000000000000e+00
1.077018366861479226e+00
2.852550370216892436e-02
0.000000000000000000e+00
0.000000000000000000e+00
3.135999990916770841e+00
6.710327174290658947e-01
1.104112083534065203e+00
1.652401253356282851e+00
