# Ensemble B, m = 300.0, c_n/c_p = 0.677419354839, f = -0.996086956522
# lambda = [  3.27158562e-08  -2.20756319e-08   0.00000000e+00   1.95867760e-09]
#  
9.158996444935903203e-02
1.679507003643106566e+00
1.250870292326831557e+00
0.000000000000000000e+00
0.000000000000000000e+00
2.269016019780625282e+00
0.000000000000000000e+00
9.165118774077329888e-01
0.000000000000000000e+00
1.147048131719607733e+00
7.983169198390497323e-01
1.044396543023970336e+00
0.000000000000000000e+00
2.103895819517652033e+00
0.000000000000000000e+00
2.622940340202271958e+00
1.024963279907093128e+00
1.321393090074271193e+00
8.304522774496206905e-01
2.409931845526679606e+00
1.742041786869199083e+00
2.407770968997904770e+00
2.956388191468444782e-01
0.000000000000000000e+00
4.684767013290506987e-02
1.000065364601278706e+00
3.567579848249944341e-01
2.533801166072914945e+00
4.478487797732606801e-02
2.333004690501926381e-01
1.838736428564307301e+00
1.867305722233916443e+00
0.000000000000000000e+00
0.000000000000000000e+00
1.056453384298978504e+00
1.249202131594030707e+00
1.307101032153498377e+00
4.828974315152405605e-01
3.931498552600720120e-01
1.342035839466125591e+00
1.259995149190141328e+00
0.000000000000000000e+00
2.128214599916653516e+00
0.000000000000000000e+00
9.074598508775544303e-01
1.996774299105869011e+00
9.309283044923550854e-01
2.363097413584860362e+00
3.074970099544990787e-01
2.633999710189831589e+00
2.288878146026504634e+00
8.488082019973371140e-02
1.362239994628868245e-01
1.047947783837319458e+00
0.000000000000000000e+00
1.432209543231786952e+00
4.820833613595794653e-01
2.245868278963719433e+00
1.111832131660754897e+00
9.242562132810587805e-01
8.028455773646496763e-01
0.000000000000000000e+00
0.000000000000000000e+00
1.407883367883821624e+00
1.398428559139426319e+00
2.180239620647718368e+00
0.000000000000000000e+00
1.255886647432483016e+00
1.785158479939445098e+00
2.574214282315954172e-01
9.123612452954873442e-01
1.416123854358893652e+00
7.852449875165484761e-01
3.764016890323096387e-01
1.626069152547043650e+00
9.825367509485162243e-01
0.000000000000000000e+00
0.000000000000000000e+00
6.656692267100923210e-01
7.283765118949593331e-01
2.282260821785027982e+00
0.000000000000000000e+00
1.981860208838532866e-01
6.685980587485320648e-01
9.676603922225162080e-01
0.000000000000000000e+00
5.469576370333322224e-01
1.537595493881305675e+00
5.850845924258898240e-02
2.203896620530608752e-01
7.181894122046723616e-01
9.501831580060478011e-01
0.000000000000000000e+00
1.750703976921008931e-01
0.000000000000000000e+00
8.922323010645812902e-01
9.812294903019495862e-02
0.000000000000000000e+00
1.421339914727182130e+00
1.404005183884120989e+00
