# Ensemble B, m = 300.0, c_n/c_p = 0.832258064516, f = -0.990869565217
# lambda = [  1.28471343e-08  -1.05945073e-08   0.00000000e+00   1.44155564e-09]
#  
0.000000000000000000e+00
3.787739275498569480e-02
2.078096108919472940e+00
5.358309466130446452e-01
2.919241331613156021e-01
2.477897608784091155e+00
9.311645191654164266e-01
0.000000000000000000e+00
1.095641052655699443e+00
6.285555752743469948e-02
1.849560665955884531e+00
2.255074491344235099e+00
3.805144532248954103e-01
9.756773141628612978e-01
1.816325413537642319e+00
2.232101465260372564e+00
4.091146605292766969e-02
1.960675462761229726e+00
1.911824164817065741e+00
2.467023718644461017e+00
0.000000000000000000e+00
0.000000000000000000e+00
1.190982937283971754e+00
1.247968622366412372e+00
0.000000000000000000e+00
0.000000000000000000e+00
0.000000000000000000e+00
1.659782294057131402e+00
0.000000000000000000e+00
1.215833166383153419e+00
2.345940073731123121e+00
0.000000000000000000e+00
1.479142980638871618e+00
1.498074086541398842e+00
2.801278334022357878e-03
6.232185649335345717e-02
1.262386614071559290e-02
2.601824563769998822e+00
4.478770325333225610e-01
6.394718676838457849e-01
0.000000000000000000e+00
9.745721672324800799e-01
0.000000000000000000e+00
2.605893910663279467e-01
1.258791418920202299e+00
7.657476014568784795e-01
1.411297866008059954e+00
1.247473111759514808e+00
0.000000000000000000e+00
5.079290689143756143e-01
1.687152841076562937e-01
1.267680652130399821e+00
0.000000000000000000e+00
1.589241802567180173e+00
1.044361440009322406e+00
7.017444070183984639e-01
3.215946360235119261e+00
4.675526364052917661e-01
4.257808343308802090e-01
0.000000000000000000e+00
0.000000000000000000e+00
2.058179962330672019e+00
0.000000000000000000e+00
7.455374841282240705e-01
1.216455865445268625e+00
0.000000000000000000e+00
2.247664822080699842e+00
9.250729754011084438e-01
5.628782195747371597e-01
0.000000000000000000e+00
0.000000000000000000e+00
7.746902963374521223e-01
5.629985538591368854e-01
0.000000000000000000e+00
4.609744397730624610e-01
6.700556832879008828e-01
1.139489940645715293e+00
1.298667549434920243e+00
1.928227624202634383e+00
1.246212043746220549e-02
0.000000000000000000e+00
2.423697079751403471e-01
0.000000000000000000e+00
1.261018775434659123e+00
1.986807817338904325e+00
1.797967897504335055e-01
1.006053357518123414e+00
0.000000000000000000e+00
3.075563090957034618e+00
9.762436019070785953e-01
9.864334369049511109e-01
4.384428117137275649e-01
8.075994314721298695e-01
1.488598134764496539e+00
0.000000000000000000e+00
0.000000000000000000e+00
1.422089056957468234e+00
2.140204520096180563e+00
1.358872546670539139e+00
2.253091970621612816e+00
