# Ensemble B, m = 300.0, lambda = [  1.03761208e-08  -9.10236829e-09   0.00000000e+00   1.12112409e-09]
0.000000000000000000e+00
1.362887387393508232e-01
2.079958339154766467e+00
1.056638806868429370e+00
8.888180147733216740e-01
0.000000000000000000e+00
6.076929581395662527e-01
0.000000000000000000e+00
6.180531366659018921e-01
6.809345666471742220e-01
0.000000000000000000e+00
7.722215709940699613e-01
0.000000000000000000e+00
0.000000000000000000e+00
0.000000000000000000e+00
0.000000000000000000e+00
0.000000000000000000e+00
4.046889201711841300e-01
1.133834814710128897e-01
0.000000000000000000e+00
2.080938271109116222e+00
5.559415163876125776e-01
0.000000000000000000e+00
1.311918960516840871e+00
3.631397297750573183e-01
0.000000000000000000e+00
1.455971161910742717e+00
2.827551315817213307e-01
3.389158096402405396e-01
2.441996477887432349e+00
6.117031669131383076e-01
4.713083016113793211e-01
6.259064990745614177e-01
1.737653805293249532e+00
0.000000000000000000e+00
0.000000000000000000e+00
9.998612567907823045e-01
1.790019268271094477e+00
6.622082862742328935e-01
2.460407265537995491e-01
0.000000000000000000e+00
0.000000000000000000e+00
1.305082295814640858e+00
1.450461608555965454e-01
0.000000000000000000e+00
0.000000000000000000e+00
8.472677319014869646e-01
1.495164150363482714e+00
5.230433854922446058e-01
1.689619976589900263e+00
0.000000000000000000e+00
2.899876728765348952e-02
0.000000000000000000e+00
1.363952434733717578e-01
0.000000000000000000e+00
1.906690055566146347e+00
3.043772518646912784e-01
0.000000000000000000e+00
0.000000000000000000e+00
0.000000000000000000e+00
6.198890716720398819e-01
5.296340237922332328e-01
7.696936547782717852e-01
1.947348205559562562e+00
1.302804686966085645e+00
4.880317919101748170e-02
6.812213315514650258e-01
8.226368483810335697e-01
1.385230863995580375e+00
1.711641669536229093e-01
1.298801824367014301e+00
3.877399200418508163e-01
0.000000000000000000e+00
9.687950572750572142e-01
1.707710164501643701e+00
2.149019003802449923e+00
2.186342303610325111e+00
0.000000000000000000e+00
0.000000000000000000e+00
7.601358321524466222e-01
2.636477777864446037e-01
1.492065540278716185e+00
7.824871602717867192e-02
1.032262942644158465e-01
3.659548144146160809e-01
7.381291470607053151e-01
1.469918150642705923e+00
0.000000000000000000e+00
0.000000000000000000e+00
1.445514989371662784e+00
1.021539209035712714e+00
3.004031504488048898e-01
4.275081173563615722e-01
7.575590436211050438e-01
0.000000000000000000e+00
8.069796807446194542e-01
0.000000000000000000e+00
1.562080355178925226e-02
1.601587829172421928e+00
1.337729454500125703e+00
