# Ensemble B, m = 300.0, c_n/c_p = 0.896774193548, f = -0.957142857143
# lambda = [  7.05871172e-09  -6.05878178e-09   0.00000000e+00   1.83329105e-09]
#  
9.457422650530784569e-01
5.603868578603415918e-01
1.338449854207164613e-02
5.429189526856718073e-01
0.000000000000000000e+00
5.379470881236517732e-01
8.789636551220010308e-01
0.000000000000000000e+00
0.000000000000000000e+00
6.296547676909622915e-01
5.027873735723999843e-02
0.000000000000000000e+00
1.865724742347054210e+00
6.662422445830781248e-01
0.000000000000000000e+00
0.000000000000000000e+00
1.471162307812447612e+00
9.181598575089979786e-01
0.000000000000000000e+00
1.688739637666078139e-02
3.620794560351593416e-01
9.207166266858979320e-01
4.396616255176550303e-01
2.102390517923782842e-01
6.866339609764700036e-01
2.581969361986995004e+00
4.753284201508672369e-01
3.628780859602800946e-01
3.738826610968323891e-03
0.000000000000000000e+00
1.125079361813611012e+00
2.648042118603546324e-01
0.000000000000000000e+00
1.239028836745326156e+00
0.000000000000000000e+00
0.000000000000000000e+00
1.298286924753326577e-01
1.977205830461605141e+00
2.354865549086901377e-01
5.503854903407465748e-01
3.204770836443576187e-01
7.348710753823183284e-01
1.119559865377890651e+00
1.410662579138332706e+00
1.543978294640389493e+00
0.000000000000000000e+00
8.832023250181787466e-01
7.181266169789792819e-01
0.000000000000000000e+00
0.000000000000000000e+00
0.000000000000000000e+00
6.727262368045139329e-01
0.000000000000000000e+00
3.124930988235253768e-03
2.062326061950086942e+00
3.538365805457286961e-01
0.000000000000000000e+00
1.483226874483069668e+00
2.182081986513667859e-01
1.493558112712397440e-02
3.779520927916757943e-03
0.000000000000000000e+00
0.000000000000000000e+00
0.000000000000000000e+00
0.000000000000000000e+00
4.723771068293053932e-01
6.552120958530804895e-03
1.882245464755519238e-02
0.000000000000000000e+00
0.000000000000000000e+00
1.896792887071444333e+00
0.000000000000000000e+00
1.285222931405202162e+00
0.000000000000000000e+00
0.000000000000000000e+00
1.632436493707501712e-01
5.978564715478900116e-01
1.372196503093342816e-03
5.127391935768196296e-01
1.640934895371555166e-02
0.000000000000000000e+00
5.063944352788588565e-01
1.283771572002573524e+00
0.000000000000000000e+00
0.000000000000000000e+00
1.021974714473486978e+00
0.000000000000000000e+00
5.713275092715638381e-01
1.113201074434626792e+00
0.000000000000000000e+00
2.052541380450104480e+00
3.250918479398883787e-01
8.315918287820854848e-01
1.136093380804857667e+00
0.000000000000000000e+00
0.000000000000000000e+00
1.334324719149444061e+00
0.000000000000000000e+00
1.288899256544324690e+00
0.000000000000000000e+00
