# Ensemble B, m = 300.0, lambda = [  1.90225810e-08  -1.50387309e-08   0.00000000e+00   1.30606849e-09]
1.097837856148563551e+00
2.411583346745690637e+00
1.782881713980819072e+00
1.892131589373264797e-02
3.363050698060283672e+00
1.306166503879551577e+00
1.742474130129230803e+00
1.617174592848437786e+00
1.649416380485958511e+00
2.686792013308675564e+00
1.348774564919711649e-01
1.898907169520094529e+00
2.951004719634115592e+00
3.012163224798417804e+00
0.000000000000000000e+00
3.274553352309240939e+00
1.824417715358018555e+00
2.515464370114282033e+00
1.455340215728622155e+00
1.283568018317809756e+00
2.129563412846621429e+00
7.837218141971511454e-01
1.966820850215472483e+00
3.233255804759019636e+00
1.858884270731222088e+00
2.989648638999661490e+00
2.560884709689926098e+00
1.906628955278277582e+00
2.527352389267432997e+00
1.292443122044300452e+00
2.659286345861592071e+00
1.493978635934839039e+00
0.000000000000000000e+00
1.309694370880438719e+00
6.303772048946340023e-01
2.649034464632455066e+00
1.866876202780169969e+00
1.822099948351266541e+00
2.647721083692871069e+00
2.837594752117066133e+00
2.721191727135623406e+00
2.568145176349333703e+00
2.910781748923573886e+00
1.503083471164467166e+00
1.103058158858502669e+00
8.110458838238355783e-01
2.693246552148560902e+00
1.441194130624849246e+00
8.379500145923038934e-01
3.879192201813541074e-01
1.485518265923448045e+00
0.000000000000000000e+00
1.825044960455598719e+00
1.324782286452792945e+00
3.906916448102688011e-01
1.517686412834220899e+00
1.028064818853450246e+00
1.814339348627790116e+00
9.693637097829774785e-01
3.421728598992333836e+00
1.408631922667466396e+00
9.602452435731403391e-01
2.558079787818073658e+00
2.075444537965344782e+00
2.380671161014957349e+00
3.682440297091011394e-01
1.773472746052609406e+00
1.635324834167035668e+00
9.916389384351961267e-01
8.587378570761221575e-01
2.322134791777528129e+00
1.470834707718379208e+00
2.222326318613928375e+00
6.252408763037623496e-01
2.298640491421028109e+00
0.000000000000000000e+00
2.157311555478385490e+00
1.473525900848727588e+00
1.699732562899556765e+00
5.489922197022100159e-01
9.390457677034494965e-01
1.761863176722668900e+00
2.262894428604783847e+00
2.433680665001071386e+00
2.367245249041610489e+00
1.642483744241290511e+00
1.257700540899666874e+00
1.161355490302808269e+00
1.154449476776586048e+00
2.165040377485935696e+00
2.045678404370998571e+00
0.000000000000000000e+00
1.222833913616583335e+00
9.148549562491345988e-01
2.104263255103711483e+00
1.526104234309097807e+00
8.539752148607302473e-01
2.470261428731778341e+00
1.647111816390447459e+00
8.179523750665825821e-01
