# Ensemble B, m = 300.0, lambda = [  3.28511503e-08  -2.43125005e-08   0.00000000e+00   1.72238455e-09]
1.627166706639411542e+00
1.972263516634295666e+00
3.100454532650356310e+00
2.926134992313337513e+00
2.952497810527288102e+00
2.496745967972287428e+00
2.869331080881709184e+00
2.540572888961594167e+00
1.804862542632113431e+00
4.544746640711375685e-01
2.547053499455103065e+00
1.171634966549065959e+00
3.031548157520912667e+00
3.345416648774220292e+00
3.028505957800158743e+00
3.372014519042772829e+00
2.704774381866850597e+00
2.831001047646218183e+00
3.010135468709524531e+00
3.020925073427854546e+00
1.312730470321086251e+00
2.320806240553421773e+00
3.387225330401524737e+00
2.849491505589810014e+00
1.770712526925900754e+00
2.997557956698501780e+00
2.868831616190380629e+00
2.536328879693106497e+00
1.708396044059303343e+00
2.660679312114780704e+00
2.961777974924929335e+00
1.893494741556814631e+00
1.973090432168731478e+00
1.721351115462058878e+00
3.323015536166147310e+00
2.479891344774752149e+00
1.520003972114548851e+00
1.970684441846418444e+00
2.440473299223153703e+00
2.911191835631194103e+00
2.673933652755551726e+00
2.160650322812366575e+00
2.002926630237335637e+00
3.362999756747496516e+00
3.160244192376818528e+00
6.942012778495366687e-01
3.301512598313235181e+00
2.773080083973631371e+00
1.630667716527091082e+00
3.399991876547856062e+00
2.995911705463685681e+00
2.171796335013652435e+00
2.524002823397642814e+00
2.673709398071237864e+00
1.857130888238218480e+00
2.775877995742042081e+00
1.881815988891473168e+00
1.262703201735130065e+00
2.977992182791007636e+00
2.561609975776561576e+00
2.885460404615511010e+00
2.849225730410295920e+00
1.268692634513068462e+00
2.770445924240407809e+00
2.287348673319950620e+00
2.867862222108812364e+00
2.335208379277126323e+00
2.931738410848770737e+00
2.148818089146930177e+00
3.054862110980726353e+00
2.779875239129252051e+00
3.117891072511878470e+00
2.836044979775806940e+00
3.295218442244709056e+00
3.142404912748927082e+00
3.268135532091231976e+00
2.382625724723844929e+00
2.931646363352764073e+00
2.209889870331405604e+00
2.630845529427363161e+00
1.275896725608946181e+00
2.624781653911979262e+00
2.676577380274081985e+00
2.359293650193160286e+00
2.225719286614949777e+00
2.091242682278904752e+00
3.221585546474978745e+00
1.744547113072764555e+00
1.009837611202899721e+00
3.154918821030022080e+00
2.879709348145003567e+00
3.168612982087839924e+00
2.531673925774589939e+00
2.421081458298572908e+00
2.871563815283078025e+00
2.827936409614136615e+00
2.852855963402634032e+00
3.144873561347769630e+00
1.770919839686726727e+00
3.205022576498558706e+00
