# Ensemble B, m = 300.0, c_n/c_p = 0.651612903226, f = -0.981739130435
# lambda = [  1.54781033e-08  -9.90155758e-09   0.00000000e+00   1.91863068e-09]
#  
2.057612344213783501e-02
1.738802984729699297e+00
2.318965070659143812e+00
2.072637075747501445e+00
5.567746872432203231e-01
7.208957615876236957e-01
1.160426287964771319e+00
7.178078127434169009e-02
0.000000000000000000e+00
3.670131321331173129e-03
1.675930017375824921e+00
0.000000000000000000e+00
1.448435608200103530e+00
3.433073462737685211e-01
0.000000000000000000e+00
1.683458666686844518e+00
0.000000000000000000e+00
0.000000000000000000e+00
9.162287943899610765e-01
4.640787097243436188e-01
9.367482598693652740e-01
0.000000000000000000e+00
1.190365968686137865e+00
1.711309551591733813e+00
8.359746141475989933e-01
6.138607877478855501e-01
1.400561568159217174e+00
4.294560939269393973e-01
2.181954645319642283e-01
0.000000000000000000e+00
1.698521740934077151e+00
7.274424720817295187e-01
4.064545937938737058e-02
1.908927848438209285e+00
1.418825998188113058e+00
2.093177791652563791e+00
0.000000000000000000e+00
1.118128327089912277e+00
5.826102484509795287e-01
0.000000000000000000e+00
9.250487123135932022e-01
2.037154421026552975e-01
7.508558823378528313e-01
0.000000000000000000e+00
0.000000000000000000e+00
0.000000000000000000e+00
0.000000000000000000e+00
1.431139801640337827e+00
7.401623889734740835e-01
5.045841306199538856e-01
5.497547877312545378e-02
1.399207683981201544e+00
2.252209005599840275e+00
0.000000000000000000e+00
0.000000000000000000e+00
0.000000000000000000e+00
2.313978853553589829e-02
1.176215595127487301e+00
6.314908746345884172e-01
1.240509043948355483e+00
8.344123701822316885e-01
4.536547837529696786e-02
0.000000000000000000e+00
1.013166758457745509e+00
0.000000000000000000e+00
4.184302272190861816e-01
1.424301881119640845e+00
0.000000000000000000e+00
8.402204304458790185e-01
0.000000000000000000e+00
1.327156692410613736e+00
0.000000000000000000e+00
4.826601987554803297e-01
1.558628686795343388e+00
2.799182159535436476e+00
0.000000000000000000e+00
0.000000000000000000e+00
0.000000000000000000e+00
0.000000000000000000e+00
7.838917841033474776e-01
2.663150403110127462e-02
7.085378195210528807e-01
6.262418176853982998e-02
1.566874900869430487e+00
0.000000000000000000e+00
0.000000000000000000e+00
0.000000000000000000e+00
1.189703005209415743e+00
0.000000000000000000e+00
1.585719972464968153e-01
6.222668367560103553e-01
4.546607424437709155e-01
1.338707186568406149e+00
7.375483453883829865e-01
3.068099462026271929e-01
0.000000000000000000e+00
2.976223442742648717e-01
0.000000000000000000e+00
1.870315941687190842e+00
2.457019501934339448e-02
