# Ensemble B, m = 300.0, lambda = [  1.24989783e-08  -9.73257140e-09   0.00000000e+00   1.91169324e-09]
5.012027045630365607e-02
0.000000000000000000e+00
2.085948971437583954e-01
5.524587627466952533e-01
9.987956968806570579e-01
3.163413472760977285e+00
2.189492493429787690e+00
0.000000000000000000e+00
5.706032665662474912e-01
1.024423275670459876e+00
1.456950445984664277e+00
3.257314773257842688e+00
1.700983114157263776e+00
1.388939823082599112e+00
0.000000000000000000e+00
4.691561539579039430e-01
9.233984050398736931e-01
9.652242396206617281e-01
1.205169826588065485e+00
0.000000000000000000e+00
8.796800772870475571e-01
1.467561595079727166e+00
2.193202362364675972e-01
1.767330627320560454e+00
0.000000000000000000e+00
4.660760619309513020e-01
1.981457447395259086e+00
0.000000000000000000e+00
1.090658251410643764e+00
4.772838783813942304e-02
1.471981165316879725e+00
1.956333129579592711e+00
2.178143030840298700e+00
1.363927494358723846e+00
4.276793242415011242e-01
1.238784756363007777e-01
2.105105660488461705e+00
5.870463319251011391e-01
1.334069222823512035e+00
1.470431705390973898e+00
0.000000000000000000e+00
6.316588448518218879e-01
1.656294938781712078e+00
1.960628749832093787e+00
0.000000000000000000e+00
2.238278041130771889e+00
0.000000000000000000e+00
2.764224227928113176e-01
1.797398884011766063e-01
1.485133268482483393e+00
0.000000000000000000e+00
1.856227172046999441e-01
1.683484114628548411e+00
0.000000000000000000e+00
0.000000000000000000e+00
0.000000000000000000e+00
1.024781957205427751e+00
9.066705739103925188e-01
1.809353798479332309e-01
8.269974170599024843e-01
1.683511037844398484e+00
0.000000000000000000e+00
0.000000000000000000e+00
3.240078558018655852e-01
2.890333758407157005e-01
0.000000000000000000e+00
2.191612959215679113e-01
3.287387007571012515e-03
0.000000000000000000e+00
1.144470873709208414e+00
1.552120925012464570e-01
1.135632856447768013e+00
4.628034050106120123e-01
0.000000000000000000e+00
0.000000000000000000e+00
0.000000000000000000e+00
0.000000000000000000e+00
0.000000000000000000e+00
9.117937177192269038e-01
4.433665179058907113e-01
1.292051656197962473e+00
1.104056618107236432e+00
1.100534007527640634e+00
1.448140359202796157e+00
2.158506242579763534e-01
2.568769753250354018e-02
4.286944662846891574e-01
2.707177633297602193e-01
1.093468343259693665e+00
0.000000000000000000e+00
1.151032493087794206e+00
1.632367378848232464e+00
0.000000000000000000e+00
0.000000000000000000e+00
3.880126194580737486e-01
0.000000000000000000e+00
1.895985662991580001e-01
9.451705032594052147e-01
9.040226777397486480e-01
1.134252734890574654e+00
