# Ensemble B, m = 300.0, c_n/c_p = 0.935483870968, f = -0.97652173913
# lambda = [  7.32040062e-09  -6.68733484e-09   0.00000000e+00   1.47521362e-09]
#  
6.072485613769160739e-01
6.114705900956055595e-01
1.411351829031952887e+00
1.169535467170573995e+00
7.893313378002018155e-01
0.000000000000000000e+00
9.739643044838902641e-03
0.000000000000000000e+00
9.845790164523668397e-02
4.307272920678283795e-02
0.000000000000000000e+00
0.000000000000000000e+00
1.101142199647530372e-02
2.014561959990941453e+00
9.683923179101394663e-01
0.000000000000000000e+00
9.309365190118233657e-02
0.000000000000000000e+00
0.000000000000000000e+00
1.766678047790105399e+00
5.354045013320155588e-01
0.000000000000000000e+00
0.000000000000000000e+00
4.651919706769732654e-01
1.040210058320939490e+00
2.508294855802200907e+00
6.120903362935609104e-01
1.256362167169472910e+00
4.720762272489218980e-01
1.813781555696509340e+00
0.000000000000000000e+00
0.000000000000000000e+00
7.153279906336165728e-02
1.167314057710732600e+00
0.000000000000000000e+00
0.000000000000000000e+00
0.000000000000000000e+00
6.638201432098457255e-01
4.558579991521354707e-03
0.000000000000000000e+00
9.242637494700692846e-01
7.155157732572278162e-01
0.000000000000000000e+00
0.000000000000000000e+00
2.027436242448237558e-01
5.846251372150410575e-01
9.359141799390294780e-01
2.749767751769829904e-01
1.000752484424284772e+00
2.035763403145524758e-02
0.000000000000000000e+00
0.000000000000000000e+00
0.000000000000000000e+00
0.000000000000000000e+00
1.139327273474023162e-02
1.512424874404230402e-01
0.000000000000000000e+00
1.222192971389562732e+00
0.000000000000000000e+00
0.000000000000000000e+00
0.000000000000000000e+00
0.000000000000000000e+00
6.262075343394937210e-01
0.000000000000000000e+00
2.060414529612482060e+00
0.000000000000000000e+00
1.154634500093332100e-01
0.000000000000000000e+00
3.967304805743633866e-01
6.496897920291666573e-01
2.050557358365210359e+00
1.363615003925329860e+00
4.803279496798259357e-02
1.487652214112765936e+00
6.611984759932630906e-01
1.387287168062065312e+00
7.595261595268909538e-01
0.000000000000000000e+00
2.876088651454642986e-01
0.000000000000000000e+00
2.987514222637800976e-01
1.327714789995261047e+00
0.000000000000000000e+00
1.325136601156902127e+00
8.000850941420271090e-01
6.803534977038909748e-01
6.234844104685220711e-02
0.000000000000000000e+00
0.000000000000000000e+00
4.803398732205416133e-01
0.000000000000000000e+00
2.002042502980913685e+00
8.188254674717020398e-01
0.000000000000000000e+00
0.000000000000000000e+00
0.000000000000000000e+00
1.106522716948568519e+00
0.000000000000000000e+00
0.000000000000000000e+00
5.829568265340946513e-03
