# Ensemble B, m = 300.0, lambda = [  1.75968777e-08  -1.17416586e-08   0.00000000e+00   2.05692806e-09]
0.000000000000000000e+00
1.294815214603483033e+00
2.259361049832721680e+00
4.100941579984883623e-01
1.869494713340790482e-01
8.329092859403730564e-01
1.240030218708117360e+00
2.249433132121505530e-01
1.201429267429211079e+00
1.970990786234395387e+00
2.338175360691837401e+00
1.056759258751624131e+00
1.744076848074802122e+00
1.135399417762787744e+00
1.804817270667272489e+00
1.385354117276456076e+00
6.144186424610262875e-01
0.000000000000000000e+00
9.766705477511062883e-01
1.765729402518696478e+00
0.000000000000000000e+00
0.000000000000000000e+00
8.819390754446914116e-01
7.533831366804658591e-01
0.000000000000000000e+00
5.787472434456321091e-01
6.503037162765398227e-01
2.135297889743909661e+00
3.284838157285379090e-01
4.401240009254112628e-01
1.297443845786006300e-01
2.392044020349102684e+00
1.006794686178189346e+00
1.218733219493102427e+00
9.387110130419398235e-01
1.069384135332481556e+00
5.894159117940706016e-01
1.236197313603960790e+00
0.000000000000000000e+00
0.000000000000000000e+00
0.000000000000000000e+00
1.142299899585244249e+00
4.764401486052919910e-01
1.305730328115342953e+00
2.541159645112280874e+00
0.000000000000000000e+00
7.504984101264495777e-01
0.000000000000000000e+00
9.546065025879487687e-01
3.655924113183126600e-01
1.450013643914382699e+00
0.000000000000000000e+00
2.192129688783923946e-01
2.045232164840069977e+00
1.965681349802570477e+00
2.516314033811800854e+00
2.827433683742552883e+00
1.946093759187983663e+00
2.348537732599239869e-01
1.006837434574180845e+00
0.000000000000000000e+00
3.146525482048507794e+00
1.262514377292654588e+00
3.374579918005571888e-01
2.145083705871284330e-01
4.138147459500252645e-01
6.531151121832082414e-03
1.538145512001028337e+00
0.000000000000000000e+00
1.616627992135577507e-01
0.000000000000000000e+00
0.000000000000000000e+00
0.000000000000000000e+00
2.136009397562945722e-01
6.343345599802363566e-01
2.631213217772659263e+00
3.043980532885147694e-01
1.303441189083260454e+00
3.388966030999043810e-01
3.031295802224801550e-01
9.574422973115512825e-01
4.328784062175874969e-02
1.909762702268391621e+00
0.000000000000000000e+00
0.000000000000000000e+00
1.018694208333054130e+00
4.974724720222823970e-01
3.026366530091300633e-01
8.697528986277616170e-01
7.717130374031599960e-01
2.012811491037669320e+00
2.128855074273938275e+00
7.528550414463998086e-01
2.706320279080344005e+00
0.000000000000000000e+00
8.040079832619578815e-01
1.467233657799252633e+00
9.084933827407778439e-01
1.757873111821016909e+00
1.517767162305460049e+00
