# Ensemble B, m = 300.0, c_n/c_p = 0.729032258065, f = -0.97
# lambda = [  1.20813997e-08  -8.54349820e-09   0.00000000e+00   2.14120248e-09]
#  
1.134147467649613716e+00
2.356933511214796134e-02
0.000000000000000000e+00
4.302594982041540450e-01
0.000000000000000000e+00
3.151944529112078452e-01
2.088072301183343527e+00
0.000000000000000000e+00
5.589573856959029197e-01
3.260248265170305193e-01
1.595335153558144148e+00
2.942917545477560015e+00
6.159486053302096892e-02
1.568696553141992744e+00
3.062818827018740642e-01
0.000000000000000000e+00
0.000000000000000000e+00
0.000000000000000000e+00
1.506152160104074822e+00
0.000000000000000000e+00
0.000000000000000000e+00
1.674510810759443302e+00
0.000000000000000000e+00
1.643595899967259077e+00
0.000000000000000000e+00
6.936424933869254073e-01
1.661925706674528991e+00
5.954705463663679393e-02
0.000000000000000000e+00
1.050395756557810090e-01
0.000000000000000000e+00
0.000000000000000000e+00
0.000000000000000000e+00
0.000000000000000000e+00
7.516645400841104330e-02
0.000000000000000000e+00
2.772890233784954805e-01
1.375436378389016667e-01
2.039386952381343487e-01
1.645704770542313344e+00
2.074564207429294260e+00
2.016647383629186940e+00
1.689157510487443170e-01
2.214002821468922022e+00
0.000000000000000000e+00
0.000000000000000000e+00
0.000000000000000000e+00
1.448531896409921138e-01
3.742954463899968442e-01
0.000000000000000000e+00
3.767040329270603949e-01
2.550372050705227434e-01
0.000000000000000000e+00
1.332191892684468915e+00
4.571016356278039677e-02
1.295051213187754513e+00
3.160118253753761430e-01
6.737601474408114188e-02
0.000000000000000000e+00
0.000000000000000000e+00
1.023666540054285701e+00
1.807438631872907708e-01
6.432301717822589415e-01
0.000000000000000000e+00
0.000000000000000000e+00
0.000000000000000000e+00
0.000000000000000000e+00
0.000000000000000000e+00
0.000000000000000000e+00
1.275431437691900913e-02
0.000000000000000000e+00
0.000000000000000000e+00
6.430473434505088459e-01
0.000000000000000000e+00
3.758768663192458420e-02
0.000000000000000000e+00
0.000000000000000000e+00
4.199042635373916726e-03
2.728732545223305550e+00
8.070994498173088560e-01
1.148072199096096035e+00
1.356875333948437845e+00
0.000000000000000000e+00
1.702587025852989600e-01
3.587324601304461846e-01
9.591320540755184920e-01
3.791323463766584079e-02
0.000000000000000000e+00
0.000000000000000000e+00
1.356462654133110957e-01
6.623688908304689038e-01
2.617006952304222131e-02
2.641377675152915216e+00
1.045471717624414154e+00
0.000000000000000000e+00
0.000000000000000000e+00
5.604208216198983683e-01
1.531153243874526781e+00
0.000000000000000000e+00
1.141051822978806252e+00
