# Ensemble B, m = 300.0, lambda = [  7.77595990e-09  -6.51138098e-09   0.00000000e+00   1.86283845e-09]
1.484303469374978757e-01
8.309247480819569320e-01
0.000000000000000000e+00
1.581416017341970681e+00
3.895713631955445566e-02
2.732373160713053584e-01
1.172149767487904448e+00
4.944516649343753678e-01
4.877433535998090819e-01
0.000000000000000000e+00
2.799213828096723880e-02
1.068261325187404021e-01
0.000000000000000000e+00
0.000000000000000000e+00
2.241354704013355015e+00
1.017604847134802037e-01
5.875883622038646781e-01
1.768104466515461326e-01
2.563872559303289056e-01
8.034172627215883100e-01
1.427763528820757077e+00
1.136065087711461530e+00
1.786335831327166279e-01
5.915134243421310556e-01
0.000000000000000000e+00
0.000000000000000000e+00
4.431851328804772838e-01
1.174218233277541046e+00
1.657052115673671056e+00
0.000000000000000000e+00
0.000000000000000000e+00
0.000000000000000000e+00
0.000000000000000000e+00
5.041652573510366775e-01
7.049640407078623383e-01
0.000000000000000000e+00
1.481216576211298763e+00
5.989135910266440987e-01
0.000000000000000000e+00
9.229918984336688004e-02
6.540207095676454641e-01
0.000000000000000000e+00
0.000000000000000000e+00
2.568887697146273186e-01
1.009770037420687938e+00
1.438213660421613360e+00
3.028101459814943053e-01
1.901314108775478406e-01
5.525169078159856140e-01
8.897993598324338560e-01
0.000000000000000000e+00
4.390102625647903101e-01
0.000000000000000000e+00
0.000000000000000000e+00
2.156102414997917993e+00
0.000000000000000000e+00
2.301094870163015449e-01
1.691782715096107115e+00
1.479362247491735172e+00
1.499547553913474496e-01
7.198365655623865100e-01
2.143275776600498617e+00
1.193282537349534378e+00
0.000000000000000000e+00
0.000000000000000000e+00
1.574571130541869923e+00
1.013477532335288700e+00
0.000000000000000000e+00
0.000000000000000000e+00
0.000000000000000000e+00
0.000000000000000000e+00
4.277564321559474414e-01
0.000000000000000000e+00
2.376237682362057901e-01
2.048400823777564828e+00
0.000000000000000000e+00
3.561530386264218362e-01
0.000000000000000000e+00
1.135157084079316370e+00
0.000000000000000000e+00
4.655724219226385352e-01
0.000000000000000000e+00
1.424886592508500138e+00
5.481603427534401662e-01
6.238619595221399639e-01
0.000000000000000000e+00
0.000000000000000000e+00
0.000000000000000000e+00
5.766147600620233904e-01
6.495712579214873994e-01
1.450825211235846207e-02
2.332174879326253114e-01
0.000000000000000000e+00
2.988608015569367837e-01
9.245030540542193975e-01
0.000000000000000000e+00
1.655658299591051374e+00
1.854007636204564102e+00
1.037575755260004451e+00
5.005508638648503705e-01
