# Ensemble B, m = 300.0, lambda = [  7.80767177e-09  -5.82401942e-09   0.00000000e+00   2.11383678e-09]
1.091751609513960997e+00
9.653535488935176545e-01
1.154046911557407157e-01
4.606117077681368133e-01
9.822121266496103287e-01
0.000000000000000000e+00
0.000000000000000000e+00
0.000000000000000000e+00
0.000000000000000000e+00
1.841086452569259180e+00
1.033742862435517162e+00
1.258297649629991133e+00
1.614181400940629896e+00
1.591912253572124250e-02
0.000000000000000000e+00
7.285398361933904665e-01
0.000000000000000000e+00
0.000000000000000000e+00
1.835643316247876911e-01
1.315189122336602248e-02
1.385515977795595544e-02
0.000000000000000000e+00
0.000000000000000000e+00
1.524501675435347980e+00
1.796717086597301311e-02
0.000000000000000000e+00
1.028948559285511183e-01
0.000000000000000000e+00
1.733911793348721364e-01
6.777755841872402653e-01
1.107505499843971786e-01
5.515019174522847178e-01
1.000671013547752008e-01
2.656951908647755545e+00
1.026182817890720633e+00
8.982756523099865165e-01
9.377405966702823115e-01
1.593588032233189011e+00
7.155266900246541606e-02
0.000000000000000000e+00
1.743312338832217590e+00
1.277729090877019136e+00
9.958855345446916418e-01
2.004982898862297080e+00
6.565625384636083473e-01
8.145032557200054812e-01
2.197506127613098326e-01
0.000000000000000000e+00
0.000000000000000000e+00
3.353739294054500220e-01
4.075660566907705895e-02
5.654183862060276761e-02
0.000000000000000000e+00
1.091322017150997588e-02
1.488510676665776078e+00
0.000000000000000000e+00
0.000000000000000000e+00
0.000000000000000000e+00
0.000000000000000000e+00
0.000000000000000000e+00
7.303068916764485774e-01
4.083584628811424699e-01
6.834706311286731228e-01
0.000000000000000000e+00
1.520091931830355403e+00
1.228925412892140773e-01
3.283106447044754211e-02
6.727139055300548898e-02
4.556797705920431207e-01
1.110519266197410385e-02
1.392461094604420524e-01
1.494713307846953221e-01
0.000000000000000000e+00
0.000000000000000000e+00
1.682344360846066200e+00
0.000000000000000000e+00
2.068768006409952509e+00
9.223330663046080957e-01
0.000000000000000000e+00
0.000000000000000000e+00
0.000000000000000000e+00
0.000000000000000000e+00
6.736287786948423895e-01
6.413304163031366967e-01
0.000000000000000000e+00
2.153217092104715846e-02
5.859354274155550990e-02
0.000000000000000000e+00
1.532046000885047166e+00
0.000000000000000000e+00
0.000000000000000000e+00
1.398427671851781184e+00
6.777142202651804948e-02
1.621303857429102768e+00
0.000000000000000000e+00
2.340986449450840112e+00
0.000000000000000000e+00
0.000000000000000000e+00
0.000000000000000000e+00
8.108562281220300927e-02
