# Ensemble B, m = 300.0, lambda = [  1.47998259e-08  -1.18309092e-08   0.00000000e+00   1.57543991e-09]
0.000000000000000000e+00
9.629202519492094936e-01
1.409803105670923484e+00
3.353490205544164660e+00
1.515686750543567163e+00
1.664137443890218782e+00
3.009675295291957542e-01
6.587371246969503380e-01
1.984716553935432559e+00
1.796180857323597557e+00
1.868014036234224351e+00
1.070967352665836536e+00
6.202001468943952878e-01
2.792374639699748862e+00
8.724503887473755714e-01
0.000000000000000000e+00
1.229750243937741239e+00
1.591322209781496522e+00
1.645464131271503927e+00
3.949640948634363657e-01
0.000000000000000000e+00
2.491943488651378935e+00
1.467870565482664258e+00
1.100747030082582345e+00
0.000000000000000000e+00
1.571392455609118333e+00
6.891685991481582008e-01
1.273512701870733732e+00
1.033286736365471720e-01
5.107549470407428682e-01
0.000000000000000000e+00
5.057921283008670610e-01
0.000000000000000000e+00
1.385432339729515405e+00
8.648964580537081837e-01
8.914312601266848324e-01
0.000000000000000000e+00
1.498220297718827032e+00
2.981813541111358878e-01
0.000000000000000000e+00
1.296653963084116734e+00
1.202448419649691180e+00
2.098716838700828424e-01
1.250561471651010947e+00
0.000000000000000000e+00
4.709254095346535607e-01
2.781966717967048197e+00
1.942808167299422961e-01
0.000000000000000000e+00
0.000000000000000000e+00
0.000000000000000000e+00
8.298886409758230442e-01
4.693899767616337322e-03
1.013620240066517297e+00
0.000000000000000000e+00
1.566755070008235773e+00
0.000000000000000000e+00
1.687242932127177131e+00
4.719177144041437205e-02
1.835628797109762234e+00
3.937219057223659280e-01
7.463968524502951896e-01
1.536053461348405369e+00
1.379978906812178607e+00
2.243839035564042739e+00
6.747955118638914174e-01
2.126198414529326008e+00
1.308025511693138299e+00
1.208474025553612385e+00
3.077562733402616324e+00
1.136734324599743828e-01
2.415365124598979119e+00
0.000000000000000000e+00
9.459342493511536665e-01
1.297012951627571464e+00
0.000000000000000000e+00
1.788992368314954229e+00
0.000000000000000000e+00
2.449570605501753207e+00
2.897227635102157528e+00
9.290254481737840742e-01
0.000000000000000000e+00
8.790620382331326699e-02
8.667876971872685576e-01
0.000000000000000000e+00
9.211268434296239205e-01
4.227130655721721419e-01
2.551945971493042808e+00
3.662488576822207631e-01
6.715755546275201660e-01
5.149627816285065052e-01
0.000000000000000000e+00
2.386160057420932734e+00
0.000000000000000000e+00
2.364007196177279724e+00
1.482557529767881466e+00
2.902981268934706760e-01
2.891613592748859540e-01
3.496821526700598093e-01
7.474533695726327531e-01
