# Ensemble B, m = 300.0, lambda = [  8.69698089e-09  -7.23869358e-09   0.00000000e+00   1.81418762e-09]
6.957382636879970716e-01
0.000000000000000000e+00
1.696644424894284020e+00
8.651491313823902463e-01
9.118034535631522886e-01
9.945804058700140615e-01
2.150104960054697867e-01
0.000000000000000000e+00
1.047931907960840237e+00
1.397175987424897681e+00
0.000000000000000000e+00
0.000000000000000000e+00
0.000000000000000000e+00
1.646607280005159546e-01
6.383864359813308242e-01
3.566476155075065102e-01
0.000000000000000000e+00
2.368246209849516615e-01
6.997883606308344939e-01
0.000000000000000000e+00
8.748188029364147855e-01
0.000000000000000000e+00
3.996853766240033856e-01
1.506326157238755625e+00
2.001743484439795662e+00
1.001789681134057364e-01
1.511534466959797873e+00
1.484004367689954806e+00
0.000000000000000000e+00
8.543953988994743565e-01
0.000000000000000000e+00
1.281344314594745626e+00
1.250498933347041319e+00
0.000000000000000000e+00
2.545112534645320501e+00
3.348220740934609307e-01
2.664875911571009670e+00
9.531836310801695966e-02
6.482753024309541034e-01
4.709276031680698638e-01
4.178908086391650012e-01
0.000000000000000000e+00
3.650617764900138673e-01
0.000000000000000000e+00
8.484277181645843990e-01
1.807608663654819980e-01
1.264193638206979053e-01
0.000000000000000000e+00
1.726997828346010788e+00
0.000000000000000000e+00
5.801802416752815938e-01
2.142011268752328501e-01
0.000000000000000000e+00
7.644650756920486900e-01
1.630966504744446599e+00
1.796547742327507580e+00
4.874821772293068123e-01
1.554180256348360212e+00
0.000000000000000000e+00
0.000000000000000000e+00
1.493695915217870818e+00
3.744137961108173762e-01
0.000000000000000000e+00
0.000000000000000000e+00
0.000000000000000000e+00
1.249561638180841427e+00
0.000000000000000000e+00
1.538026458869138580e+00
2.539267317862669238e+00
0.000000000000000000e+00
3.943985907345535780e-01
1.132536158005816862e+00
1.212487414898538507e+00
1.792890753855273633e+00
0.000000000000000000e+00
0.000000000000000000e+00
7.266569293295274123e-01
8.852678842713628260e-01
0.000000000000000000e+00
5.053751400688755169e-01
1.503463153737378266e-01
1.648303355909037871e+00
2.432101946960735450e+00
1.125984292671246223e+00
2.692195892398558499e+00
2.319897524218205720e-01
4.300991816751026722e-03
9.134080475608569172e-01
9.689550416364778318e-01
0.000000000000000000e+00
3.565477802374660277e-01
1.578309875469268597e+00
1.752200600014844900e+00
0.000000000000000000e+00
0.000000000000000000e+00
0.000000000000000000e+00
0.000000000000000000e+00
0.000000000000000000e+00
3.005795097543038086e-01
5.802724523979690963e-01
