# Ensemble B, m = 300.0, lambda = [  2.13473538e-08  -1.43164995e-08   0.00000000e+00   2.03999070e-09]
3.748194949750455196e-02
3.544199681505695310e-01
2.880692074337800612e-01
1.421923215155953102e+00
0.000000000000000000e+00
1.490231776135983975e-02
1.739357818633625374e+00
1.431674011508159872e+00
2.902116534299140405e+00
6.099408536689998606e-01
1.715618220740597222e+00
6.454893466766119525e-01
1.173201258062429343e-02
4.697385513890865449e-01
1.340040211698901196e+00
9.931173600590403883e-01
9.000889462441046263e-01
1.139521776749692350e+00
3.199456705528493927e-01
1.803007316438392793e-01
1.902052055997157931e-01
3.199449022208949334e+00
4.620167070707811852e-01
5.319798369677410932e-01
0.000000000000000000e+00
8.884124000054042236e-01
2.536566152882534730e+00
7.487558119617705454e-01
0.000000000000000000e+00
8.095036119415937037e-01
1.626870057210147991e+00
0.000000000000000000e+00
4.902619136470068306e-02
7.186816017471365781e-01
1.744810021978066894e+00
8.038989333763023604e-01
9.762917856679020900e-01
1.431887331801826146e+00
0.000000000000000000e+00
1.294232504923317428e+00
7.761106189056770077e-01
0.000000000000000000e+00
2.988807670417705786e+00
3.213332745543867608e-01
5.942013184379598689e-01
8.845769380829284767e-01
2.642931254901615290e+00
6.061864036560304925e-02
1.043585067052893223e+00
0.000000000000000000e+00
0.000000000000000000e+00
2.642622356481038604e-01
2.278020318021886315e+00
1.247622979406996624e+00
1.211236914779743490e+00
1.969197316748039772e-01
4.105135258717489966e-01
0.000000000000000000e+00
1.128655528791667972e+00
7.142042357596861679e-01
0.000000000000000000e+00
0.000000000000000000e+00
0.000000000000000000e+00
5.355470690508179477e-01
0.000000000000000000e+00
1.308899338233141751e+00
0.000000000000000000e+00
8.103621819724865505e-01
1.108162093314584151e+00
2.311217488970963352e+00
4.521665452454056155e-01
1.710848064675039026e+00
9.690783299715750587e-01
5.733967974232422327e-01
4.962381159091165950e-01
0.000000000000000000e+00
4.319540047466670085e-01
1.124396792605035778e+00
5.046658255356378797e-02
1.305091173857947373e+00
3.154388726652695429e-01
1.300876990234942188e+00
0.000000000000000000e+00
1.478140821939412763e+00
1.464221210898083436e+00
5.816639055501560129e-01
1.003406688772354949e+00
0.000000000000000000e+00
0.000000000000000000e+00
0.000000000000000000e+00
1.810209507777997273e-01
1.223045713098449561e+00
7.520857841163088864e-01
5.118629032426265102e-01
0.000000000000000000e+00
1.407313731357100695e+00
1.530593800074532496e+00
1.354430583276411859e+00
0.000000000000000000e+00
1.062064879990901156e+00
