# Ensemble B, m = 300.0, c_n/c_p = 0.651612903226, f = -0.990869565217
# lambda = [  2.06021803e-08  -1.33020736e-08   0.00000000e+00   1.80996423e-09]
#  
0.000000000000000000e+00
0.000000000000000000e+00
0.000000000000000000e+00
6.825709050880851558e-01
3.921395322256527871e-01
1.428378736880670852e+00
1.075121028058114048e+00
8.259161167436986917e-01
1.853760559937377206e+00
1.633852485727992354e+00
1.077175890655051871e-01
0.000000000000000000e+00
0.000000000000000000e+00
0.000000000000000000e+00
1.687581993958527093e-01
1.217305990973306828e+00
0.000000000000000000e+00
1.464847367217643859e+00
7.515555885308432549e-01
0.000000000000000000e+00
3.751320045858280161e-01
0.000000000000000000e+00
1.993526594216872561e-01
0.000000000000000000e+00
0.000000000000000000e+00
1.023666614543418785e+00
8.873262999675939067e-03
0.000000000000000000e+00
8.209654286663300438e-01
0.000000000000000000e+00
5.908402156827088220e-02
0.000000000000000000e+00
3.688943144597488927e-02
6.239177716138386565e-01
0.000000000000000000e+00
0.000000000000000000e+00
0.000000000000000000e+00
0.000000000000000000e+00
1.062126436833919607e+00
0.000000000000000000e+00
3.998609150477489549e-01
0.000000000000000000e+00
5.578839010819931499e-01
8.016189362788843642e-01
0.000000000000000000e+00
0.000000000000000000e+00
0.000000000000000000e+00
0.000000000000000000e+00
2.426878854620920123e+00
6.423184439126897738e-01
1.430256166843276056e+00
0.000000000000000000e+00
3.328119610033971387e+00
0.000000000000000000e+00
1.614164320200265790e+00
0.000000000000000000e+00
0.000000000000000000e+00
0.000000000000000000e+00
1.523417166026292957e+00
1.822727142099041409e+00
1.488810888054291848e+00
0.000000000000000000e+00
0.000000000000000000e+00
3.511423761135181287e+00
1.691439370423044819e+00
9.821400484634774664e-01
9.615619929915371067e-01
0.000000000000000000e+00
1.342914811039728207e+00
1.743359930561309445e+00
4.822314481755218818e-01
0.000000000000000000e+00
1.118955454229865421e+00
3.797620168740851176e-01
0.000000000000000000e+00
2.056732723944401306e-02
0.000000000000000000e+00
0.000000000000000000e+00
0.000000000000000000e+00
0.000000000000000000e+00
1.134047576799860901e-01
1.238847448680615582e+00
1.079773931571311296e+00
6.404896332265977987e-01
1.163172957188705059e+00
0.000000000000000000e+00
0.000000000000000000e+00
2.190402074976008251e+00
0.000000000000000000e+00
3.706113574497203467e-01
4.531052791846575389e-01
4.509951545801805795e-01
1.026978456795081929e+00
1.462930114976288554e+00
0.000000000000000000e+00
1.473385646622591638e+00
5.782561227993020525e-01
5.600312294698972515e-01
7.098429996685075016e-01
0.000000000000000000e+00
