# Ensemble B, m = 300.0, c_n/c_p = 0.625806451613, f = -1.0
# lambda = [  2.83787227e-08  -1.77595877e-08   0.00000000e+00   0.00000000e+00]
#  
0.000000000000000000e+00
0.000000000000000000e+00
1.482451703330008197e+00
0.000000000000000000e+00
0.000000000000000000e+00
1.277334543783364307e+00
0.000000000000000000e+00
2.290222627281712775e-02
5.609764941979540342e-01
0.000000000000000000e+00
0.000000000000000000e+00
0.000000000000000000e+00
8.161171239410618394e-01
3.074708191595180717e-01
0.000000000000000000e+00
0.000000000000000000e+00
0.000000000000000000e+00
0.000000000000000000e+00
0.000000000000000000e+00
0.000000000000000000e+00
0.000000000000000000e+00
4.761817669738242498e-01
1.339430857366582739e+00
6.180155643615835581e-01
0.000000000000000000e+00
1.564921605285060968e+00
0.000000000000000000e+00
2.796097185319669221e-01
2.786057756685216269e-01
0.000000000000000000e+00
0.000000000000000000e+00
0.000000000000000000e+00
0.000000000000000000e+00
1.552635047898832443e+00
0.000000000000000000e+00
0.000000000000000000e+00
0.000000000000000000e+00
0.000000000000000000e+00
0.000000000000000000e+00
0.000000000000000000e+00
0.000000000000000000e+00
5.282214430511050079e-02
8.726797411863469467e-01
2.549878675012134943e-01
7.436045623607300259e-01
2.360427243698713096e-01
1.071557523649039112e+00
0.000000000000000000e+00
4.039926254805320527e-01
0.000000000000000000e+00
4.452390518706741268e-02
0.000000000000000000e+00
0.000000000000000000e+00
0.000000000000000000e+00
9.915456171157682741e-01
0.000000000000000000e+00
3.448801135151075004e-01
1.840993347726294083e+00
1.789162178955788773e+00
6.827131459175542760e-01
5.910287526314553785e-01
0.000000000000000000e+00
0.000000000000000000e+00
0.000000000000000000e+00
2.773677654870400078e-01
0.000000000000000000e+00
2.612223656792477255e-01
0.000000000000000000e+00
3.509097103499708714e-01
0.000000000000000000e+00
1.434510908485820746e+00
8.118741463142065129e-01
2.126425670614432439e-01
0.000000000000000000e+00
0.000000000000000000e+00
1.844050235555123152e+00
5.132094746988304923e-01
9.938057426661357496e-01
0.000000000000000000e+00
8.757731079709992761e-01
7.031315617991938938e-01
0.000000000000000000e+00
0.000000000000000000e+00
8.818101411499337239e-01
6.982513989827960899e-01
0.000000000000000000e+00
0.000000000000000000e+00
4.804339450481809881e-01
6.278391733857688894e-01
6.186787774453550437e-02
9.066850377816620954e-01
0.000000000000000000e+00
0.000000000000000000e+00
3.312399899533052250e-01
0.000000000000000000e+00
0.000000000000000000e+00
7.890303167083220215e-01
1.879270927198440910e+00
2.560420828010281924e-01
3.513342589580643605e-01
