# Ensemble B, m = 300.0, c_n/c_p = 0.81935483871, f = -0.980434782609
# lambda = [  1.12256835e-08  -9.01786076e-09   0.00000000e+00   1.81053709e-09]
#  
6.587563155697504502e-01
0.000000000000000000e+00
1.391724887774372421e+00
6.144177849688706727e-01
1.568907044302154885e+00
0.000000000000000000e+00
1.966792436860961057e+00
0.000000000000000000e+00
2.132344005424584577e+00
6.865459232171654269e-02
9.146598873728853940e-01
0.000000000000000000e+00
1.015041084025584794e+00
1.115676008304858691e+00
1.179989311611747249e+00
1.386635253066358597e+00
1.438147023296594496e+00
0.000000000000000000e+00
1.312304995118680262e+00
1.636621433584463770e+00
1.872054667303614695e+00
1.580662710296556028e+00
2.538270437052294985e-03
0.000000000000000000e+00
1.626747797270455265e-01
7.770122130919084880e-01
7.477597759198811346e-03
0.000000000000000000e+00
0.000000000000000000e+00
0.000000000000000000e+00
6.772739343537003132e-01
8.055719409641112078e-03
0.000000000000000000e+00
0.000000000000000000e+00
0.000000000000000000e+00
6.194952785066883960e-01
6.518469754290358020e-01
0.000000000000000000e+00
2.980321536023025519e+00
1.433732107588813268e-02
3.286325365176792634e-01
7.670534721600358319e-02
5.180549196728193202e-03
6.573718499889160544e-03
6.645811351856151239e-01
1.753150157110617391e+00
0.000000000000000000e+00
9.784898368362857646e-01
2.756078430471844865e+00
0.000000000000000000e+00
1.525897321828341147e-01
2.319227717095869723e-01
7.285882427341572321e-01
9.218672911898276867e-01
7.676089640919521173e-01
0.000000000000000000e+00
1.805227903262011324e+00
6.171252105864921678e-01
1.522676857608643575e+00
2.392262511882063125e-01
7.457478381680815449e-01
7.326951000686279247e-01
4.561263624756969892e-01
0.000000000000000000e+00
1.116532353348399287e+00
0.000000000000000000e+00
2.873050956091878216e-01
1.817481561023522652e+00
0.000000000000000000e+00
8.539916577825346078e-02
0.000000000000000000e+00
1.008006017009249050e-02
2.296325515586044794e-02
2.239947149059860476e-01
0.000000000000000000e+00
4.745652863874280092e-01
3.868070064776671368e-01
0.000000000000000000e+00
0.000000000000000000e+00
6.010702198206488989e-01
8.488494819034095862e-01
1.760926595795938132e+00
3.646506578488648009e-01
5.105969726054564450e-01
1.010281850333768494e+00
7.729669956779466888e-02
3.349873856585500187e-01
1.322397688898810930e+00
3.278949055877161678e-01
5.760192871093889862e-04
1.590400244736373203e+00
1.235479756487009029e-01
6.178060331143819806e-03
1.843495307380849102e-01
1.046760903743755078e+00
0.000000000000000000e+00
0.000000000000000000e+00
5.369131951877557235e-02
9.416167775796985273e-02
0.000000000000000000e+00
