# Ensemble B, m = 300.0, lambda = [  7.07807605e-09  -5.84773029e-09   0.00000000e+00   1.95154105e-09]
2.452573493607956401e+00
0.000000000000000000e+00
2.693150639861610074e-01
1.717820281103442870e+00
5.464173714778119972e-02
0.000000000000000000e+00
1.054502727963089415e+00
1.670892796329172647e+00
5.413433865813369605e-01
8.726533129668504474e-01
1.411497927483602366e+00
0.000000000000000000e+00
5.315118767776719766e-01
1.789598855597035687e+00
7.830476340667420487e-01
7.461045331908322531e-02
0.000000000000000000e+00
0.000000000000000000e+00
1.177695672322876197e+00
0.000000000000000000e+00
7.300835376389988030e-01
4.650498581487648164e-01
7.128792589147342484e-02
0.000000000000000000e+00
6.726176788465556555e-01
7.901840490928987437e-01
9.579145117276021207e-03
0.000000000000000000e+00
0.000000000000000000e+00
6.838060608726668210e-01
2.185581599673926068e+00
7.362698157510131347e-01
1.644418965097931729e+00
4.717582027433180336e-01
0.000000000000000000e+00
6.862682851316018739e-01
1.058900274653703732e+00
0.000000000000000000e+00
0.000000000000000000e+00
1.169107032829391546e+00
0.000000000000000000e+00
1.063745684838189876e+00
1.842666941253677526e-02
8.092344779850265679e-01
7.546093347582942534e-02
2.069308152827689651e-01
1.087542646509138677e+00
1.254534149846322055e+00
0.000000000000000000e+00
7.202669233550557104e-01
0.000000000000000000e+00
1.539966555144524740e+00
2.046188518433982306e+00
9.640586890889291105e-01
0.000000000000000000e+00
2.815992806780861710e-02
1.948270790815207043e+00
1.292881424304684057e-01
1.677458599016431906e+00
1.530047857625737917e+00
6.197472983224263654e-01
2.049976362098388238e-01
9.782134928222124826e-02
2.028706669003299545e+00
6.436398220512518087e-02
6.069535607343352623e-01
1.368589846060205506e+00
0.000000000000000000e+00
0.000000000000000000e+00
0.000000000000000000e+00
1.437310235795680846e+00
1.268579786169074630e+00
1.302360856585272231e+00
0.000000000000000000e+00
1.324425930382366445e+00
1.152970975392725528e+00
6.668698587009407319e-01
6.497691192794405879e-01
3.218763025576137360e-01
3.162686031046128554e-01
9.862000140819043859e-01
1.059765327501508647e+00
0.000000000000000000e+00
5.838217707851311999e-01
2.054550372037266814e-01
0.000000000000000000e+00
0.000000000000000000e+00
0.000000000000000000e+00
3.666416620241202962e-02
6.767381011173767037e-03
7.907922726105520717e-01
0.000000000000000000e+00
0.000000000000000000e+00
9.663558163960192515e-02
5.084446232265712462e-01
0.000000000000000000e+00
1.366004921788659954e-01
1.553121698155897512e+00
0.000000000000000000e+00
0.000000000000000000e+00
