# Ensemble B, m = 300.0, lambda = [  1.05421997e-08  -6.70522769e-09   0.00000000e+00   2.02889531e-09]
2.246190725412700387e-02
0.000000000000000000e+00
2.681665009669609856e-01
0.000000000000000000e+00
2.111496224714698666e+00
2.653410137368940269e+00
7.991602862096141013e-01
7.501495340033893511e-01
2.546501603133589420e+00
0.000000000000000000e+00
8.424761165144161179e-01
0.000000000000000000e+00
0.000000000000000000e+00
0.000000000000000000e+00
4.018283227635845167e-02
0.000000000000000000e+00
8.331415446509095046e-01
0.000000000000000000e+00
0.000000000000000000e+00
0.000000000000000000e+00
2.066584522729698836e+00
0.000000000000000000e+00
1.083517375827261153e+00
1.387875785134740636e-01
0.000000000000000000e+00
2.114249089035634965e-01
6.524910380906342455e-01
1.183761620027542261e+00
0.000000000000000000e+00
5.096042141983648799e-01
1.363895343109761793e+00
0.000000000000000000e+00
1.077759416462501063e+00
0.000000000000000000e+00
7.298878149963454742e-01
1.745793816377378960e+00
1.813212572561554659e+00
5.563050728348113427e-01
0.000000000000000000e+00
0.000000000000000000e+00
0.000000000000000000e+00
0.000000000000000000e+00
5.016597271045127732e-02
3.451834361454876321e-01
0.000000000000000000e+00
3.396561065594778661e-01
1.010826087627768460e-01
0.000000000000000000e+00
1.756358229094084678e+00
0.000000000000000000e+00
3.826600235157244685e-03
1.677858864047007348e+00
0.000000000000000000e+00
4.764189055335365519e-01
9.154116649268375649e-01
1.818831344421365515e-01
4.387601237087484507e-01
7.848754692471644479e-01
0.000000000000000000e+00
3.040227054976256116e-01
4.041489387331599348e-01
0.000000000000000000e+00
1.605165974266355322e+00
2.448988156003547023e-01
6.225110495938628308e-01
7.473002159437899250e-01
0.000000000000000000e+00
1.138563888572456495e+00
0.000000000000000000e+00
0.000000000000000000e+00
2.133172762419100366e+00
0.000000000000000000e+00
6.424767813754697077e-01
1.024709968813031891e+00
7.085851687314496106e-01
0.000000000000000000e+00
0.000000000000000000e+00
0.000000000000000000e+00
1.191142823168660492e+00
1.250752407824234691e+00
1.725195380527163369e+00
6.100691071002197277e-03
1.535794960499599515e+00
0.000000000000000000e+00
2.338537191839220458e-02
0.000000000000000000e+00
0.000000000000000000e+00
8.926449212791098820e-01
1.167076895761468336e+00
0.000000000000000000e+00
0.000000000000000000e+00
1.901979834627147981e-01
3.411073957211598340e-01
0.000000000000000000e+00
6.264061223276077284e-01
9.172329919211754667e-01
3.195906642506841228e-02
7.499600301229020216e-01
0.000000000000000000e+00
0.000000000000000000e+00
