# Ensemble B, m = 300.0, c_n/c_p = 0.961290322581, f = -0.971304347826
# lambda = [  6.57138640e-09  -6.13573942e-09   0.00000000e+00   1.50243767e-09]
#  
0.000000000000000000e+00
5.976493445988761977e-01
1.285205519328940893e+00
0.000000000000000000e+00
9.294784818364506540e-01
1.021935466632141742e-01
0.000000000000000000e+00
0.000000000000000000e+00
1.113371424950176269e+00
2.067009807637357977e+00
0.000000000000000000e+00
0.000000000000000000e+00
2.651299399796705480e-02
0.000000000000000000e+00
0.000000000000000000e+00
2.296543795197942384e+00
0.000000000000000000e+00
1.114204000404159928e-01
4.373908317984174232e-01
1.470806265746858132e+00
8.921429384247093752e-01
0.000000000000000000e+00
1.175611820423501985e+00
6.805113459377462037e-01
1.057617620796233782e+00
5.151961607558739331e-01
0.000000000000000000e+00
6.411975189029743838e-01
1.476536158229937890e+00
3.122015045636153396e-01
0.000000000000000000e+00
4.033892629744076919e-01
1.082751039819857874e+00
5.933815136100525356e-01
0.000000000000000000e+00
8.932915272685753028e-01
0.000000000000000000e+00
0.000000000000000000e+00
9.002724744420450773e-03
3.950141118133775886e-01
0.000000000000000000e+00
9.519890398169297274e-01
0.000000000000000000e+00
0.000000000000000000e+00
7.748666181483581106e-01
0.000000000000000000e+00
1.597884506593511666e+00
9.259436435286501343e-02
0.000000000000000000e+00
0.000000000000000000e+00
0.000000000000000000e+00
4.849583541001677434e-01
4.820551530078691638e-01
2.186524706249652450e+00
4.725754322539276187e-01
0.000000000000000000e+00
0.000000000000000000e+00
2.373239777255146399e-01
2.065755653856128582e+00
7.191673832405405253e-01
1.996783798360271187e-02
4.789716850279630844e-02
0.000000000000000000e+00
6.909593074414953698e-03
8.507961963359710333e-01
5.177543328100185915e-01
6.819180520539869228e-01
9.363777975857089375e-01
9.646796480622261971e-02
0.000000000000000000e+00
1.111172099665511670e+00
1.880081453410265890e+00
1.651182499271923287e+00
1.520413427634909054e+00
1.690469536942697637e+00
0.000000000000000000e+00
2.473191420465953971e+00
0.000000000000000000e+00
1.498817040754630181e+00
1.163466741024532736e+00
1.710834876623664291e+00
1.335766689073137059e-01
4.752529931112926542e-01
7.938099493513435523e-02
9.762918670984861713e-02
3.506794185013223597e+00
0.000000000000000000e+00
0.000000000000000000e+00
6.795141480147700586e-01
9.914824158088483275e-01
4.389093699719273656e-01
1.046903057978840090e+00
0.000000000000000000e+00
5.598633906169226959e-01
1.771141524934044531e+00
0.000000000000000000e+00
1.035159820846255574e+00
0.000000000000000000e+00
0.000000000000000000e+00
8.954855939633429296e-01
