# Ensemble B, m = 300.0, c_n/c_p = 0.6, f = -0.961428571429
# lambda = [  1.03650588e-08  -5.97915822e-09   0.00000000e+00   1.71057505e-09]
#  
0.000000000000000000e+00
3.516944645029748129e-01
9.928720506875424734e-01
0.000000000000000000e+00
1.012106403256665330e-02
1.357546777042019981e+00
2.191518858462249419e-01
0.000000000000000000e+00
8.441613532367820971e-01
0.000000000000000000e+00
2.064774142330874362e-01
3.222566731498351378e-01
1.004455111126189015e+00
4.975575463683688977e-03
6.829440699581143005e-03
7.384964996097551637e-01
0.000000000000000000e+00
2.235687619109298085e-01
1.565857726805792716e+00
0.000000000000000000e+00
5.181070042001569842e-01
0.000000000000000000e+00
1.061303420480437694e-02
1.279722163505947474e+00
5.638649426776638496e-01
1.679870877640819993e+00
4.611977851707719234e-01
1.088961501023544054e+00
0.000000000000000000e+00
9.550064638996286215e-01
4.943630365612174948e-01
0.000000000000000000e+00
4.940234485772169309e-02
6.521554959191679934e-01
0.000000000000000000e+00
1.382979667922463518e+00
1.990783791241333422e-01
0.000000000000000000e+00
8.677762596475595558e-01
1.387122089303176153e+00
1.815474706179316666e-02
1.000861853330430561e-02
6.759088231110405021e-01
0.000000000000000000e+00
2.973088518816335846e-01
6.605810415761964594e-01
0.000000000000000000e+00
0.000000000000000000e+00
0.000000000000000000e+00
1.032519046983711331e+00
9.660210556532798920e-01
1.822268066936145320e-02
8.302730593497360534e-01
6.288748688987378932e-01
1.525229549667702855e+00
1.745153783430078098e+00
8.982802202770597821e-01
5.407189569192570877e-01
0.000000000000000000e+00
1.234597840532277502e+00
1.945271597270138653e+00
0.000000000000000000e+00
1.118170247258652328e+00
0.000000000000000000e+00
1.160478160474205822e+00
3.596862031126417114e-01
1.636633693344338170e+00
3.388482652667906270e-01
1.815145182826165993e+00
4.933648420700720467e-03
1.096199506610762153e-02
3.162101656612462675e-01
1.135759546451371227e+00
0.000000000000000000e+00
0.000000000000000000e+00
2.248588411819342492e-01
9.935478512622364367e-01
0.000000000000000000e+00
1.393692701710572912e+00
1.323288497079263992e+00
4.821367560550336440e-01
2.091184136967897178e+00
0.000000000000000000e+00
0.000000000000000000e+00
4.402919061506744836e-01
0.000000000000000000e+00
0.000000000000000000e+00
2.615390351898041921e+00
1.153465472243706991e+00
5.289666163403640604e-03
8.245857852900614349e-01
0.000000000000000000e+00
0.000000000000000000e+00
8.737291399671270886e-02
1.720704965300880185e-01
0.000000000000000000e+00
1.724793316102082974e+00
1.307173982097700859e+00
4.215612487257665020e-01
1.509730249614421149e+00
