# Ensemble B, m = 300.0, lambda = [  1.36420171e-08  -9.35358304e-09   0.00000000e+00   2.13170422e-09]
2.962841442173592132e-01
0.000000000000000000e+00
1.748550084522789427e-01
4.315970876467214445e-01
1.357448716925959697e+00
2.197994411538426451e+00
2.640054702782903995e+00
1.278664375816339627e+00
0.000000000000000000e+00
7.517144369505066592e-01
2.246631789899751208e+00
7.426237641818371760e-01
5.751488046341942661e-01
0.000000000000000000e+00
2.024404406072218832e-01
0.000000000000000000e+00
1.619966735336899832e+00
0.000000000000000000e+00
6.413753936080531792e-01
3.032284051897661814e-01
0.000000000000000000e+00
4.448890566808617053e-01
0.000000000000000000e+00
1.355125405123088989e+00
0.000000000000000000e+00
0.000000000000000000e+00
1.144703919722092067e+00
1.001986322297269361e+00
3.570485164184692972e-01
2.378526260722779284e+00
9.174230570807513363e-01
1.582713910048172634e+00
0.000000000000000000e+00
0.000000000000000000e+00
1.332189101837834011e+00
0.000000000000000000e+00
4.138464099715097877e-01
2.138425309390823981e-01
0.000000000000000000e+00
4.832820421308854919e-01
2.659737930701347786e+00
3.580012756244911566e-04
5.615161788746587668e-01
0.000000000000000000e+00
7.890626814028579572e-01
0.000000000000000000e+00
1.781372313952830577e+00
1.122259640535440361e+00
4.721286126480471815e-03
1.812826982781931273e-01
1.396520530139991445e+00
0.000000000000000000e+00
0.000000000000000000e+00
1.079392679404739042e+00
3.757673650176309721e-01
2.059275928129357336e+00
7.750225164473049100e-01
0.000000000000000000e+00
0.000000000000000000e+00
8.528336187312602901e-01
5.971489531202195389e-01
0.000000000000000000e+00
6.908024327364424844e-01
2.654250876350916499e-01
0.000000000000000000e+00
1.038996908674828801e-01
3.674353674525729918e-01
3.541008020164016501e-01
1.771557779480241290e+00
1.553583041712969237e-01
0.000000000000000000e+00
6.626286937429409774e-01
0.000000000000000000e+00
9.298043885456828972e-02
3.948749105086173383e-01
1.276887840204083524e+00
5.210355201471182918e-01
0.000000000000000000e+00
9.880907940142277246e-01
1.244133965084437410e+00
1.672283002398462060e+00
7.890740845273279680e-01
0.000000000000000000e+00
1.650838402690960049e-01
2.069416587769535631e+00
0.000000000000000000e+00
1.596481680116605517e+00
1.553163434499618356e+00
1.643091613071229862e+00
1.601815315239340509e-01
0.000000000000000000e+00
7.943345597870546948e-01
0.000000000000000000e+00
4.112723616788203085e-01
0.000000000000000000e+00
5.200786723770762787e-01
9.286161758705053781e-01
7.139138106890997870e-02
9.805324020380596917e-01
1.254902018042639789e+00
