# Ensemble B, m = 300.0, lambda = [  8.94944809e-09  -5.48168130e-09   0.00000000e+00   1.98958464e-09]
0.000000000000000000e+00
0.000000000000000000e+00
0.000000000000000000e+00
1.842776681301567354e+00
1.458520049983490739e-02
1.673254712550705570e+00
0.000000000000000000e+00
2.295137011346603528e-01
0.000000000000000000e+00
0.000000000000000000e+00
0.000000000000000000e+00
0.000000000000000000e+00
8.329030626834967033e-02
1.136983006274575603e+00
1.297910596767565261e+00
1.019429678717643117e+00
1.151055240054958739e+00
8.281794106150545953e-02
5.875169715517634117e-01
0.000000000000000000e+00
6.024844765738954777e-01
0.000000000000000000e+00
6.013960247442067253e-01
1.281648262896867729e+00
0.000000000000000000e+00
0.000000000000000000e+00
1.144524693614474398e+00
0.000000000000000000e+00
0.000000000000000000e+00
2.426884395157951069e+00
2.197858188516419453e+00
0.000000000000000000e+00
0.000000000000000000e+00
0.000000000000000000e+00
2.305659909871054791e-01
6.966821887971315075e-01
9.444664097583709006e-02
4.115165163548099164e-03
6.536581541777475302e-01
0.000000000000000000e+00
1.547207129850391473e-02
0.000000000000000000e+00
5.880289655839519847e-02
1.132604667004599053e+00
0.000000000000000000e+00
2.732487805474309028e-01
0.000000000000000000e+00
4.170150874918775868e-02
0.000000000000000000e+00
0.000000000000000000e+00
6.389193206158547689e-01
6.856300416348759530e-01
2.715410559785527700e-01
0.000000000000000000e+00
1.037969894326945530e+00
8.209162028193529581e-01
7.480936427963111868e-01
4.296317922010371437e-01
0.000000000000000000e+00
0.000000000000000000e+00
1.433356935201042515e-01
1.396730691402229052e+00
3.100457151686427659e-01
0.000000000000000000e+00
5.373800966926002287e-01
0.000000000000000000e+00
0.000000000000000000e+00
1.605003789584678042e+00
0.000000000000000000e+00
7.182364154836455850e-01
3.998364790481397091e-02
0.000000000000000000e+00
5.358617796324721683e-01
0.000000000000000000e+00
0.000000000000000000e+00
1.098848848164854619e+00
1.345431729499686480e+00
5.476845102654802344e-03
0.000000000000000000e+00
7.062838151574897250e-01
0.000000000000000000e+00
1.810345421315107395e-01
8.415774283674793965e-01
0.000000000000000000e+00
6.235928475119751901e-01
0.000000000000000000e+00
1.057369677083500825e+00
1.275227052393854921e+00
1.470934537550497634e+00
1.111735353719915498e+00
0.000000000000000000e+00
2.041191102717594408e-01
5.165589050504741826e-03
1.353563359368054941e+00
0.000000000000000000e+00
0.000000000000000000e+00
1.852380809912218540e-01
0.000000000000000000e+00
4.429597150451508591e-01
0.000000000000000000e+00
