# Ensemble B, m = 300.0, lambda = [  1.02994687e-08  -7.05964503e-09   0.00000000e+00   2.13613636e-09]
1.502147740842991075e+00
1.218511377419465025e-01
0.000000000000000000e+00
0.000000000000000000e+00
6.340023548092402761e-01
1.045210473446447796e+00
1.980430097058864802e-01
0.000000000000000000e+00
0.000000000000000000e+00
0.000000000000000000e+00
1.223353426076703165e+00
0.000000000000000000e+00
4.139989397296056084e-01
2.190977966006159683e+00
0.000000000000000000e+00
2.958119765460490505e-02
1.384864942224171669e+00
0.000000000000000000e+00
2.228148682099980515e+00
0.000000000000000000e+00
5.872203028447149364e-01
1.171079552702272597e+00
6.423396116911679332e-01
0.000000000000000000e+00
0.000000000000000000e+00
0.000000000000000000e+00
0.000000000000000000e+00
1.399417408792439366e+00
0.000000000000000000e+00
1.509354580107335142e+00
7.670570667284773436e-02
0.000000000000000000e+00
1.353267478020932835e+00
4.989701891663326228e-01
1.191125513871460928e+00
0.000000000000000000e+00
8.145536214742559178e-01
7.062594000714493558e-02
1.912131489082898039e-01
0.000000000000000000e+00
1.136923373331558906e+00
8.525338822967792884e-01
0.000000000000000000e+00
0.000000000000000000e+00
0.000000000000000000e+00
6.668236528975081401e-02
0.000000000000000000e+00
0.000000000000000000e+00
1.273508980328832862e+00
0.000000000000000000e+00
0.000000000000000000e+00
6.146903353639841805e-02
0.000000000000000000e+00
0.000000000000000000e+00
8.520193782976458463e-01
1.587148518304516698e-01
7.165364686773195713e-02
0.000000000000000000e+00
4.685141318065234178e-02
0.000000000000000000e+00
0.000000000000000000e+00
0.000000000000000000e+00
0.000000000000000000e+00
1.323098823049727035e-01
4.630440527720720845e-03
0.000000000000000000e+00
0.000000000000000000e+00
4.829575004770562952e-02
0.000000000000000000e+00
1.769402449250992770e+00
1.316751449988317724e+00
0.000000000000000000e+00
0.000000000000000000e+00
0.000000000000000000e+00
1.729608584119453507e+00
0.000000000000000000e+00
1.368976903904956244e-01
0.000000000000000000e+00
1.047973910970202205e+00
0.000000000000000000e+00
0.000000000000000000e+00
6.773102947666245210e-01
0.000000000000000000e+00
7.993420767697838603e-01
5.907882130554474864e-01
1.151594684731165552e+00
1.571761458655487331e+00
0.000000000000000000e+00
9.423588863866276533e-02
0.000000000000000000e+00
0.000000000000000000e+00
4.201954294346039731e-01
1.156442769090352041e+00
2.361057336319262401e+00
1.088014886849193896e+00
1.346523819024217472e+00
0.000000000000000000e+00
2.530111205590384493e+00
1.461629770514296343e-02
9.159503072018946312e-01
