# Ensemble B, m = 300.0, lambda = [  1.44724462e-08  -1.09305484e-08   0.00000000e+00   1.99492861e-09]
1.829616647771242555e+00
2.123508813667283945e+00
2.977296523540874151e+00
0.000000000000000000e+00
0.000000000000000000e+00
0.000000000000000000e+00
8.523006014246219120e-02
1.154844852380679660e-01
9.367272708300424799e-01
3.785056005640210271e-03
1.130185960269777468e+00
1.355366336307846087e+00
8.808686030901997921e-02
5.000763664395041497e-01
1.460732437821699037e+00
0.000000000000000000e+00
1.152982084373252114e+00
1.270456017689867823e+00
3.988051012471694953e-03
2.651765718210306932e+00
1.960625331080036171e-01
1.220832679331280701e+00
2.090349474459851087e-01
1.141378807211606838e-01
5.539955150562082820e-02
8.263376830631500303e-01
2.693262877058817395e+00
0.000000000000000000e+00
1.882989425003908757e+00
0.000000000000000000e+00
2.980879957938883940e-01
8.277368657273984631e-01
1.790565321322343584e+00
1.329451350374712515e+00
0.000000000000000000e+00
5.256464548304873308e-01
2.216256125135999677e-01
0.000000000000000000e+00
1.044646045946760804e+00
1.142359085473779512e+00
1.595200872021187433e-01
2.955799383479240205e+00
3.816454319454222754e-01
1.615091193268973768e+00
1.722379953003984721e+00
2.143310585875709828e-01
0.000000000000000000e+00
7.350803274559476463e-01
4.742088380697358913e-02
6.056256913369794104e-01
0.000000000000000000e+00
1.717812586544297027e+00
7.644486951452778012e-01
2.499812271757558602e+00
1.053772148724426705e+00
0.000000000000000000e+00
0.000000000000000000e+00
2.097140997323391431e+00
1.946984619943368244e+00
9.305610217373583293e-01
2.197796810815593194e+00
2.168023978214502975e-02
6.068967913628315891e-01
0.000000000000000000e+00
2.270918473090822065e+00
1.903934359441502799e+00
1.731746932528253069e+00
8.570644813753671709e-01
0.000000000000000000e+00
2.484815365911687002e-01
1.405649503671133616e+00
1.688799351038503982e+00
7.045951579526550379e-01
1.032621299473257981e+00
3.262198503303834901e-02
1.587741844954103643e+00
4.737424583010575035e-02
5.742450038522297628e-01
8.775974377420485695e-01
0.000000000000000000e+00
0.000000000000000000e+00
2.592999752108497091e+00
1.374965128440500006e+00
7.852353216594845642e-02
2.699606229515592523e-02
0.000000000000000000e+00
2.347594751865730967e+00
0.000000000000000000e+00
0.000000000000000000e+00
1.688579181739367829e+00
7.139648197662156193e-01
5.561662676768967112e-02
6.555397450151161376e-01
1.166871766574422375e+00
0.000000000000000000e+00
1.383073449749379957e+00
1.508949547004329483e+00
5.558844648062055693e-01
4.996497688708826379e-01
0.000000000000000000e+00
