# Ensemble B, m = 300.0, lambda = [  1.52893990e-08  -9.24207178e-09   0.00000000e+00   1.54864054e-09]
4.989444230449739393e-01
6.478672752566332349e-01
3.540488672018519134e-01
0.000000000000000000e+00
3.596020513476811953e-01
1.700123613710492476e+00
1.482335888493886866e+00
1.657909206407732761e+00
1.732924984251562162e+00
1.828984779730394861e+00
1.429968942696821399e+00
0.000000000000000000e+00
0.000000000000000000e+00
0.000000000000000000e+00
1.019435320884496399e+00
2.430757369610523355e+00
3.743103787099338331e-01
0.000000000000000000e+00
0.000000000000000000e+00
0.000000000000000000e+00
0.000000000000000000e+00
0.000000000000000000e+00
0.000000000000000000e+00
5.344509663678724820e-01
7.005801094219383796e-01
9.253930487033784624e-01
1.422958925854536094e+00
1.274076849585962234e+00
0.000000000000000000e+00
1.162904552534469449e+00
9.710108957580094735e-01
0.000000000000000000e+00
1.405640497207393258e+00
0.000000000000000000e+00
0.000000000000000000e+00
1.496384733206076456e-01
0.000000000000000000e+00
4.674599216430375126e-02
0.000000000000000000e+00
0.000000000000000000e+00
5.967955117359095840e-02
1.292702733122607306e+00
0.000000000000000000e+00
0.000000000000000000e+00
8.818058529993044736e-01
1.281873790071856589e-01
6.329737179512571685e-03
7.158283339783989563e-01
5.811171988005582323e-01
0.000000000000000000e+00
0.000000000000000000e+00
1.064350434218425789e+00
0.000000000000000000e+00
0.000000000000000000e+00
1.444489745926270940e-01
1.002455512429544449e+00
5.359249793139159168e-01
9.045304824318541881e-01
0.000000000000000000e+00
0.000000000000000000e+00
6.235602627576807278e-01
4.771456641821379685e-02
0.000000000000000000e+00
0.000000000000000000e+00
3.279094672231702701e-01
0.000000000000000000e+00
3.696247251074782358e-01
0.000000000000000000e+00
6.976817573423026442e-01
3.604018711632345773e-01
1.863815174502810590e-01
0.000000000000000000e+00
1.668990264850609417e+00
1.622812114107545778e+00
1.195615037970672700e+00
2.190695587260086397e-01
0.000000000000000000e+00
0.000000000000000000e+00
3.427605584429288532e-01
0.000000000000000000e+00
0.000000000000000000e+00
5.647670290992673481e-01
0.000000000000000000e+00
2.022047312871920743e-01
1.406800798146675691e-01
0.000000000000000000e+00
5.693593110644473709e-01
0.000000000000000000e+00
1.388176423050210273e+00
2.033092063388203252e-01
0.000000000000000000e+00
3.002271410206489022e-01
1.141802466701713481e+00
6.305467671630206050e-01
1.140675822557968955e+00
8.715333386760497347e-02
0.000000000000000000e+00
2.645885657450557371e-01
9.858757162748175151e-01
6.429483645151294890e-01
