# Ensemble B, m = 300.0, lambda = [  7.59365171e-09  -7.36994518e-09   0.00000000e+00   6.40057545e-10]
3.939562033838217570e-01
4.688573281548547578e-01
1.607562927622371518e+00
9.426509293166939196e-01
0.000000000000000000e+00
1.503461405555174546e-01
1.451911065927734112e+00
0.000000000000000000e+00
3.692579604372506763e-01
0.000000000000000000e+00
2.329923910970871648e-01
3.703913420187951999e-01
8.233472655340361435e-01
8.616288758695043182e-01
0.000000000000000000e+00
0.000000000000000000e+00
2.035484638845430627e+00
3.810946108727288895e-01
1.466390527957642242e-01
0.000000000000000000e+00
0.000000000000000000e+00
0.000000000000000000e+00
0.000000000000000000e+00
9.962201458045596425e-01
4.621672654287579673e-01
1.433309439707704191e+00
0.000000000000000000e+00
2.761983829936443535e-01
2.345388094842744686e-01
7.632932386580269790e-03
3.134751776636112153e-01
1.080131246419739233e+00
1.678308052079898471e-01
0.000000000000000000e+00
0.000000000000000000e+00
0.000000000000000000e+00
4.186718249231138889e-01
0.000000000000000000e+00
4.396900660549785678e-01
0.000000000000000000e+00
2.755118749904297837e-01
0.000000000000000000e+00
6.458665615856508113e-01
0.000000000000000000e+00
9.841808519002664957e-02
0.000000000000000000e+00
4.810479366195837859e-03
7.637615669805651875e-01
7.947663039296269938e-01
1.500737246351808163e-01
9.290543527430837611e-02
8.317041914677538728e-01
0.000000000000000000e+00
0.000000000000000000e+00
2.380637452043353086e+00
0.000000000000000000e+00
0.000000000000000000e+00
0.000000000000000000e+00
0.000000000000000000e+00
1.011230872486124366e-01
0.000000000000000000e+00
0.000000000000000000e+00
7.678648995300565994e-02
2.053395935863326638e-01
0.000000000000000000e+00
0.000000000000000000e+00
1.197691589268000456e+00
1.063961527493202941e-01
4.958870909027368046e-01
0.000000000000000000e+00
0.000000000000000000e+00
0.000000000000000000e+00
0.000000000000000000e+00
5.541952403493833890e-01
2.095890000249815976e+00
2.637186543707154218e+00
0.000000000000000000e+00
1.355613279462333676e+00
2.189540614409712482e+00
0.000000000000000000e+00
0.000000000000000000e+00
7.426036638210178342e-01
2.564090723517054027e-01
1.796578351381457717e+00
0.000000000000000000e+00
1.797158333329116564e+00
0.000000000000000000e+00
0.000000000000000000e+00
2.515847658730834269e-01
0.000000000000000000e+00
0.000000000000000000e+00
2.410520500201388319e-03
0.000000000000000000e+00
0.000000000000000000e+00
1.187373180638712222e+00
5.225221844786243075e-01
1.074560849807361773e+00
0.000000000000000000e+00
1.276474294068934423e+00
0.000000000000000000e+00
