# Ensemble B, m = 300.0, lambda = [  8.31278104e-09  -6.75465175e-09   0.00000000e+00   1.93243569e-09]
7.383306084985482576e-01
0.000000000000000000e+00
1.018806272350628817e+00
1.587699798572832499e+00
7.645565942992443853e-01
8.118163828625070758e-03
1.099963226980358533e+00
1.423046413857571135e+00
4.383414310130819870e-03
1.405122798019642794e+00
0.000000000000000000e+00
2.669131343206226359e-01
0.000000000000000000e+00
1.308363447904805632e+00
4.285693045477652618e-01
0.000000000000000000e+00
1.401676020846791104e+00
1.669912190279178310e-02
1.111248531108846471e+00
0.000000000000000000e+00
1.486621760530544734e+00
0.000000000000000000e+00
2.397598065132910961e+00
0.000000000000000000e+00
0.000000000000000000e+00
0.000000000000000000e+00
2.749302737052816137e-01
3.725579056357147256e-01
1.894782469791737256e+00
1.347299503267312071e+00
0.000000000000000000e+00
6.364646691096150777e-01
0.000000000000000000e+00
0.000000000000000000e+00
1.956640783636521830e+00
6.331585596089170931e-01
2.822296055254242542e-01
0.000000000000000000e+00
0.000000000000000000e+00
1.297768927250323667e+00
0.000000000000000000e+00
0.000000000000000000e+00
0.000000000000000000e+00
2.089281479989044676e+00
6.470543679196347764e-01
2.514010013615691097e+00
5.782581760079468225e-01
0.000000000000000000e+00
8.654839970615249012e-01
1.174071746395604521e+00
0.000000000000000000e+00
0.000000000000000000e+00
5.565827902234169455e-01
0.000000000000000000e+00
0.000000000000000000e+00
4.268137874563802669e-01
5.853959412923744887e-01
8.740081457374451190e-01
5.491266395311296122e-01
2.238371895676310785e+00
0.000000000000000000e+00
0.000000000000000000e+00
0.000000000000000000e+00
0.000000000000000000e+00
0.000000000000000000e+00
8.364058326980123859e-01
1.977346214996785270e-02
1.045797373425846749e-01
6.189360794980235392e-01
7.751174715185104036e-01
1.383199882834595718e+00
0.000000000000000000e+00
1.399320973360347331e+00
7.922600964306552029e-01
3.135487914725475722e+00
8.321912430201365840e-01
0.000000000000000000e+00
3.825886606787580191e-01
2.017027950670046699e-01
2.169163943179678034e-01
0.000000000000000000e+00
0.000000000000000000e+00
0.000000000000000000e+00
1.323416689037806071e+00
0.000000000000000000e+00
0.000000000000000000e+00
0.000000000000000000e+00
1.270771908531634353e-01
9.327952363109408562e-01
1.746074199719812814e+00
0.000000000000000000e+00
5.200896192126436279e-01
1.148005821038347030e+00
3.960092660870770942e-01
3.443614066549408603e-01
0.000000000000000000e+00
0.000000000000000000e+00
2.330327797867571160e+00
1.451486054324516495e+00
1.675124006277985744e+00
