# Ensemble B, m = 300.0, lambda = [  9.40140823e-09  -8.18498731e-09   0.00000000e+00   1.43386302e-09]
8.032182047847518103e-01
7.592792641416825639e-01
4.485126756577307860e-01
4.076956292506300761e-01
9.983399418422129745e-01
3.973504746358338946e-01
8.248310995474742446e-01
2.989509772585055569e-01
0.000000000000000000e+00
0.000000000000000000e+00
0.000000000000000000e+00
0.000000000000000000e+00
0.000000000000000000e+00
3.024165026244041710e-01
5.884836218648957784e-01
0.000000000000000000e+00
3.853187769162221277e-01
6.165492023934352472e-01
0.000000000000000000e+00
1.529574605775602336e+00
0.000000000000000000e+00
1.798668258368167905e+00
1.119462996697961232e+00
3.007890430232212364e-01
0.000000000000000000e+00
4.585053260883293902e-01
1.384664186710409473e+00
1.914121117899482971e-01
9.800097598968976476e-01
0.000000000000000000e+00
1.266134822463353071e+00
0.000000000000000000e+00
2.651353589227221086e-01
0.000000000000000000e+00
7.026260935238977101e-01
1.383675607605200364e-02
5.901464408442226306e-01
0.000000000000000000e+00
9.972421697157017872e-01
0.000000000000000000e+00
0.000000000000000000e+00
3.950664813659141017e-01
0.000000000000000000e+00
1.143999657206783649e+00
5.587019352641335868e-01
7.208897519653035824e-01
1.136839117549401479e+00
3.897386838668635556e-01
0.000000000000000000e+00
2.965704854189154638e+00
1.401201110235412273e+00
3.539865765099766137e-01
2.248926268597062794e+00
9.493519125303272466e-01
0.000000000000000000e+00
1.744315119361053323e+00
5.511662255885771966e-01
1.748174663959808584e+00
5.192043717799155189e-01
1.370563772321841123e-01
1.680848818218885876e+00
0.000000000000000000e+00
0.000000000000000000e+00
4.011578656879379035e-02
5.799010968736354465e-01
1.015440542617921160e+00
1.077950194780037840e+00
0.000000000000000000e+00
0.000000000000000000e+00
9.893924002390157568e-01
9.198658300397312138e-01
3.134208089951563969e-01
4.005539444212276139e-03
1.323012988456834016e+00
1.835070118139892070e-02
0.000000000000000000e+00
3.483865673930572338e-01
6.263513900990238525e-01
0.000000000000000000e+00
1.598162165129763501e+00
1.522149857165082887e+00
0.000000000000000000e+00
4.690656680898125375e-01
1.543331270340579930e+00
2.428539096966598088e+00
0.000000000000000000e+00
0.000000000000000000e+00
0.000000000000000000e+00
8.467295490853526951e-01
4.678063026932405832e-01
6.019700408882432408e-01
6.422288269602849375e-01
0.000000000000000000e+00
4.003841692688830944e-01
0.000000000000000000e+00
2.239777688903376252e+00
1.111382970067281928e+00
0.000000000000000000e+00
1.086148771964387194e+00
2.100439238865094094e+00
