# Ensemble B, m = 300.0, lambda = [  1.34130209e-08  -8.84772614e-09   0.00000000e+00   2.06821139e-09]
1.608209819166422694e+00
1.843435385924348857e+00
2.266189054325788099e+00
1.038402510674189871e+00
0.000000000000000000e+00
1.800474765499382457e-01
9.996027995342809946e-01
0.000000000000000000e+00
1.289551413302083782e+00
9.163786917973291146e-01
0.000000000000000000e+00
0.000000000000000000e+00
5.323158037887222582e-03
0.000000000000000000e+00
7.091135835279863686e-01
0.000000000000000000e+00
3.116527381495641791e-01
8.345788265015337618e-03
1.321504829145103178e-02
1.666324477300469217e-02
5.572233114199612869e-01
1.092434244110152441e+00
8.653359680761082418e-01
0.000000000000000000e+00
6.840397069585782974e-01
0.000000000000000000e+00
0.000000000000000000e+00
1.048554434543016001e+00
4.816671409578119900e-01
0.000000000000000000e+00
9.239575570084717082e-01
7.007064965001225110e-01
6.968233622756172529e-01
0.000000000000000000e+00
2.885762618785382358e-03
2.599465801911733376e+00
8.190481171072818700e-01
4.312721980373468433e-01
1.211829900182514574e+00
1.813331178475097838e+00
4.424608900467852379e-01
1.286534922143437898e+00
8.689100954526346454e-01
0.000000000000000000e+00
0.000000000000000000e+00
0.000000000000000000e+00
7.340872631224499845e-01
1.237450875296477841e-02
0.000000000000000000e+00
0.000000000000000000e+00
0.000000000000000000e+00
0.000000000000000000e+00
1.000045274496299819e-01
7.735431719489839486e-02
3.960104559994901963e-01
3.685090534514923188e-01
4.466673251217557206e-01
2.725039833650333865e+00
0.000000000000000000e+00
5.053179837513728234e-01
1.153419618755205794e-01
4.119430210465498954e-01
2.249782826004355307e+00
1.041242116431088549e+00
5.513853110199344876e-01
0.000000000000000000e+00
1.338304065669033260e+00
0.000000000000000000e+00
6.864173932219681529e-01
6.243063921848045483e-01
0.000000000000000000e+00
8.713441842078008259e-02
1.125403760709007717e+00
1.825149023029713158e+00
6.349012510692412237e-01
2.481595306688758329e-01
1.138491936584398845e+00
0.000000000000000000e+00
1.438736929780101703e-01
2.485830579057690670e-01
7.802230472195313682e-02
0.000000000000000000e+00
4.028379160131057568e-01
0.000000000000000000e+00
0.000000000000000000e+00
2.185087092485818783e+00
5.068179820491685028e-01
1.237660165095086917e+00
4.469286394144079133e-01
6.120315820568287268e-01
1.968952542506146264e+00
0.000000000000000000e+00
0.000000000000000000e+00
1.081677532798508645e+00
5.128595864536898974e-01
0.000000000000000000e+00
0.000000000000000000e+00
0.000000000000000000e+00
2.845858316791013420e-01
0.000000000000000000e+00
