# Ensemble B, m = 300.0, lambda = [  8.34707639e-09  -7.18407286e-09   0.00000000e+00   1.67932202e-09]
3.899127281939911427e-01
0.000000000000000000e+00
7.218554497279572324e-01
1.732948478657989178e+00
5.877850011325990165e-01
1.514453833386162795e+00
2.347838856613885472e+00
0.000000000000000000e+00
1.003511679210402407e+00
9.232270678516035778e-03
4.807464468674493285e-01
1.237247054410313130e+00
0.000000000000000000e+00
0.000000000000000000e+00
1.157461912503239820e-01
7.586926056284412634e-02
1.586310793076129766e+00
1.639876622229850422e+00
0.000000000000000000e+00
1.275302302269411880e+00
0.000000000000000000e+00
1.211962096215968288e+00
0.000000000000000000e+00
8.640112075578079143e-01
1.105106775207465919e+00
1.625897082058371801e+00
4.969646463881433746e-02
1.085891049950822973e+00
2.122783939536925235e+00
0.000000000000000000e+00
2.236455111266290263e+00
1.779164093626534049e+00
0.000000000000000000e+00
5.045187592866101634e-01
3.870374259317429511e-01
0.000000000000000000e+00
0.000000000000000000e+00
0.000000000000000000e+00
0.000000000000000000e+00
0.000000000000000000e+00
1.993215638082299845e+00
1.013498184196188534e+00
1.503005829067426136e-01
2.377148277653918784e-01
0.000000000000000000e+00
7.051330362767146420e-01
0.000000000000000000e+00
0.000000000000000000e+00
1.616504886148556253e+00
1.364214538967626567e+00
9.034060219952732007e-01
2.176884345856632930e+00
5.529802542550306121e-01
7.857010585719780282e-01
1.123372201323407316e+00
0.000000000000000000e+00
0.000000000000000000e+00
1.844235292347900235e-01
5.377506928402485675e-01
7.290814768985286465e-01
3.682800677789632715e-01
0.000000000000000000e+00
1.105417514631432674e+00
9.296990534195956890e-01
1.646607280005159546e-01
0.000000000000000000e+00
1.571113431995105447e+00
1.053484748311575681e+00
6.287164324899722212e-01
0.000000000000000000e+00
1.018156412741350714e+00
1.475131022812555592e+00
9.525629321386153148e-01
9.203563068639186717e-01
1.022956362831618948e+00
4.329353567715901185e-01
0.000000000000000000e+00
2.011282141672383617e+00
6.617682369690235378e-01
1.998328079069460750e-01
1.709973592576263524e-01
6.849628460990998535e-01
1.311202026573530799e-01
0.000000000000000000e+00
1.741041627703302730e+00
1.010501807122385874e-02
0.000000000000000000e+00
0.000000000000000000e+00
3.045065681628981169e-01
1.431458916669140047e+00
1.273283099529577633e+00
5.094748248310796424e-01
0.000000000000000000e+00
1.181900598037929573e+00
0.000000000000000000e+00
3.428907803394424803e-01
0.000000000000000000e+00
0.000000000000000000e+00
0.000000000000000000e+00
1.775351284066590818e+00
