# Ensemble B, m = 300.0, lambda = [  1.71962212e-08  -1.02532469e-08   0.00000000e+00   1.15175374e-09]
0.000000000000000000e+00
0.000000000000000000e+00
0.000000000000000000e+00
0.000000000000000000e+00
6.338499965175697914e-01
1.242070238278882188e+00
0.000000000000000000e+00
1.669253670858766414e+00
0.000000000000000000e+00
0.000000000000000000e+00
4.157141751702980170e-01
5.314672085044418459e-01
0.000000000000000000e+00
0.000000000000000000e+00
0.000000000000000000e+00
1.191052248964836302e+00
6.144070831508220421e-01
5.462051566694627880e-01
1.372888191213870623e+00
2.522362985817077491e-02
7.248276337448081863e-01
1.378617779373803032e-01
0.000000000000000000e+00
0.000000000000000000e+00
0.000000000000000000e+00
7.735758186588946594e-02
0.000000000000000000e+00
5.931208184719179988e-01
3.056342701522723471e-01
0.000000000000000000e+00
1.505828543614359916e+00
0.000000000000000000e+00
1.311148440408146598e+00
3.545422285339905333e-01
0.000000000000000000e+00
0.000000000000000000e+00
0.000000000000000000e+00
1.701785592615350007e+00
3.459383269153441520e-01
1.375243360514734614e-01
3.676444665505736453e-01
2.058804676904427922e+00
0.000000000000000000e+00
0.000000000000000000e+00
0.000000000000000000e+00
1.015156151902342763e-01
1.882013957485638267e+00
2.268289362898161521e-01
1.776306676863280476e+00
0.000000000000000000e+00
0.000000000000000000e+00
6.621954851161034883e-01
3.800333726184356720e-01
0.000000000000000000e+00
6.359277579445669071e-01
0.000000000000000000e+00
0.000000000000000000e+00
0.000000000000000000e+00
0.000000000000000000e+00
2.838495184424514872e-01
1.126315540675156601e+00
0.000000000000000000e+00
0.000000000000000000e+00
0.000000000000000000e+00
0.000000000000000000e+00
1.125290650907325052e+00
0.000000000000000000e+00
0.000000000000000000e+00
6.189364610184462379e-01
2.140591952310570700e-02
5.668105483865402139e-01
1.093714371976064331e-01
0.000000000000000000e+00
0.000000000000000000e+00
4.634241602387484393e-03
0.000000000000000000e+00
0.000000000000000000e+00
0.000000000000000000e+00
1.638638838563117039e-01
1.156057718575862481e+00
0.000000000000000000e+00
0.000000000000000000e+00
3.712389615652464947e-01
0.000000000000000000e+00
0.000000000000000000e+00
0.000000000000000000e+00
9.603722555500948665e-01
0.000000000000000000e+00
0.000000000000000000e+00
1.186526065001827224e+00
5.240107668673666952e-01
2.706105064067930097e-02
2.711864070310366914e-01
4.271565229152360921e-01
3.480336077185428034e-01
0.000000000000000000e+00
0.000000000000000000e+00
0.000000000000000000e+00
0.000000000000000000e+00
0.000000000000000000e+00
