# Ensemble D, m = 1000.0, lambda = [  1.43350756e-08  -1.25178735e-08   0.00000000e+00   2.92613133e-09]
0.000000000000000000e+00
1.409605462032461176e+00
0.000000000000000000e+00
0.000000000000000000e+00
1.505828510347584803e+00
0.000000000000000000e+00
2.397639132154480990e-01
0.000000000000000000e+00
0.000000000000000000e+00
0.000000000000000000e+00
0.000000000000000000e+00
0.000000000000000000e+00
0.000000000000000000e+00
0.000000000000000000e+00
2.005342243463883012e+00
1.499518688953087875e-01
0.000000000000000000e+00
0.000000000000000000e+00
9.993406760083809459e-01
1.971449408287400562e+00
3.662468967905974537e+00
0.000000000000000000e+00
9.394238856659901937e-03
2.378442405172464733e-02
0.000000000000000000e+00
3.575895916958855142e-02
0.000000000000000000e+00
0.000000000000000000e+00
0.000000000000000000e+00
2.406102635471464926e-02
4.166534095596443055e-01
0.000000000000000000e+00
0.000000000000000000e+00
4.594225269196808986e-02
0.000000000000000000e+00
3.061405944025100689e-01
0.000000000000000000e+00
8.986255717300940526e-01
0.000000000000000000e+00
2.707765656601804238e+00
5.052871526814888270e-01
1.961663048879786597e+00
9.180316221229591900e-01
1.087802575366894287e+00
5.077953372925867459e-01
1.045639419277868187e+00
0.000000000000000000e+00
8.403039887877694625e-02
8.167352238626387484e-01
1.154737411244789014e+00
6.376252171152185962e-03
0.000000000000000000e+00
0.000000000000000000e+00
2.644792460218597707e+00
2.820423795028790259e-01
2.796088407348269911e+00
0.000000000000000000e+00
0.000000000000000000e+00
0.000000000000000000e+00
0.000000000000000000e+00
1.449494508960345485e+00
5.063911143365807874e-03
0.000000000000000000e+00
7.347210523575572472e-01
3.866423305935087762e-01
1.080546073784078021e-01
1.060969958125003165e-01
1.542754764625842379e+00
3.738875156332831934e-02
0.000000000000000000e+00
1.079326940251570388e+00
0.000000000000000000e+00
0.000000000000000000e+00
0.000000000000000000e+00
1.059336144431582527e+00
0.000000000000000000e+00
0.000000000000000000e+00
2.675493513026295567e+00
1.735607922850754603e+00
3.347294527245264106e+00
0.000000000000000000e+00
9.954957973559609430e-01
0.000000000000000000e+00
0.000000000000000000e+00
1.366876450654072261e+00
0.000000000000000000e+00
0.000000000000000000e+00
0.000000000000000000e+00
1.142367226583392709e-02
0.000000000000000000e+00
0.000000000000000000e+00
9.019158003202248919e-02
0.000000000000000000e+00
1.676905650880255561e+00
3.074196096966373304e+00
7.900094463806689449e-01
1.159663466066253035e+00
0.000000000000000000e+00
0.000000000000000000e+00
0.000000000000000000e+00
