# Ensemble D, m = 1000.0, lambda = [  1.37949647e-07  -1.00569743e-07   0.00000000e+00   0.00000000e+00]
0.000000000000000000e+00
1.990504459883574162e-01
2.469034086961404417e-01
0.000000000000000000e+00
0.000000000000000000e+00
0.000000000000000000e+00
0.000000000000000000e+00
0.000000000000000000e+00
3.341899364717841880e-01
7.712066104631047914e-01
0.000000000000000000e+00
0.000000000000000000e+00
7.805201098314434871e-01
1.041525946182942031e+00
0.000000000000000000e+00
0.000000000000000000e+00
1.285622104483505002e+00
1.643929335254535662e+00
0.000000000000000000e+00
0.000000000000000000e+00
0.000000000000000000e+00
0.000000000000000000e+00
0.000000000000000000e+00
0.000000000000000000e+00
0.000000000000000000e+00
0.000000000000000000e+00
0.000000000000000000e+00
1.181064859624349150e+00
0.000000000000000000e+00
0.000000000000000000e+00
0.000000000000000000e+00
0.000000000000000000e+00
0.000000000000000000e+00
5.240315493925972179e-01
0.000000000000000000e+00
0.000000000000000000e+00
0.000000000000000000e+00
3.135578952568844890e-01
8.064389263081690462e-01
0.000000000000000000e+00
0.000000000000000000e+00
6.459136638138194275e-01
0.000000000000000000e+00
0.000000000000000000e+00
0.000000000000000000e+00
0.000000000000000000e+00
0.000000000000000000e+00
0.000000000000000000e+00
0.000000000000000000e+00
0.000000000000000000e+00
4.296134739922037871e-01
2.696160014663192772e+00
0.000000000000000000e+00
2.305363672924266805e+00
1.202604573347385131e+00
0.000000000000000000e+00
0.000000000000000000e+00
0.000000000000000000e+00
2.378033470867895627e+00
5.967913717659314443e-01
0.000000000000000000e+00
0.000000000000000000e+00
0.000000000000000000e+00
1.052924188273204775e+00
0.000000000000000000e+00
1.390818710538701986e+00
1.527539417414227607e+00
1.416300060143315775e+00
1.917124451121120954e+00
1.236898007791104703e+00
8.038987367178695997e-01
2.150455139922434533e+00
3.702108261257415212e-01
0.000000000000000000e+00
0.000000000000000000e+00
0.000000000000000000e+00
0.000000000000000000e+00
0.000000000000000000e+00
0.000000000000000000e+00
0.000000000000000000e+00
0.000000000000000000e+00
0.000000000000000000e+00
0.000000000000000000e+00
0.000000000000000000e+00
0.000000000000000000e+00
1.049373871502131683e+00
0.000000000000000000e+00
0.000000000000000000e+00
8.095561500171742919e-01
0.000000000000000000e+00
0.000000000000000000e+00
0.000000000000000000e+00
1.567150549378087732e+00
1.091959204636741898e+00
0.000000000000000000e+00
0.000000000000000000e+00
2.133485655379916412e+00
0.000000000000000000e+00
0.000000000000000000e+00
1.215843425928486932e+00
