# Ensemble D, m = 1000.0, c_n/c_p = 0.806451612903, f = -0.983043478261
# lambda = [  2.20016879e-08  -1.74424321e-08   0.00000000e+00   3.25363491e-09]
#  
0.000000000000000000e+00
4.558285501231646927e-03
2.019558728273060488e+00
2.147548638011296696e+00
1.414375541725679142e+00
1.879756139374868518e+00
2.614667869350214335e+00
8.909892278988059688e-01
1.666656433336528131e+00
1.963445848379045122e+00
2.568894558094819924e+00
2.097893937869504288e+00
8.794256089796644374e-03
1.119778313788986956e+00
1.358647282859273941e+00
0.000000000000000000e+00
1.224682486600765730e+00
0.000000000000000000e+00
0.000000000000000000e+00
7.052064521525848173e-01
1.615523966952477020e+00
1.060490037703953448e+00
1.819605434038532810e+00
1.093388479938647073e+00
4.649029407264932967e-01
2.148405781628272837e-01
9.753457481439414822e-01
8.327251460127208516e-01
1.686597174525822584e+00
1.914544055537706679e+00
1.267877599553887680e-01
0.000000000000000000e+00
1.756865295124494741e+00
3.599429589767074722e-01
1.173551638124019081e-01
1.578640892408534224e+00
9.984818552464915786e-01
2.173235204734740855e-01
0.000000000000000000e+00
1.823737988730165682e+00
4.890881086912918230e-01
6.230405614709687567e-01
6.784119887748316646e-01
0.000000000000000000e+00
0.000000000000000000e+00
6.391902507758727703e-01
3.155251454458866789e+00
0.000000000000000000e+00
1.891454707729111284e+00
0.000000000000000000e+00
4.084096451762161961e-01
1.163826211772818642e+00
0.000000000000000000e+00
2.622196662159451908e+00
4.270184705850994522e-01
9.663091169921990131e-01
4.791986712202299659e-01
5.243666291123975087e-01
8.876911814590106031e-01
9.549018020699885367e-01
6.809702559722352611e-01
0.000000000000000000e+00
2.731961572256030202e+00
2.424109082236732160e+00
1.078548138785884319e-01
3.016221874224821464e-01
2.230799927408676719e+00
0.000000000000000000e+00
2.165861265724213780e+00
2.377180694704693065e-01
1.160207703945189239e+00
1.171273523911309011e+00
0.000000000000000000e+00
6.974042267146663976e-01
1.194285491867508764e+00
1.053837301616588285e+00
2.201410628485897636e+00
1.368461808424207726e+00
1.251111273193303619e+00
1.832324891784572030e+00
1.700174535538919285e+00
1.252135529214024157e+00
5.220620733309856432e-01
0.000000000000000000e+00
8.627426540434313118e-01
6.114272711434404206e-02
0.000000000000000000e+00
3.018769579649099311e-01
2.350312371644704079e+00
7.095317850497487866e-01
0.000000000000000000e+00
1.060851271801993123e+00
2.871176820902906268e+00
3.336933747054673383e-01
3.492155896173402274e-01
1.010843530014589708e+00
9.125951335771917972e-01
8.783054053683101436e-01
0.000000000000000000e+00
2.961982996136264923e+00
