# Ensemble D, m = 1000.0, c_n/c_p = 0.625806451613, f = -0.94
# lambda = [  1.58362496e-08  -9.31580154e-09   0.00000000e+00   3.38118446e-09]
#  
0.000000000000000000e+00
0.000000000000000000e+00
0.000000000000000000e+00
0.000000000000000000e+00
0.000000000000000000e+00
0.000000000000000000e+00
0.000000000000000000e+00
0.000000000000000000e+00
0.000000000000000000e+00
0.000000000000000000e+00
0.000000000000000000e+00
1.075371027200826335e+00
0.000000000000000000e+00
0.000000000000000000e+00
0.000000000000000000e+00
0.000000000000000000e+00
9.033677251397088936e-02
0.000000000000000000e+00
9.722102671371450899e-01
0.000000000000000000e+00
7.819774901752339913e-01
2.035092934038373602e-01
1.683402464262822473e+00
2.025228674781769655e-01
2.408884197823306650e-01
0.000000000000000000e+00
0.000000000000000000e+00
1.857037297113627305e-01
1.459004349570626469e-01
1.076104696409857953e+00
8.594206184402096715e-01
1.863501619029459100e+00
2.895365201679068967e+00
0.000000000000000000e+00
1.063133462829222164e+00
3.505626410537334148e-01
6.620368450923478365e-01
0.000000000000000000e+00
1.481105597781121608e+00
4.134506895289744022e-01
4.605726982765472044e-02
0.000000000000000000e+00
0.000000000000000000e+00
1.102903801894485003e+00
1.026446000625191868e+00
0.000000000000000000e+00
0.000000000000000000e+00
0.000000000000000000e+00
5.654067871041660309e-01
2.335410065310778549e+00
1.148685999651355427e+00
1.943330990327039043e-01
0.000000000000000000e+00
6.233775221508401909e-01
0.000000000000000000e+00
0.000000000000000000e+00
6.161732008009375150e-01
0.000000000000000000e+00
0.000000000000000000e+00
0.000000000000000000e+00
5.220024685379676815e-03
0.000000000000000000e+00
1.387162313980281114e+00
4.043817513113201999e-03
5.454122029746613642e-03
8.362546760186551076e-01
1.477942641968375437e+00
0.000000000000000000e+00
2.277589751197698631e-01
2.024094194297524574e+00
0.000000000000000000e+00
1.436825323167427282e+00
6.080520842777289436e-01
1.435081135242450845e+00
0.000000000000000000e+00
0.000000000000000000e+00
6.957301417891855744e-01
2.064100368698244647e+00
3.403472854748511023e-01
6.455903784086507169e-02
2.405972378024608394e-01
8.082887369421597468e-01
3.020682520397163229e-01
0.000000000000000000e+00
3.911413948147860475e-01
3.141903486061553008e-01
0.000000000000000000e+00
0.000000000000000000e+00
0.000000000000000000e+00
0.000000000000000000e+00
8.363290331842185843e-01
0.000000000000000000e+00
4.959932934260481985e-01
0.000000000000000000e+00
4.802639873781375246e-01
1.607569117638304235e+00
0.000000000000000000e+00
7.348605503422825924e-01
4.694000372305354718e-01
3.054735875652029531e+00
