# Ensemble D, m = 1000.0, lambda = [  2.97578752e-08  -2.25893470e-08   0.00000000e+00   3.41730340e-09]
2.075423657532862620e+00
1.931805361351770223e-01
1.642146337709271986e+00
2.128198909887229373e+00
2.662774298525631522e+00
2.852448685957824193e+00
7.669745168640370592e-01
0.000000000000000000e+00
2.965211565601311605e+00
1.809529138981590846e+00
2.260791871567492173e+00
8.770644131793781106e-01
0.000000000000000000e+00
3.056755674313883286e+00
3.228788564861819754e+00
1.659193294724072842e+00
1.517302445283533752e+00
6.961826571686666743e-01
6.683764364210885711e-01
1.632882180418268048e+00
0.000000000000000000e+00
2.832982572263191834e+00
0.000000000000000000e+00
2.848772179801654314e+00
1.440458215753426918e+00
1.365789283010591937e-01
1.081287050692657070e+00
4.699809900398126961e-01
3.271913215239173223e+00
2.842430387247650181e+00
2.635776816718481186e+00
1.119473993275358348e+00
0.000000000000000000e+00
3.144736404737215274e+00
1.262743032597969835e-02
0.000000000000000000e+00
0.000000000000000000e+00
1.872411753135209134e+00
1.688381023983680729e+00
1.498323263924181137e-01
1.146351448125138006e+00
1.119138521154802612e+00
7.223800388641308245e-01
1.181554033180002961e+00
2.947353278757153916e+00
1.876297828286260572e+00
2.922243904072393539e-01
1.027231097584319963e+00
2.030020582972468901e+00
0.000000000000000000e+00
9.910106112860848082e-01
9.816269768232855908e-01
2.022800888133430952e+00
2.638515404161395406e+00
1.102494947073016762e+00
1.749875608742300193e+00
0.000000000000000000e+00
1.801649993863721821e+00
1.589893160968013586e+00
1.988935278916792671e+00
0.000000000000000000e+00
1.813692519780081280e+00
0.000000000000000000e+00
2.884712707896281536e+00
1.577767092327478693e+00
1.623891463160559434e+00
1.032266269483108206e-01
0.000000000000000000e+00
0.000000000000000000e+00
1.713188561777376995e+00
6.732793994486450939e-02
2.242449602044487733e+00
2.465004407831349553e+00
2.645731627057998470e+00
1.418299151348348719e+00
2.975094719580552383e+00
1.660873469159107607e-01
0.000000000000000000e+00
1.016781569940114149e+00
2.752369269688104136e+00
1.299429899736442184e+00
1.202066802748838814e+00
4.729985399995814133e-01
1.043780030794631219e+00
2.495197864673989852e+00
2.305482564973797555e+00
1.180895082047538125e+00
9.979985618553828264e-01
3.151403101003981355e+00
2.521633884012189686e+00
1.443256011642873204e+00
1.406102307036172894e+00
3.679645124610956941e+00
1.515334096432125355e+00
2.237049970114600939e+00
2.038952341946725255e+00
1.501209748399574995e+00
1.773390512523698392e+00
1.676997005732742796e+00
2.737437273184011755e+00
