# Ensemble D, m = 1000.0, c_n/c_p = 0.690322580645, f = -0.989565217391
# lambda = [  3.78371064e-08  -2.58472544e-08   0.00000000e+00   3.76349019e-09]
#  
3.093944074801647237e-01
4.213392805382316642e-01
1.036535615073514105e+00
2.558518161645618072e+00
1.891680633493834751e+00
0.000000000000000000e+00
1.300809064000919779e+00
9.365103920018912342e-01
5.991686049412034976e-01
3.339163701546856711e+00
1.726367367079128856e+00
1.648865149825536225e+00
3.635061294812336197e+00
0.000000000000000000e+00
9.442469910305534286e-01
7.201292268125526475e-01
9.020347968758730961e-02
1.566431759154239378e+00
3.213370851271304951e-02
2.080561704954559943e+00
2.461287607328584759e+00
2.041208643661492905e-01
2.028813112533754293e+00
1.240068369495120670e+00
1.853370989785433798e+00
2.671290719217931375e-01
2.326189450437228246e+00
1.723331453649468159e+00
1.459252568488749624e+00
7.246315731326885556e-01
7.096717981141783538e-01
1.615772211357329180e+00
0.000000000000000000e+00
1.298528744094057663e-01
1.067354485984663759e+00
9.433837166197392987e-01
1.963838145937247814e+00
3.810398445511072651e+00
3.913592901024636750e-01
2.423459046817090901e+00
8.974700316050359117e-01
1.200845502268850895e+00
1.015574455271528898e+00
6.946012492778925740e-01
0.000000000000000000e+00
2.656676523761001274e+00
2.836349217309107829e+00
1.490985521502408595e+00
1.462310760514841768e+00
2.344563892169579944e+00
1.198833626179276912e+00
2.305798960738327352e+00
2.663794374346491800e+00
1.292461478918570661e+00
3.911444186378122412e-01
3.034913788198736029e+00
9.304781618839489399e-01
1.670544827577135294e+00
1.198826812090208804e+00
2.708387323947464065e+00
7.131019264846530925e-01
1.691046532608846853e+00
8.531785681414453260e-01
1.582999302640911488e+00
3.261902062054595319e+00
3.764572506033216026e+00
1.744968996556305552e+00
2.512557131437340718e+00
1.440681616065420334e+00
0.000000000000000000e+00
1.456456323278678244e+00
2.624417136572821274e+00
0.000000000000000000e+00
2.375510790258560156e+00
2.615976850259588371e+00
1.621501983695778470e+00
2.212688430027668574e+00
1.473453398035799722e-01
8.070993276061899646e-01
9.547136403626542700e-01
7.869125302008964651e-01
4.833151004823546870e+00
2.063825891822051339e+00
2.690168440766278479e+00
1.290591120412561743e+00
2.108444941312981769e+00
0.000000000000000000e+00
2.355906105457749700e+00
2.333140405813699803e-01
1.612665192926072688e+00
1.391723067491005494e+00
6.006481376742670575e-01
1.163744972959181778e+00
1.651205990357119013e+00
1.957818553648920101e+00
1.762207320486923967e+00
0.000000000000000000e+00
1.639714209325032979e+00
4.826277133725094259e-01
3.072783670030457270e-01
