# Ensemble D, m = 1000.0, lambda = [  2.79417659e-08  -2.07751536e-08   0.00000000e+00   3.63943442e-09]
1.307310614381945069e+00
2.945456657522566579e-01
2.443363703468035553e+00
4.729260694396806852e-01
7.856443628764183673e-01
8.475512933424136364e-01
1.048112279908836708e+00
0.000000000000000000e+00
3.458812394479653385e+00
1.426792373136698711e+00
2.557400832520037248e+00
1.209129572974085409e+00
7.973118753824448568e-01
3.814674979489460771e+00
9.349506699026920442e-01
2.014534399609785975e+00
2.798842703741983851e-01
2.139856003099235071e+00
2.316250125966336615e+00
2.966271575012809247e+00
7.704454862937426540e-01
6.016346195116670792e-01
5.883165643775948306e-01
1.864555180724237982e+00
6.357940996751922924e-01
7.114969707547394995e-01
4.223023904004017948e-01
4.342578949526780807e-01
8.494654626396310748e-01
0.000000000000000000e+00
1.815782038669682352e+00
1.402619874312802439e+00
1.417972401143627659e+00
6.534549174778104819e-01
0.000000000000000000e+00
1.043251599106182148e+00
7.897040756478020118e-03
0.000000000000000000e+00
6.579334402236151555e-03
2.571247205105237424e-02
0.000000000000000000e+00
0.000000000000000000e+00
2.857033744128761321e-01
1.931983717477525064e-01
2.795764069363683713e-01
0.000000000000000000e+00
3.168153715781805158e+00
4.084694039276130784e-02
1.031262641776831357e+00
6.261383257587034290e-01
1.336900041304269982e+00
0.000000000000000000e+00
3.964476555934658142e-02
0.000000000000000000e+00
9.620174086360773202e-01
0.000000000000000000e+00
1.494802249054975940e+00
1.149424944270652338e+00
8.257232580958957513e-01
1.601701553952377344e+00
6.016420255340848566e-01
4.438543968935079742e-01
0.000000000000000000e+00
1.345096455082154252e+00
1.878897188105817406e+00
9.149787892690487423e-01
1.117264126969678625e-02
1.259052328943793153e+00
2.726573974828869762e+00
1.616052434218703926e+00
1.460314139890751539e+00
2.498868071922005774e-01
1.692646970423655972e+00
1.083700421383146484e+00
2.310895230803192479e+00
1.034311016730419475e+00
0.000000000000000000e+00
2.082787996507725836e+00
2.945893268702647408e-02
1.571996038153419484e+00
8.304953693318604113e-01
1.844809526940725197e+00
1.357357375119195630e+00
9.830124147391465783e-01
1.963269612830541355e+00
0.000000000000000000e+00
2.793413430490725435e+00
1.973344673381346892e+00
4.956871891918025463e-01
2.828929447623931726e+00
2.587384708790503307e+00
2.493892767799772869e+00
7.569249452210466966e-01
2.015941991379563092e+00
0.000000000000000000e+00
1.767341944015105470e+00
1.932459687555669214e+00
1.750155928169429664e+00
1.860509245925726363e-01
1.732314023304774908e+00
