# Ensemble D, m = 1000.0, lambda = [  2.03416530e-08  -1.51681473e-08   0.00000000e+00   3.71784503e-09]
0.000000000000000000e+00
1.224050747031907305e+00
0.000000000000000000e+00
1.053854071450829100e+00
7.289585907381483931e-01
1.786140162650575514e+00
1.186425031839301258e+00
0.000000000000000000e+00
9.938556441652325324e-01
1.659943518607757129e+00
2.233911341471251699e+00
1.368168265136645356e+00
1.470262781746665970e-02
0.000000000000000000e+00
2.939440434738370911e+00
2.628498825672667571e+00
0.000000000000000000e+00
3.087699614961457173e-01
1.376374357422285089e+00
0.000000000000000000e+00
0.000000000000000000e+00
6.248517845751019179e-02
1.683556219635967910e+00
2.043575374281348722e+00
2.298130172068980848e+00
1.983142937908760173e+00
0.000000000000000000e+00
0.000000000000000000e+00
2.340786825233238222e+00
2.739487254524552107e+00
1.237854321006094160e+00
1.692264340990148996e+00
9.133113737685152334e-01
7.747389071053627507e-01
1.294543870548730435e+00
4.460364886626109748e-01
0.000000000000000000e+00
2.047132099946656680e+00
6.181112868499589741e-01
5.394296273650920487e-02
7.884527822847341438e-01
2.021503330970662482e+00
2.982727632311367727e-01
1.277174116825882333e+00
4.655993824871889619e-01
0.000000000000000000e+00
1.159837534498715655e-01
0.000000000000000000e+00
1.755614101230175583e+00
2.082368101318902376e+00
2.214320887569963148e+00
1.302431290521443297e-01
0.000000000000000000e+00
2.018299073794399323e+00
1.374112946390891654e+00
0.000000000000000000e+00
0.000000000000000000e+00
3.880255404609657122e-01
1.315213168611866108e-02
1.431840612894161868e-01
2.444965158525318039e+00
5.163405692435804051e-01
3.500874430682556326e+00
0.000000000000000000e+00
0.000000000000000000e+00
6.869908876814959653e-01
2.837598368138317673e-01
1.881615627303509175e+00
0.000000000000000000e+00
1.223166201931263242e+00
0.000000000000000000e+00
2.347821266891816638e-01
3.315788533843094799e-01
0.000000000000000000e+00
2.549690708255938798e+00
4.398993846404286590e-01
8.857834847137897594e-01
0.000000000000000000e+00
1.330594199996043003e-01
7.730802450205583876e-01
0.000000000000000000e+00
9.859046472542954964e-01
3.372439696558782729e-01
1.867525609034614842e-02
8.986545854945552358e-01
0.000000000000000000e+00
1.251370971208250138e+00
0.000000000000000000e+00
0.000000000000000000e+00
1.510869531548265199e+00
0.000000000000000000e+00
1.827966575446922759e+00
0.000000000000000000e+00
0.000000000000000000e+00
0.000000000000000000e+00
1.819539367137384289e+00
0.000000000000000000e+00
1.561251186961371440e+00
7.008906995899679693e-01
9.694834382932109029e-02
