# Ensemble D, m = 1000.0, c_n/c_p = 0.974193548387, f = -1.0
# lambda = [  1.40194453e-08  -1.36576531e-08   0.00000000e+00   0.00000000e+00]
#  
6.995571058251190966e-01
0.000000000000000000e+00
1.395747607796799405e+00
1.090533631389129926e-01
4.836443955479909906e-01
0.000000000000000000e+00
2.435953622732560039e-02
0.000000000000000000e+00
0.000000000000000000e+00
1.221770535888459852e+00
3.791999084165967870e-01
0.000000000000000000e+00
2.107911210329988627e+00
1.607134108245419579e+00
0.000000000000000000e+00
0.000000000000000000e+00
1.272857794133665621e+00
0.000000000000000000e+00
0.000000000000000000e+00
0.000000000000000000e+00
0.000000000000000000e+00
0.000000000000000000e+00
4.970194414494160107e-01
0.000000000000000000e+00
0.000000000000000000e+00
0.000000000000000000e+00
1.143012474476782225e+00
0.000000000000000000e+00
0.000000000000000000e+00
0.000000000000000000e+00
3.004089737866569854e-01
7.016510809175090513e-01
0.000000000000000000e+00
3.506232995119251683e-01
0.000000000000000000e+00
2.203312952376615397e-01
0.000000000000000000e+00
0.000000000000000000e+00
0.000000000000000000e+00
0.000000000000000000e+00
0.000000000000000000e+00
0.000000000000000000e+00
2.971945438992530386e-01
5.724531195056224986e-01
1.736183601004724242e+00
2.804008354881576404e-01
1.274563315424683152e+00
0.000000000000000000e+00
0.000000000000000000e+00
0.000000000000000000e+00
0.000000000000000000e+00
4.021635799475239414e-01
0.000000000000000000e+00
1.824132232594208203e+00
0.000000000000000000e+00
0.000000000000000000e+00
2.198667290853462686e-01
0.000000000000000000e+00
4.119166987855368278e-01
0.000000000000000000e+00
5.809253638994640867e-02
0.000000000000000000e+00
0.000000000000000000e+00
0.000000000000000000e+00
0.000000000000000000e+00
0.000000000000000000e+00
0.000000000000000000e+00
1.772018124376602444e+00
0.000000000000000000e+00
4.041279273353922119e-01
0.000000000000000000e+00
0.000000000000000000e+00
5.924773665453424432e-01
0.000000000000000000e+00
0.000000000000000000e+00
1.338630221128947806e+00
0.000000000000000000e+00
6.210789223417285676e-01
0.000000000000000000e+00
0.000000000000000000e+00
4.959485631494323643e-01
0.000000000000000000e+00
3.452601234808251318e-01
7.520876841474842811e-01
0.000000000000000000e+00
1.903734215728805634e-02
0.000000000000000000e+00
0.000000000000000000e+00
1.861734576165109123e-01
1.359897695099828940e+00
0.000000000000000000e+00
3.310567595241557526e-01
4.558954924351009408e-02
2.065436341139574306e-01
0.000000000000000000e+00
1.186943853156734896e+00
1.409976081840492501e+00
0.000000000000000000e+00
1.175802050375081009e+00
2.232452706132935560e+00
