# Ensemble D, m = 1000.0, lambda = [  1.14793241e-08  -1.02784916e-08   0.00000000e+00   3.11010817e-09]
0.000000000000000000e+00
0.000000000000000000e+00
0.000000000000000000e+00
1.030536886552737341e+00
0.000000000000000000e+00
0.000000000000000000e+00
0.000000000000000000e+00
9.906801245608819195e-02
1.706173606095658934e-01
6.304243191660016676e-02
0.000000000000000000e+00
0.000000000000000000e+00
1.978374810521621896e+00
6.897144174468103905e-01
0.000000000000000000e+00
0.000000000000000000e+00
0.000000000000000000e+00
0.000000000000000000e+00
0.000000000000000000e+00
0.000000000000000000e+00
4.504959927070881776e-01
9.741317112182851234e-01
6.920413916315157343e-02
7.552199083541512037e-01
1.571487888751833262e-01
0.000000000000000000e+00
0.000000000000000000e+00
0.000000000000000000e+00
0.000000000000000000e+00
0.000000000000000000e+00
0.000000000000000000e+00
0.000000000000000000e+00
0.000000000000000000e+00
0.000000000000000000e+00
0.000000000000000000e+00
0.000000000000000000e+00
0.000000000000000000e+00
5.300524312735488408e-02
0.000000000000000000e+00
0.000000000000000000e+00
1.134932592580154553e+00
1.327941594140539694e+00
0.000000000000000000e+00
1.225984322535039528e+00
1.547123425840607469e+00
6.104140161861820735e-01
0.000000000000000000e+00
1.829390800550065865e+00
1.285714644442080168e+00
0.000000000000000000e+00
0.000000000000000000e+00
0.000000000000000000e+00
1.672860809967118945e+00
0.000000000000000000e+00
0.000000000000000000e+00
1.864730906380112074e+00
9.184015468143590377e-01
1.014188827236961465e+00
4.066532152217176670e-03
0.000000000000000000e+00
1.591824967148525838e+00
1.915246096698718647e-01
0.000000000000000000e+00
8.418465907492527212e-01
1.327299887941357781e+00
9.095264113883096968e-01
0.000000000000000000e+00
0.000000000000000000e+00
8.682485582958821002e-01
5.953917153580794430e-01
0.000000000000000000e+00
6.782878462175182671e-03
1.746720857055509724e+00
7.434406861354978524e-01
0.000000000000000000e+00
0.000000000000000000e+00
1.183294893015524263e+00
1.306525965886843110e+00
2.785236189163547635e-03
6.068256419106641056e-03
1.297915930921815786e+00
2.975241164857387322e+00
1.810325939608192769e+00
0.000000000000000000e+00
0.000000000000000000e+00
2.844341778351868744e-01
8.336744678303082967e-01
0.000000000000000000e+00
1.854240996095878335e+00
1.456728309303180868e+00
2.042918021687134100e+00
0.000000000000000000e+00
1.447400490933390890e-03
0.000000000000000000e+00
4.593157239388707125e-01
0.000000000000000000e+00
0.000000000000000000e+00
0.000000000000000000e+00
1.427250795282644535e+00
0.000000000000000000e+00
