# Ensemble D, m = 1000.0, c_n/c_p = 0.961290322581, f = -0.97652173913
# lambda = [  1.21438869e-08  -1.13997204e-08   0.00000000e+00   2.51475710e-09]
#  
7.663259031774525276e-01
0.000000000000000000e+00
1.990038240558565652e-01
9.858145626058234523e-01
2.712553627359114428e-01
6.950993300445790224e-01
1.039824949670868914e+00
0.000000000000000000e+00
0.000000000000000000e+00
0.000000000000000000e+00
2.371321495381817617e-03
1.122983575674866251e-02
3.327189249649514791e-01
9.412012974264037934e-01
2.606876206303076149e+00
1.954200462896928059e+00
0.000000000000000000e+00
0.000000000000000000e+00
0.000000000000000000e+00
7.189654127576604603e-01
3.583279582283120379e-01
2.339315087812876559e+00
1.231673152416860179e-02
0.000000000000000000e+00
2.798321690655057870e-01
3.102628422698199273e-01
0.000000000000000000e+00
0.000000000000000000e+00
4.209108010728868088e-01
0.000000000000000000e+00
7.500471026727337787e-01
0.000000000000000000e+00
7.621026634784714426e-01
0.000000000000000000e+00
8.907870012131172133e-02
0.000000000000000000e+00
2.703756267671526548e-01
8.884214441340335666e-01
1.104463176982400513e-01
9.906523703222891442e-01
9.367081011160599546e-01
2.796277321386139020e-02
2.334098571681818834e-01
3.495607429683149081e-01
1.161475623602199921e-02
4.701406764152937789e-01
6.135101744473199226e-01
2.454058354580996859e-01
1.340986407048997409e+00
0.000000000000000000e+00
0.000000000000000000e+00
0.000000000000000000e+00
4.456833075649023201e-01
0.000000000000000000e+00
0.000000000000000000e+00
2.449653229281587019e-01
0.000000000000000000e+00
1.066578039032875624e+00
2.656359884203806643e-01
0.000000000000000000e+00
1.912219041874823888e-01
0.000000000000000000e+00
0.000000000000000000e+00
2.876907490524880165e-02
0.000000000000000000e+00
2.167733064920810970e-01
1.601586822312901059e+00
0.000000000000000000e+00
7.724837316828406797e-01
3.795502830092701285e-01
0.000000000000000000e+00
1.246598608281792170e-01
1.321849783179394722e+00
1.434696104656998372e+00
0.000000000000000000e+00
0.000000000000000000e+00
0.000000000000000000e+00
0.000000000000000000e+00
0.000000000000000000e+00
0.000000000000000000e+00
1.369873670798242404e+00
1.430849615080182158e+00
2.539311224447846072e-01
0.000000000000000000e+00
0.000000000000000000e+00
1.366850425846676820e-01
1.643993238043239380e+00
0.000000000000000000e+00
1.371475080780576006e+00
9.240160245296608413e-03
1.906520196477350160e+00
4.399494507527242082e-02
0.000000000000000000e+00
1.274736715895715022e+00
0.000000000000000000e+00
0.000000000000000000e+00
1.172859578912700401e-01
4.833142368675531486e-01
1.007455571531360450e+00
0.000000000000000000e+00
