# Ensemble D, m = 1000.0, lambda = [  3.24584068e-08  -2.08859378e-08   0.00000000e+00   3.33369183e-09]
0.000000000000000000e+00
1.720475911851756745e+00
2.019042611799644948e+00
5.734523204615309400e-01
0.000000000000000000e+00
0.000000000000000000e+00
6.522352395676709325e-01
5.868275981938936292e-01
1.252330652424148427e+00
0.000000000000000000e+00
1.852710641864524277e+00
0.000000000000000000e+00
7.964493027056053220e-01
7.465927729971250093e-01
0.000000000000000000e+00
1.790291726743655637e-02
0.000000000000000000e+00
0.000000000000000000e+00
1.231655142631185064e-02
2.079987302660839532e+00
8.660897133687291971e-01
0.000000000000000000e+00
8.125726685100022051e-01
8.782684692405041682e-01
5.831939383618748307e-01
1.112111020580903276e+00
8.212033460113082883e-01
9.161641707108034716e-01
1.520461285960773345e+00
1.924852093827348065e-01
0.000000000000000000e+00
0.000000000000000000e+00
2.216461319936784857e+00
1.924293713707905473e+00
0.000000000000000000e+00
8.725100721031376905e-01
0.000000000000000000e+00
1.060892727231924626e+00
4.036039912171459076e-01
4.361073739899753304e-02
0.000000000000000000e+00
5.055962040687477232e-01
5.857492855690157318e-01
1.327466600644109818e+00
0.000000000000000000e+00
3.290783872796969600e-01
1.463357399603098408e+00
3.181660103452888411e+00
9.975047446872135071e-01
1.948488393114955919e+00
0.000000000000000000e+00
6.816843717179426054e-01
1.173052635899160645e+00
2.506873381298525771e+00
0.000000000000000000e+00
0.000000000000000000e+00
0.000000000000000000e+00
0.000000000000000000e+00
1.918991218266983045e+00
1.218664935282336881e+00
1.241473254889897682e+00
1.357029375130898163e+00
1.377590540130869456e+00
1.585711842510898195e-01
7.937165997231999670e-01
0.000000000000000000e+00
0.000000000000000000e+00
7.224530328766003429e-01
0.000000000000000000e+00
2.191685718716297693e+00
0.000000000000000000e+00
0.000000000000000000e+00
0.000000000000000000e+00
0.000000000000000000e+00
1.028149186558760642e+00
6.971112427599926997e-01
0.000000000000000000e+00
0.000000000000000000e+00
7.537468850797869324e-01
1.530550225130000053e+00
0.000000000000000000e+00
1.054915429295725460e+00
6.255136164813879240e-01
6.798059651199748199e-01
0.000000000000000000e+00
0.000000000000000000e+00
9.537906770734556616e-01
0.000000000000000000e+00
0.000000000000000000e+00
1.534449020220288951e+00
0.000000000000000000e+00
1.403849657992117528e-01
5.339813270322009142e-01
8.793917111172727674e-01
0.000000000000000000e+00
0.000000000000000000e+00
8.380007105365036568e-02
1.335758521433469737e+00
2.895210795183329744e-02
0.000000000000000000e+00
