# Ensemble D, m = 1000.0, lambda = [  3.07088800e-08  -1.83101697e-08   0.00000000e+00   2.05679300e-09]
1.803955564921911892e-01
0.000000000000000000e+00
0.000000000000000000e+00
1.402377249221252509e+00
2.540028093357688532e-01
0.000000000000000000e+00
4.288069999866205295e-01
6.604317659306480071e-01
0.000000000000000000e+00
0.000000000000000000e+00
0.000000000000000000e+00
0.000000000000000000e+00
0.000000000000000000e+00
0.000000000000000000e+00
1.999745107848135278e-02
5.578872043012096382e-01
0.000000000000000000e+00
1.488745240951075299e+00
0.000000000000000000e+00
1.062244627337032066e+00
1.101980556115798038e+00
0.000000000000000000e+00
0.000000000000000000e+00
0.000000000000000000e+00
4.147023738555775246e-02
1.626545604027917369e+00
2.769015353043605687e-01
3.863119090113372733e-01
0.000000000000000000e+00
0.000000000000000000e+00
4.497273499427396626e-01
1.272570360013876911e+00
7.710354474036218431e-02
5.011798705090771966e-01
2.219304297801347886e-02
1.703628316584759328e-01
0.000000000000000000e+00
3.708570027464236363e-01
5.960294402517016810e-01
0.000000000000000000e+00
0.000000000000000000e+00
2.784810218367930634e+00
3.218027506818971206e-01
0.000000000000000000e+00
1.047665937188473340e+00
2.095424343245205989e+00
0.000000000000000000e+00
0.000000000000000000e+00
4.372033418960677431e-01
4.300375263915867108e-01
1.871694130524645727e+00
1.362617480647208001e+00
5.122772048990392735e-01
4.204921019200581755e-02
0.000000000000000000e+00
1.221720121254853186e+00
0.000000000000000000e+00
3.969104351885185955e-01
0.000000000000000000e+00
1.296986196407409864e+00
0.000000000000000000e+00
1.132128147656262795e+00
6.197354220075137476e-01
1.107261061136641800e+00
9.711300855632362117e-01
0.000000000000000000e+00
0.000000000000000000e+00
0.000000000000000000e+00
1.359745706116622710e+00
0.000000000000000000e+00
0.000000000000000000e+00
5.907183546713494771e-01
0.000000000000000000e+00
1.145390594192054134e+00
3.327149799757309623e-01
0.000000000000000000e+00
1.218134923671984726e+00
4.725608694100514318e-01
0.000000000000000000e+00
0.000000000000000000e+00
9.425071567516107862e-01
1.274479341645033514e+00
2.375297419140415534e-01
9.040956432036851842e-01
9.854675080753199090e-01
0.000000000000000000e+00
5.638144363479236087e-01
4.634913016938792540e-01
0.000000000000000000e+00
8.946212923480462154e-02
2.235407777130492546e-01
0.000000000000000000e+00
1.159190412602247644e+00
1.715756248540222018e+00
0.000000000000000000e+00
1.846146927648684155e+00
0.000000000000000000e+00
1.563293269203479829e-01
1.269943245460425640e-01
0.000000000000000000e+00
