# Ensemble D, m = 1000.0, lambda = [  1.47476006e-08  -1.08712244e-08   0.00000000e+00   3.78912005e-09]
6.517590263197700629e-02
1.861715545861722387e-01
1.405648290922949517e+00
0.000000000000000000e+00
7.486554588463872895e-02
3.254509331489150448e-01
0.000000000000000000e+00
0.000000000000000000e+00
0.000000000000000000e+00
7.033498612251039006e-01
1.198652921535045657e+00
5.329780320602321986e-01
3.557714352015587268e-03
0.000000000000000000e+00
0.000000000000000000e+00
9.082573187806114445e-01
1.100227814599123777e+00
6.712869855454439705e-01
0.000000000000000000e+00
1.503044756737087831e-02
5.848384575133100949e-01
0.000000000000000000e+00
0.000000000000000000e+00
3.522324916241320825e+00
7.332268997763694007e-02
9.807245704299764055e-01
0.000000000000000000e+00
4.779069410711406229e-01
6.388871730729288323e-02
0.000000000000000000e+00
8.037164706119456770e-02
0.000000000000000000e+00
1.524453294415182736e+00
1.484910146213875015e-01
7.200066325335682804e-02
2.178141700875322329e+00
6.421188436980644898e-01
2.121142429372627980e+00
5.899614753743427364e-01
0.000000000000000000e+00
1.225648840953582619e-01
0.000000000000000000e+00
0.000000000000000000e+00
4.439906861690720574e-01
8.101589788046981155e-02
1.208474920370475214e+00
0.000000000000000000e+00
1.072018318150862459e+00
3.284196285810430660e-01
2.678486225648829766e+00
1.708320000081028578e+00
2.579538390297279882e-02
0.000000000000000000e+00
1.100593513772427645e+00
0.000000000000000000e+00
8.117316716188091030e-01
0.000000000000000000e+00
0.000000000000000000e+00
1.365576486734628281e+00
0.000000000000000000e+00
0.000000000000000000e+00
2.226341966100059189e+00
9.538446873456445374e-01
4.668558318626229720e-01
0.000000000000000000e+00
2.471952023106672447e-01
7.460569978038026351e-01
1.679535340371291596e+00
2.890733917912596262e-01
1.452998602843520899e-02
1.160996602297508451e+00
7.537441582265252960e-01
1.272158111243660017e-01
0.000000000000000000e+00
1.644948156340203083e+00
0.000000000000000000e+00
2.958556430185177444e-01
2.046917333722465315e+00
1.381515020576206676e-01
1.029000562910625138e+00
3.057733617070218513e-01
2.216263676412569161e+00
0.000000000000000000e+00
5.131780310665780276e-02
0.000000000000000000e+00
0.000000000000000000e+00
0.000000000000000000e+00
7.654744666619917037e-01
1.481449045161319589e+00
1.195990845544085523e+00
4.736494810769995012e-01
1.526787955639760330e+00
0.000000000000000000e+00
7.705606375853830958e-02
0.000000000000000000e+00
3.368702933673094202e-02
2.686379941148991229e-02
1.145144936291925042e+00
3.816829209323815975e-01
0.000000000000000000e+00
