# Ensemble D, m = 1000.0, lambda = [  3.47366147e-08  -2.59911117e-08   0.00000000e+00   3.46105560e-09]
2.978525947735671586e+00
1.332767646126921335e+00
3.666006863587182973e+00
1.211833669212867726e+00
2.606216837155373334e+00
1.504427174961756375e+00
1.754366609234457641e+00
1.666071560302690102e+00
1.293698967821181878e+00
2.320717719832055437e+00
7.462892807635301828e-01
1.729151125893540364e+00
2.758903349580110742e+00
1.256833585180951562e+00
0.000000000000000000e+00
1.463138999380026117e+00
3.571735095184053854e+00
7.856469392167135801e-01
8.073821727674735937e-01
1.539739627326758509e+00
9.303118256530722441e-01
1.698271531902157294e+00
8.936369916822036741e-01
1.993000537332458855e+00
1.717602890682704331e+00
1.313372125360918741e+00
1.538526842994621724e+00
3.143238171485649435e+00
3.567236952637551917e-01
2.893326609611611921e+00
2.160436795624883555e+00
1.782980514304153496e+00
6.794439242070990925e-01
5.052420805476370846e-01
6.332971309400815541e-01
1.955587916404883497e+00
6.535943338891631038e-02
8.629660352437343862e-01
2.946758915177233096e+00
2.594395692055884606e+00
2.426922284814935438e+00
1.095874357682381062e+00
8.560923401695670343e-01
1.993860064624697115e+00
2.497863953728733044e+00
3.813295560544982532e+00
0.000000000000000000e+00
1.581296206221836975e+00
1.594375852449030795e+00
8.952126741638903873e-01
1.995918346675747301e+00
3.320765279767557310e+00
1.202917022054474039e+00
2.747324846706814316e+00
9.032424310044223636e-01
1.716451038883009428e+00
0.000000000000000000e+00
3.559604750592552769e+00
0.000000000000000000e+00
7.509873625493114213e-01
1.500204293330482441e+00
0.000000000000000000e+00
1.512081144014739698e+00
3.095795506029030530e+00
2.689939312373960334e+00
6.512135812353848641e-01
2.108351552244592142e+00
2.841310667946562063e+00
4.020047164255165839e+00
2.594538567188458877e+00
0.000000000000000000e+00
2.131142858814197627e+00
2.162031119283863934e+00
1.581672285779916365e+00
0.000000000000000000e+00
2.071015364586001439e+00
2.519444776113039186e+00
1.472830211435133041e+00
3.241943955263626442e-01
3.662537713046965515e-01
2.709705702203411004e+00
1.684168041812506456e+00
1.806043816535356950e+00
2.149449518225808209e+00
7.038764747797134902e-01
1.996551614412439002e-01
9.614112096964601006e-01
3.291255735777220970e+00
1.798678676646735308e+00
0.000000000000000000e+00
2.078573798389014460e+00
3.258411309203805284e-01
2.285415095046069212e+00
1.368392804083791825e+00
1.899490246627845158e+00
1.545705390416607372e+00
1.256507194003392058e+00
2.909781034448742254e+00
2.022489820181541109e+00
2.147580389131344525e+00
