# Ensemble D, m = 1000.0, lambda = [  5.91046557e-08  -4.45587139e-08   0.00000000e+00   2.23002689e-09]
2.078814838608829874e+00
1.487060834890224559e+00
1.857469759670838716e+00
1.808899029896618771e+00
2.036625068222455148e+00
1.244377608483757225e+00
1.708430405870854152e+00
2.320398539221128154e+00
3.656177997413391889e+00
2.709882783918768023e+00
3.906671772886215477e-01
0.000000000000000000e+00
2.863949929324427934e+00
1.097680163221436356e+00
1.397969669732888276e+00
4.905356525468100304e-01
2.854373240008314827e+00
2.980850763436055040e+00
2.109283941743052893e+00
3.141559865416717834e+00
3.012804428283057057e+00
1.662504984438816003e+00
3.327922034426383568e+00
0.000000000000000000e+00
2.712029257857071496e+00
3.137395504511735211e+00
1.969047685373424894e+00
3.146676122587868996e+00
2.549639542529259728e+00
2.718540226342632149e+00
1.832059081440235770e+00
8.891180567948488989e-01
2.416211924841630054e+00
1.734266552873513501e+00
1.424820313293881702e+00
2.562827429453369277e+00
2.171717784190827505e+00
1.518264468704310755e+00
2.363475647236343402e+00
1.721339625473773172e+00
1.759762038375042525e+00
0.000000000000000000e+00
2.982865416862521712e+00
0.000000000000000000e+00
1.645663961527034314e+00
1.560725149862496774e+00
3.617441457927926596e+00
3.626083493546226499e+00
2.537822168139886259e+00
3.808790448400235729e+00
2.645030620380463215e+00
2.464846646043118650e+00
1.960393951413820668e+00
2.536837879365483772e+00
1.895311736879382147e+00
2.002892720017422690e+00
1.115846974531363944e+00
3.873158362664366638e+00
2.389736132703790261e+00
2.242171681308388287e+00
6.699066692834885206e-01
2.185339517233988449e+00
1.279964452013274911e+00
3.187434664678062024e+00
3.036879067473014171e+00
2.113322293831702670e+00
2.151153341986416834e+00
1.710482105214446991e+00
1.880576371677716407e+00
1.525659343494239817e+00
2.896007726405059657e+00
2.495905462764583582e+00
0.000000000000000000e+00
1.016425920880493772e+00
2.463528680056568554e+00
9.926385435277854663e-01
0.000000000000000000e+00
2.821981017236312006e+00
2.505107225957470263e+00
2.394147766556085521e+00
3.173207526586898197e+00
1.254147742806088317e+00
1.529704988303657753e+00
1.375774521168954490e+00
1.310065352808362560e+00
1.916039713723954430e+00
1.535435013241940538e+00
1.540835749754252859e+00
3.321476881547615001e+00
2.126018728606530406e+00
3.141273626827572496e+00
2.301927374282512151e+00
2.400679255996606365e+00
4.169620097970213379e+00
2.678019436176642731e+00
1.887173611074395296e+00
3.009563318149016453e+00
3.261531454955251430e+00
9.201941607972524695e-01
2.660916182121287221e+00
