# Ensemble D, m = 1000.0, lambda = [  3.22477682e-08  -2.54622136e-08   0.00000000e+00   2.55581567e-09]
0.000000000000000000e+00
2.264267316277051467e+00
1.508937727976255250e+00
2.365945770033268225e+00
1.627883319823244079e+00
1.804656551347339599e+00
4.859369903172549576e-01
2.507367202832757602e+00
1.033886848377274958e+00
0.000000000000000000e+00
0.000000000000000000e+00
5.455319105708484884e-01
4.123600797751469926e+00
0.000000000000000000e+00
2.746459666584232906e+00
7.698700181992377267e-01
1.444139027905692707e+00
2.142846491280914201e+00
0.000000000000000000e+00
3.136615754667946732e+00
9.478726260675451876e-01
1.473738941141693459e+00
3.711272776933354223e+00
3.335536818822364857e+00
2.136378387033167847e+00
1.101845271330358610e-02
1.365250793523821837e+00
2.499713549700856241e+00
8.986944392128399794e-01
2.252122579401937053e+00
2.549790824096453967e+00
3.040864788052953127e+00
4.857547287029030658e-02
1.175310643714597258e+00
2.198896859347554855e+00
8.931134767886278469e-02
2.025265473843917974e+00
2.986499902762545400e+00
2.319320515996594168e+00
2.374545245834057905e+00
2.534409322570464251e+00
1.898189260967300340e+00
2.804264215036001762e+00
1.799026233534455566e+00
2.889594149432699322e+00
4.223684800466982026e+00
2.272331052402400964e+00
1.836467572828508477e+00
0.000000000000000000e+00
9.700100809648328770e-01
1.296672725929335579e+00
3.687322481459708090e+00
2.758357786160777980e+00
1.843490207391410562e+00
1.194405508964607066e+00
2.779516590481454941e+00
2.716193401330595059e+00
1.973642540869077866e+00
2.089190072618825944e+00
2.088288145585394773e+00
2.259445185398122558e+00
1.665558221193131239e+00
1.000072346210372665e+00
2.047240705065626276e+00
1.552668725491689994e+00
0.000000000000000000e+00
2.527239737239293405e+00
3.163873880111317760e+00
2.698577991478751770e+00
0.000000000000000000e+00
2.992546840198398339e+00
1.096768619239758991e+00
1.609206789148448946e+00
4.209407319378434487e+00
2.370902794680544545e+00
2.197474798004285468e+00
2.653545030124026649e+00
2.001906107635847309e+00
3.219189653316757216e+00
2.240033195693692303e+00
2.259291718818538630e+00
6.482808023871484693e-01
3.457067771957923252e+00
3.932387640297147602e+00
3.231268315736776753e+00
0.000000000000000000e+00
0.000000000000000000e+00
2.829583048676048485e+00
0.000000000000000000e+00
1.799772157549790474e+00
2.570655894876432424e+00
1.070466549865345396e+00
2.679012961369106272e+00
7.009709386487781302e-01
2.622694210360797751e+00
2.626430749914089979e+00
1.651164924862281502e+00
0.000000000000000000e+00
1.009529940785665270e+00
1.783813756570541642e+00
