# Ensemble D, m = 1000.0, c_n/c_p = 0.703225806452, f = -0.97
# lambda = [  2.22394668e-08  -1.51701860e-08   0.00000000e+00   3.80200699e-09]
#  
2.780735894196880054e+00
2.902591841288756913e-01
1.585835841570723270e-01
2.940055685382446660e-01
0.000000000000000000e+00
5.858372134325522812e-02
0.000000000000000000e+00
0.000000000000000000e+00
1.787378808948971720e+00
0.000000000000000000e+00
4.713939420774636985e-02
2.141314832928730816e+00
0.000000000000000000e+00
8.037316323301579857e-01
3.090810270015566630e+00
2.253514223166624753e+00
1.266873369141805483e+00
4.539285684454851255e-01
1.934754026957426376e+00
6.518766744540662739e-01
0.000000000000000000e+00
1.469404940827564232e+00
1.172020066668241878e+00
2.741953753450591336e+00
1.149038848857643735e+00
0.000000000000000000e+00
0.000000000000000000e+00
3.774810445730503172e-01
0.000000000000000000e+00
1.345184917991143037e+00
2.093204237847245519e+00
5.290270587005282410e-01
0.000000000000000000e+00
9.729766958397170207e-01
3.816367477606952829e-01
2.806166983886180244e-01
1.287597203315648198e+00
1.610111554468943940e+00
5.165442813381126985e-01
7.111629107492454249e-01
2.629136993919763410e-01
8.461837039053261567e-01
7.056515851174468557e-01
1.406063286920374578e-01
1.767301790858923471e+00
2.173494481545334533e+00
1.256573807283913435e+00
0.000000000000000000e+00
0.000000000000000000e+00
1.332625089605922852e+00
3.388489934452549868e-01
0.000000000000000000e+00
1.334826867770130931e+00
2.868970660719331267e+00
8.594991252354092781e-01
0.000000000000000000e+00
5.521123354926297244e-01
6.544513333203391126e-01
0.000000000000000000e+00
0.000000000000000000e+00
8.907110041162787928e-01
1.502261255394123363e-01
0.000000000000000000e+00
1.327992889751464567e+00
2.546983960152156001e+00
1.390523088916950645e+00
0.000000000000000000e+00
1.197379161360184296e+00
0.000000000000000000e+00
0.000000000000000000e+00
0.000000000000000000e+00
0.000000000000000000e+00
1.244191368784784757e+00
6.945999429010407678e-01
0.000000000000000000e+00
1.370090256596642631e+00
1.826102844536214409e+00
3.914927974298625935e-01
0.000000000000000000e+00
0.000000000000000000e+00
6.178182289662675908e-01
5.736845528841149067e-01
1.285602706620896818e+00
4.498771169465274888e-01
7.480222439865994444e-01
1.925177361926964981e+00
7.043741326290610116e-01
1.128078945023548219e+00
1.513377807101510930e+00
2.538407679123511507e+00
2.099122112624882242e+00
0.000000000000000000e+00
9.291835000453357862e-01
0.000000000000000000e+00
7.289158216417492842e-01
2.054156969375863784e-01
0.000000000000000000e+00
1.159277530772298892e+00
2.702180205460701146e+00
1.030535631244365646e+00
