# Ensemble D, m = 1000.0, c_n/c_p = 0.625806451613, f = -0.983043478261
# lambda = [  2.66670232e-08  -1.64054180e-08   0.00000000e+00   3.06019483e-09]
#  
9.936525418072814642e-01
2.858355732031193086e-01
1.590799359742302688e+00
0.000000000000000000e+00
1.066457807781177936e+00
1.363070193656291007e+00
2.213208438435551872e-01
0.000000000000000000e+00
7.644770360857804370e-01
9.997814661776779355e-01
1.612540558629377951e+00
0.000000000000000000e+00
0.000000000000000000e+00
2.344694477476910066e+00
5.800573318379991239e-01
7.223274991318581195e-01
3.596642577825706621e-01
0.000000000000000000e+00
1.360041198015255359e+00
1.824515916512903457e+00
1.993645791403389489e-02
5.652654558381016159e-01
0.000000000000000000e+00
9.171546508630078198e-02
1.390402992460036680e-01
1.723469782017062801e+00
1.236401403519934217e+00
1.457077240644533811e+00
0.000000000000000000e+00
1.771867670451705568e+00
0.000000000000000000e+00
3.544769491957838747e-01
0.000000000000000000e+00
0.000000000000000000e+00
1.732180029458935344e+00
1.017656941732705045e+00
1.920122592676640316e+00
6.752799683475874115e-02
0.000000000000000000e+00
0.000000000000000000e+00
8.755268729109955128e-01
1.231057779049936851e+00
0.000000000000000000e+00
4.304049162539874129e-01
0.000000000000000000e+00
1.052723175522102705e+00
2.409645196331562822e+00
0.000000000000000000e+00
7.406580472623383593e-02
0.000000000000000000e+00
0.000000000000000000e+00
0.000000000000000000e+00
2.248323903841047133e-01
8.295459965427582905e-01
9.033036201536043253e-01
4.296201059404920475e-01
1.357612324224543032e+00
2.504600401856603431e-02
2.185199625775692545e-01
3.938161558080421898e-01
0.000000000000000000e+00
0.000000000000000000e+00
1.019041144473529004e+00
0.000000000000000000e+00
9.002312314249456549e-01
0.000000000000000000e+00
9.358614452393462235e-01
1.849651471890548238e-02
1.492398940474153335e-01
1.600012939687322389e+00
2.281738982028577445e-01
8.986502673968647104e-01
0.000000000000000000e+00
9.210237981094128168e-01
1.949739136218523017e+00
1.046169055369413847e+00
0.000000000000000000e+00
3.476664186590151528e-01
1.350350307359070356e+00
0.000000000000000000e+00
0.000000000000000000e+00
1.347690794131016778e+00
1.182914678707241984e+00
3.707981806558508509e-01
1.777784162628553766e+00
6.221407518215925636e-01
0.000000000000000000e+00
6.240672788023605699e-01
8.761709297652898742e-01
9.667129227508991507e-01
3.471128415198078687e-01
7.237661071174964489e-01
1.302809926667233054e+00
0.000000000000000000e+00
3.995162729545375657e-01
0.000000000000000000e+00
4.603409342590669140e-01
0.000000000000000000e+00
1.566303551829801188e+00
1.117974959916463451e+00
