# Ensemble D, m = 1000.0, lambda = [  1.04893522e-08  -9.78071669e-09   0.00000000e+00   2.95948939e-09]
6.758162850437929858e-01
4.470261786182095354e-01
1.039462973775978183e+00
2.103275790943766488e+00
2.588565705217286683e-01
0.000000000000000000e+00
1.885623251748203888e+00
0.000000000000000000e+00
0.000000000000000000e+00
8.911202969196081458e-01
1.176292946187528665e+00
5.217445904620532371e-01
0.000000000000000000e+00
5.089609084683335283e-01
2.096367389024648142e-01
1.138126257002662456e+00
4.034514217068747022e-01
0.000000000000000000e+00
1.933425922951846232e+00
0.000000000000000000e+00
1.322729442612175621e+00
0.000000000000000000e+00
1.997384568465347954e+00
3.610914695430179622e-01
0.000000000000000000e+00
6.899998919233332195e-01
0.000000000000000000e+00
1.369246187859612274e+00
1.387785811953956561e+00
0.000000000000000000e+00
6.926383974662013721e-01
3.041387478141597267e-01
6.553904016243100594e-01
5.450292396558135272e-02
2.974672810367687825e-01
0.000000000000000000e+00
0.000000000000000000e+00
2.372935672435961540e-01
8.089848900335389059e-01
0.000000000000000000e+00
0.000000000000000000e+00
1.109590966409886637e+00
0.000000000000000000e+00
5.484666505817993309e-01
0.000000000000000000e+00
0.000000000000000000e+00
1.600438085152639522e-01
0.000000000000000000e+00
1.292472322173045196e+00
0.000000000000000000e+00
1.514079041678857429e+00
0.000000000000000000e+00
3.397847363052546310e-01
1.305771445973629152e+00
5.192066846302477445e-02
0.000000000000000000e+00
8.529923922612548948e-01
0.000000000000000000e+00
0.000000000000000000e+00
1.265055178864722185e+00
4.142047263128888490e-01
0.000000000000000000e+00
1.639620029887166819e+00
1.459932334218577710e-01
4.846213182258892263e-03
0.000000000000000000e+00
4.713750121856629012e-03
0.000000000000000000e+00
5.789670890443221474e-01
0.000000000000000000e+00
1.477973154527653307e-02
2.526217763454166078e-03
9.641798054098054127e-01
1.109521398188820340e+00
9.954013997582676909e-01
1.163847717060501052e+00
1.590774993046620844e+00
0.000000000000000000e+00
0.000000000000000000e+00
0.000000000000000000e+00
0.000000000000000000e+00
9.260913691205102660e-03
0.000000000000000000e+00
8.120515627291617911e-01
0.000000000000000000e+00
0.000000000000000000e+00
0.000000000000000000e+00
2.971822857190439482e+00
0.000000000000000000e+00
2.513877673027647752e+00
0.000000000000000000e+00
1.369794079537507869e+00
1.088298085029749007e+00
0.000000000000000000e+00
0.000000000000000000e+00
0.000000000000000000e+00
5.651784565481586808e-01
0.000000000000000000e+00
0.000000000000000000e+00
0.000000000000000000e+00
