# Ensemble D, m = 1000.0, c_n/c_p = 0.651612903226, f = -0.972608695652
# lambda = [  2.30694008e-08  -1.46205644e-08   0.00000000e+00   3.49424071e-09]
#  
5.551573218511914876e-01
0.000000000000000000e+00
1.584084754998401845e+00
1.663262561581474896e+00
6.405527453850751174e-01
1.324875057275628709e+00
1.392640390581360244e+00
7.597822175682572565e-01
1.675701594557542709e-02
7.996350709658820444e-01
0.000000000000000000e+00
5.887598408213029488e-01
1.788053167686659117e+00
1.680170850474074884e+00
0.000000000000000000e+00
1.985746974167403645e+00
3.704835969886686731e-01
0.000000000000000000e+00
1.192483964913132466e+00
1.557497825587689899e+00
3.809851466837569367e-01
6.818257157364547849e-01
3.583268157283360233e-01
0.000000000000000000e+00
0.000000000000000000e+00
0.000000000000000000e+00
0.000000000000000000e+00
0.000000000000000000e+00
0.000000000000000000e+00
1.585597125182561129e+00
4.614964567281678587e-01
9.061120026853869414e-01
0.000000000000000000e+00
2.601047854901296710e-02
2.731431833697834932e-01
2.532856401698707072e-01
0.000000000000000000e+00
1.186011221160950591e+00
1.320526589646569660e+00
0.000000000000000000e+00
1.114817399517536778e+00
0.000000000000000000e+00
0.000000000000000000e+00
0.000000000000000000e+00
2.495489068275149325e-01
7.854371799290180700e-01
1.845181111282054420e+00
6.944502968627430661e-01
6.720281428867528328e-01
0.000000000000000000e+00
5.438085974435058478e-01
2.255364250067603660e+00
0.000000000000000000e+00
0.000000000000000000e+00
0.000000000000000000e+00
0.000000000000000000e+00
6.950540905004712888e-01
0.000000000000000000e+00
2.371449352066303806e+00
2.396901396356612146e+00
6.763663209863796100e-01
7.081543931313781792e-01
4.544432685437116426e-01
5.248233963125292778e-02
1.315866029299120055e-01
1.737045500046596080e+00
1.630675641809465615e-01
1.110354301990575498e+00
1.397436653795463668e+00
0.000000000000000000e+00
8.024676529727103880e-01
0.000000000000000000e+00
8.986683439788270000e-01
7.428762297391962310e-02
7.890980815570058926e-01
1.047125049959284349e+00
2.628892407839291678e+00
4.021974284584597381e-01
3.498885929469348066e-01
9.524054656743399239e-01
6.793080034696237501e-02
1.000113133751748401e-01
1.070497673709523978e+00
1.314208168932715193e+00
0.000000000000000000e+00
7.553638933339614780e-01
0.000000000000000000e+00
9.479463041797053791e-01
1.949244950873076365e-01
3.101970259386797046e-01
0.000000000000000000e+00
0.000000000000000000e+00
1.463161842472628482e+00
3.227885758732605970e-01
9.261790787488780596e-01
8.506873311127889359e-01
7.682244096130266264e-01
1.339972946591648784e-01
1.755121900556606329e+00
7.255840109959041939e-01
