# Ensemble D, m = 1000.0, lambda = [  3.14173379e-08  -2.25893193e-08   0.00000000e+00   3.78516166e-09]
8.894798879694706395e-01
0.000000000000000000e+00
2.520709622134306382e+00
1.926809525677450230e+00
1.533759085727402827e+00
1.218605542860077051e+00
2.721954096506637555e+00
1.903652882538810598e+00
0.000000000000000000e+00
1.942647277538758432e+00
1.641867927256781545e+00
1.469085882141865751e+00
9.460938073781325341e-01
2.272638329498745779e+00
1.764834669070906692e+00
3.326612414688397301e+00
2.024546538326707612e+00
8.664910768851030731e-01
1.655159332894086122e+00
3.199600157871905104e+00
1.701355892904356626e+00
1.855497279653713694e+00
1.179339940438949297e+00
1.487776727521693765e+00
6.469579512298613277e-01
6.445487336861691063e-02
1.082575171062553493e-01
1.698862633710001235e+00
7.937590919097832209e-01
0.000000000000000000e+00
7.796340085944344356e-01
9.241696382790621014e-03
1.838201820363659422e+00
2.033014872831128805e+00
5.426007587647169172e-01
0.000000000000000000e+00
2.063862430228926015e-01
0.000000000000000000e+00
0.000000000000000000e+00
0.000000000000000000e+00
2.156843538066584465e+00
3.614295311464008065e-01
1.678124734932289641e+00
1.114336496603623772e+00
8.738371572067369364e-01
3.294953375980580468e+00
1.694826549361709400e+00
2.052248546848041144e+00
7.192875390191886265e-01
3.150237287111306433e-02
2.298972964480770820e+00
4.163482819710273564e-01
1.511816598124527733e+00
1.881797541412610908e+00
1.354713860502521294e+00
8.337747318576055333e-01
1.533619116750239542e+00
0.000000000000000000e+00
8.381726892975664978e-01
1.064558331021398185e+00
2.297510328326080931e+00
1.395973467657890321e+00
1.129841599814663144e+00
6.288948525573386794e-01
6.663714635624828908e-01
1.521504917390058331e+00
5.671758703012917957e-01
1.175636825053848700e+00
2.380073494073747131e+00
2.058915226011472033e+00
7.400258732194420208e-01
0.000000000000000000e+00
2.874982126748563682e-01
1.578789154929108207e+00
0.000000000000000000e+00
2.193857958669624963e+00
0.000000000000000000e+00
0.000000000000000000e+00
2.700144423284303929e+00
2.714186641835540481e+00
9.617916641672761280e-01
1.622491200939182310e-01
5.746684123948955225e-01
1.621821792440973631e-01
1.302316781340152829e+00
1.947877179025847116e+00
1.411637815950181452e+00
2.713374703897807549e+00
1.431367527312433552e+00
1.305261599550662899e+00
2.947686171573792979e+00
0.000000000000000000e+00
1.013164763713337635e+00
2.526147938907119084e+00
0.000000000000000000e+00
5.598543905619798311e-01
1.879898388035652568e+00
0.000000000000000000e+00
9.993236936710335749e-01
0.000000000000000000e+00
