# Ensemble D, m = 1000.0, lambda = [  1.60844083e-08  -1.39499814e-08   0.00000000e+00   2.74008626e-09]
0.000000000000000000e+00
0.000000000000000000e+00
0.000000000000000000e+00
0.000000000000000000e+00
0.000000000000000000e+00
9.493543072999423293e-02
1.750361970311094195e+00
2.112577852750468221e-01
3.125781060239980480e+00
0.000000000000000000e+00
1.778990783625823968e-01
5.431053928874906012e-01
0.000000000000000000e+00
0.000000000000000000e+00
0.000000000000000000e+00
1.079529383053444480e+00
0.000000000000000000e+00
3.365570912706078999e-01
1.213091251892330469e+00
0.000000000000000000e+00
0.000000000000000000e+00
0.000000000000000000e+00
1.445278656800529082e-01
0.000000000000000000e+00
0.000000000000000000e+00
2.208058057074324232e+00
0.000000000000000000e+00
0.000000000000000000e+00
1.655941832892486421e+00
0.000000000000000000e+00
3.346475978027688702e-01
0.000000000000000000e+00
2.116387072969674321e+00
0.000000000000000000e+00
2.425323503152283788e-01
1.201442020209960493e+00
8.713731391325666431e-01
1.188929484761874489e-01
1.219093604596755420e-01
7.173492907177048128e-01
9.381433129433885965e-02
1.095402460677159656e-01
5.958436181323055747e-01
8.618495270103185835e-01
4.813693908254352838e-01
8.579373365477462043e-03
2.088920417199711110e+00
0.000000000000000000e+00
0.000000000000000000e+00
0.000000000000000000e+00
1.234351625473949721e+00
0.000000000000000000e+00
1.571674168915259129e+00
0.000000000000000000e+00
2.543522571259331823e-03
1.975998990015964463e+00
1.344064400608513399e+00
1.291828732956729286e+00
0.000000000000000000e+00
1.128760612669061691e+00
4.554080621952988350e-01
3.860037613298584747e-01
1.967736540160834657e+00
0.000000000000000000e+00
2.152874939612837046e+00
2.083946809278767631e+00
2.618725489483995084e-01
2.403798021094274873e+00
0.000000000000000000e+00
0.000000000000000000e+00
8.635006355817163026e-01
1.684850565483056561e+00
2.263996257653421385e+00
5.084567396181058352e-02
0.000000000000000000e+00
9.834428816226293835e-01
0.000000000000000000e+00
1.121359042019117958e+00
0.000000000000000000e+00
0.000000000000000000e+00
0.000000000000000000e+00
1.471201285743653164e+00
0.000000000000000000e+00
6.919809637866347618e-01
0.000000000000000000e+00
6.754029129232809181e-01
0.000000000000000000e+00
0.000000000000000000e+00
0.000000000000000000e+00
3.858910914875250953e-01
1.486118089006782439e+00
0.000000000000000000e+00
1.009042203252766168e+00
2.277017959969551253e+00
0.000000000000000000e+00
1.172403604861437909e+00
0.000000000000000000e+00
0.000000000000000000e+00
0.000000000000000000e+00
0.000000000000000000e+00
