# Ensemble D, m = 1000.0, lambda = [  1.86072231e-08  -1.25242904e-08   0.00000000e+00   3.78965118e-09]
6.432526316712353642e-01
0.000000000000000000e+00
1.524032824049833312e+00
0.000000000000000000e+00
6.013633640788726975e-01
8.595064394405413921e-01
0.000000000000000000e+00
0.000000000000000000e+00
1.374730991444078398e+00
0.000000000000000000e+00
0.000000000000000000e+00
1.204591563604135329e+00
5.737435236429438978e-01
0.000000000000000000e+00
1.560821259085243794e-02
0.000000000000000000e+00
0.000000000000000000e+00
1.567881429243283886e+00
6.544794087604652866e-01
2.177537918077962598e+00
9.236141898960341656e-01
5.463700893926970448e-01
2.437143448649730981e+00
7.829145171970415262e-01
0.000000000000000000e+00
3.096082285853546945e-01
2.260768737851782895e+00
7.813210253902928004e-01
4.207778660183537078e-01
0.000000000000000000e+00
0.000000000000000000e+00
2.902988343253693274e-02
4.223895729389790521e-01
2.598260476984568967e+00
2.060831454856455469e+00
6.601404956400241941e-01
3.889983452600028202e-01
0.000000000000000000e+00
0.000000000000000000e+00
2.680825845478642111e-01
0.000000000000000000e+00
1.093672713989030321e+00
9.381913575080422230e-02
8.321693054687810953e-01
0.000000000000000000e+00
0.000000000000000000e+00
1.850222288791710357e+00
2.799290507903597347e-01
1.639027137240958165e+00
3.891657973468175616e-03
6.700451035082540668e-03
0.000000000000000000e+00
0.000000000000000000e+00
0.000000000000000000e+00
0.000000000000000000e+00
1.531567068463733916e+00
6.245056651586951002e-01
0.000000000000000000e+00
6.448559071341229965e-01
0.000000000000000000e+00
6.453218865785749214e-01
1.018090195093222405e+00
1.559534271905593239e-01
6.311921092456385107e-01
5.422187937810115654e-01
0.000000000000000000e+00
5.027854675534007001e-01
1.712792174991813354e+00
3.735320318738523104e-01
2.923094867479062581e-02
3.455249389510003759e-03
3.921516972916642141e-01
1.600976764373917227e+00
1.530110493684564865e+00
0.000000000000000000e+00
1.660437325463512526e+00
0.000000000000000000e+00
1.559877158115821283e+00
0.000000000000000000e+00
0.000000000000000000e+00
1.404923069970235749e+00
1.900201093534410246e+00
1.332587571179665531e+00
2.192880353525660908e+00
1.444367402251823251e-01
1.952676374297503958e+00
0.000000000000000000e+00
0.000000000000000000e+00
0.000000000000000000e+00
7.838351497912829924e-01
2.964934187721859349e-01
4.495351590079668669e-01
1.435862338355886392e+00
0.000000000000000000e+00
1.284416251624674210e+00
0.000000000000000000e+00
6.155368783354860929e-01
3.860039233643874357e-01
3.505553102685362576e-01
4.861816576669193701e-02
