# Ensemble D, m = 1000.0, lambda = [  3.88127371e-08  -2.80481497e-08   0.00000000e+00   3.73497705e-09]
2.670734479150911334e+00
1.545684116787640283e+00
2.557793150564258600e+00
1.654131012329527417e+00
7.443989003152471362e-01
3.042609829630839258e+00
9.731876861068571305e-01
3.079770610321916458e+00
2.114918367829780710e+00
4.905160942286859171e-01
1.654009280536887339e+00
2.913566052264095152e+00
2.252175931821400745e+00
9.784061209131932335e-01
1.301171417328290447e+00
2.006828277170258801e+00
1.727699816160052748e+00
1.153310950246646538e+00
0.000000000000000000e+00
2.066016559970564395e-02
1.147706285482674726e+00
0.000000000000000000e+00
2.327395640605745442e+00
2.637416428407765689e+00
3.128544534265632393e+00
0.000000000000000000e+00
1.604332353968291436e+00
2.195150516017979392e+00
1.833869950748006961e+00
2.573225841326876040e+00
1.086666792833352463e-02
2.961803223456471290e+00
1.581702364004608841e+00
2.974619989768337192e+00
2.502014453027341379e+00
2.628486673341001278e+00
1.299051469568871076e+00
2.858011416143762862e+00
3.312438988770610937e+00
2.324778688216345923e+00
0.000000000000000000e+00
1.536184312638792626e+00
1.589267313575391638e+00
1.238050424186250442e+00
1.858758399765065406e+00
9.744042440231414082e-01
1.556555443843944619e+00
1.092996770676566198e+00
3.475081486744433956e+00
2.441493085607940650e+00
4.424250803496910245e-01
1.745068702623485457e+00
0.000000000000000000e+00
1.251831306791909793e+00
2.065762143887318825e+00
2.857869179086907074e+00
2.947655718280275394e+00
1.428333808622812340e+00
8.458967854494200411e-01
2.772554278649560722e+00
5.533725920048219171e-01
1.022631510711236924e+00
0.000000000000000000e+00
1.101937266747087918e+00
0.000000000000000000e+00
1.405579841424436038e+00
2.565829351968411665e+00
1.473703227234001822e+00
3.253822818633495206e+00
5.927467632738468994e-01
1.561639278851633117e+00
2.856778257560170786e+00
1.362647115127664232e+00
2.790693100375307711e-01
5.454318480278232961e-01
3.190859667903969132e+00
3.361341478779963587e+00
2.513058979038172325e+00
1.443570656474589597e+00
2.453888473906914225e+00
2.536052174642061119e-01
2.082156441615190090e+00
0.000000000000000000e+00
8.859838569611028225e-01
2.422110329658301531e+00
2.378054394442877140e+00
1.254307767735012735e+00
2.458376561124087090e+00
1.654704339281362957e+00
1.386527415414683162e+00
1.533993792210679219e+00
2.280874459199894400e+00
1.669311544923608448e+00
1.576090110429900104e+00
2.318100654592585741e+00
1.749918916462505303e+00
2.811628576606149288e+00
9.662416372018509669e-01
2.193986106195097985e-01
3.679115393800836548e-02
