# Ensemble D, m = 1000.0, lambda = [  3.60552961e-08  -2.41497792e-08   0.00000000e+00   3.65336467e-09]
1.146374819161810610e+00
0.000000000000000000e+00
8.618427043209304639e-01
2.036286550581760224e+00
0.000000000000000000e+00
6.129887335245343127e-01
7.479371736577236085e-01
4.131767257490133183e-01
4.990711786619726476e-01
2.095768665889290894e+00
2.886441892038404400e-01
0.000000000000000000e+00
1.433226365532197732e+00
2.858697326862034704e-01
2.195255238357398664e+00
0.000000000000000000e+00
1.594665134388526528e+00
2.265413642620225154e+00
2.011729112438681355e+00
6.305611614320011382e-02
1.164001005158199487e+00
1.369490874561147375e+00
3.817932756431002828e-01
9.544656752597684424e-01
0.000000000000000000e+00
1.061733467637288042e+00
2.505570638328235011e-01
4.533760546491357180e-01
1.433582717893126635e+00
3.007855339776690951e+00
5.279558329044767989e-02
4.052437386076653270e-01
0.000000000000000000e+00
1.515252764235394789e+00
2.507988729512965698e+00
2.026222321672219273e+00
2.286091941571244401e+00
1.436665229205950300e+00
1.808087618286770448e+00
1.719949782754826018e+00
1.160379384333052988e+00
0.000000000000000000e+00
1.387882964899361138e+00
0.000000000000000000e+00
6.538721222753617335e-01
3.036382952469059426e-01
0.000000000000000000e+00
0.000000000000000000e+00
0.000000000000000000e+00
1.337805589648696225e+00
1.491896978116679096e+00
7.538044462484315700e-01
1.354256853535720451e+00
5.457870211783841796e-01
9.306196484802317093e-01
1.415273764583122151e+00
6.287182421300991919e-01
3.760770043458713019e+00
0.000000000000000000e+00
0.000000000000000000e+00
0.000000000000000000e+00
1.626639255307914089e+00
0.000000000000000000e+00
0.000000000000000000e+00
0.000000000000000000e+00
1.196734485120533042e+00
9.609010291633831580e-01
1.234874790843288883e+00
2.615420132891138061e-01
3.145912296416487619e-01
1.062904925672247591e+00
2.027154309578437896e+00
0.000000000000000000e+00
4.964549570104346832e-01
1.149209088442704196e+00
0.000000000000000000e+00
0.000000000000000000e+00
1.030375226316433634e+00
0.000000000000000000e+00
9.188325151521752332e-01
2.944206031194288364e+00
1.767370709550344587e+00
1.979876419060918602e+00
9.924947668235979403e-01
6.098608673628994614e-01
1.697161948951820820e+00
1.798763846678947287e+00
6.761481018499705398e-01
1.777327449753290711e+00
2.249555862262250905e+00
1.390762561801662356e+00
1.165789550907021743e+00
7.824352341656197751e-01
1.221022697158297365e+00
1.335562889381732399e+00
0.000000000000000000e+00
1.012353258678318602e+00
1.200636695904677254e+00
0.000000000000000000e+00
0.000000000000000000e+00
