# Ensemble D, m = 1000.0, lambda = [  2.58584217e-08  -1.64916255e-08   0.00000000e+00   3.45514772e-09]
2.077941527558362811e+00
1.515254854870419665e+00
7.684022630196843950e-01
1.238828547404725366e+00
1.039938595177915204e+00
1.066056060137397177e+00
5.408975070072334912e-01
1.141570778436015399e+00
0.000000000000000000e+00
0.000000000000000000e+00
1.288395306824315079e-02
1.157832378056097983e-01
7.574243597103175185e-01
0.000000000000000000e+00
9.956299499122115218e-03
6.769043522575627359e-01
0.000000000000000000e+00
0.000000000000000000e+00
0.000000000000000000e+00
0.000000000000000000e+00
2.124636040759574573e+00
2.913843251702928350e-01
0.000000000000000000e+00
1.749869237216848672e-01
8.603712902239664118e-01
1.321119781758791412e+00
0.000000000000000000e+00
8.362942977778645703e-01
2.444012819248164436e-01
0.000000000000000000e+00
1.724514881691981305e+00
1.940271871441252127e+00
9.969102371628569825e-01
4.723170609751691229e-01
2.415919215629546812e+00
7.541013723090661536e-01
7.166140722755117709e-01
7.295131402043268931e-01
2.768853105927144398e+00
1.391786255412953199e+00
0.000000000000000000e+00
0.000000000000000000e+00
2.196619537011170298e+00
5.796186023511759045e-01
2.445095297469374318e-01
8.410561635574306250e-01
1.386745745616891012e+00
6.900046738310433581e-01
0.000000000000000000e+00
7.699138381090331329e-01
1.706887455038559098e+00
1.214803604555493743e+00
0.000000000000000000e+00
0.000000000000000000e+00
0.000000000000000000e+00
1.973122902929278721e+00
4.678510763338056822e-01
1.071088922747776007e+00
0.000000000000000000e+00
3.390487027393201735e+00
2.891658829702993927e+00
7.640550475099024963e-01
0.000000000000000000e+00
1.177730924383316502e+00
1.348964722402282934e+00
6.145567751233503850e-01
2.266579389892865226e+00
9.633536782503540064e-01
1.548597666999830813e-01
0.000000000000000000e+00
1.680832045619693460e+00
0.000000000000000000e+00
7.449529993278154461e-01
0.000000000000000000e+00
6.965868559353214362e-01
0.000000000000000000e+00
0.000000000000000000e+00
0.000000000000000000e+00
1.885389233923552288e+00
1.564486629667306838e-01
6.803135604278945925e-01
4.986609627598982963e-01
4.009852095643604009e-01
7.846416234372488585e-03
1.912118351977693642e+00
0.000000000000000000e+00
0.000000000000000000e+00
1.058772954527273935e+00
7.600399289302554873e-02
0.000000000000000000e+00
0.000000000000000000e+00
3.543965570455965830e-01
6.283318537232015499e-01
0.000000000000000000e+00
8.654764236749334927e-01
1.151920020323651261e+00
0.000000000000000000e+00
1.263010386781559857e+00
5.064166266727999632e-01
4.882813342078516916e-01
