# Ensemble D, m = 1000.0, lambda = [  1.86779535e-08  -1.52145488e-08   0.00000000e+00   3.18758836e-09]
1.267243883153787110e+00
6.176047128788522134e-01
8.277248596998248650e-03
5.185529849939373159e-01
1.388252277639508980e-01
0.000000000000000000e+00
1.527509429389718454e+00
2.373322195411909641e-01
0.000000000000000000e+00
0.000000000000000000e+00
4.787428184304920974e-03
0.000000000000000000e+00
0.000000000000000000e+00
1.549230644777519535e-03
2.350652832505727208e+00
8.519295245938043326e-01
0.000000000000000000e+00
0.000000000000000000e+00
0.000000000000000000e+00
1.160027274370131423e+00
0.000000000000000000e+00
0.000000000000000000e+00
2.239527969919646200e+00
1.865379799320887377e+00
0.000000000000000000e+00
1.080855307092537076e+00
0.000000000000000000e+00
0.000000000000000000e+00
0.000000000000000000e+00
1.347229228218520536e+00
0.000000000000000000e+00
1.075341713194825521e+00
0.000000000000000000e+00
3.040157467942314895e+00
0.000000000000000000e+00
3.256726340804154129e-01
1.269043611299300878e+00
1.284005119153356800e+00
1.165554495130716184e+00
0.000000000000000000e+00
1.977308776870844831e+00
0.000000000000000000e+00
1.746623499633151777e+00
2.935184218912025630e-03
0.000000000000000000e+00
0.000000000000000000e+00
0.000000000000000000e+00
1.666068301698117704e+00
2.029540497492239304e+00
4.335251217498031773e-02
1.446722676869081514e+00
4.839546124556029505e-01
2.168828653753226199e+00
5.365650257234032550e-01
7.296782852231319394e-01
1.309612793143415166e+00
0.000000000000000000e+00
1.568744135166339371e+00
0.000000000000000000e+00
4.812543766049432459e-01
1.224520378623844108e+00
0.000000000000000000e+00
0.000000000000000000e+00
2.612724135408981851e+00
0.000000000000000000e+00
2.248376425012041491e+00
2.047851728691107098e+00
0.000000000000000000e+00
0.000000000000000000e+00
0.000000000000000000e+00
1.192146442552094676e+00
9.852144439609772375e-01
1.580478006603538987e-01
1.871970169611826551e-01
9.795818189500259399e-01
2.025242257371184351e+00
0.000000000000000000e+00
1.730789855184018844e+00
0.000000000000000000e+00
1.259606025740755975e+00
0.000000000000000000e+00
1.193031599812599097e+00
0.000000000000000000e+00
0.000000000000000000e+00
2.304793827402963569e+00
0.000000000000000000e+00
0.000000000000000000e+00
1.534059109614706484e+00
0.000000000000000000e+00
1.673891263051485501e+00
7.682002598121587811e-01
0.000000000000000000e+00
3.284486657033478529e-01
1.534957829710702049e+00
0.000000000000000000e+00
9.488799811949366614e-02
1.872451264692037709e+00
2.141506437426801135e-01
5.405377015385893352e-03
2.782020736107458370e-01
