# Ensemble D, m = 1000.0, c_n/c_p = 0.896774193548, f = -0.944285714286
# lambda = [  1.16261075e-08  -9.84511643e-09   0.00000000e+00   3.43147440e-09]
#  
1.529160207993692788e-01
6.890131355487253417e-01
0.000000000000000000e+00
8.423905836731372387e-01
0.000000000000000000e+00
4.671836072476028834e-01
1.025921066669575277e+00
1.662593189341944999e+00
4.435488209649188773e-01
1.266006498373343447e+00
1.110680724684353970e+00
0.000000000000000000e+00
0.000000000000000000e+00
0.000000000000000000e+00
9.556669132293432734e-01
1.490879527521188130e+00
7.510940510147646743e-01
2.660882002107438082e-01
8.462537723105032494e-01
0.000000000000000000e+00
1.137496060227221939e+00
2.119026549897795597e+00
0.000000000000000000e+00
0.000000000000000000e+00
7.802003146351818019e-01
0.000000000000000000e+00
1.507199530291426726e+00
0.000000000000000000e+00
2.097654384946806561e-01
1.929435857082987704e+00
3.762707318156529590e-01
1.015058331437012962e+00
1.115583061134252513e-01
1.144270094401939719e+00
1.143124360189808009e+00
0.000000000000000000e+00
0.000000000000000000e+00
2.077015764084396976e-01
5.598065312919231484e-03
0.000000000000000000e+00
0.000000000000000000e+00
0.000000000000000000e+00
4.395549924241159423e-01
2.722145541642915223e+00
0.000000000000000000e+00
0.000000000000000000e+00
8.172261237621319951e-01
1.222600146807949706e+00
7.973653971071448243e-01
1.080012323166081867e+00
1.562498779594420961e+00
0.000000000000000000e+00
0.000000000000000000e+00
2.557981135998634858e+00
9.208218870256319466e-01
0.000000000000000000e+00
2.144566005212864557e+00
0.000000000000000000e+00
7.827600912403795963e-01
1.177189102647760777e+00
2.683864482677457697e-01
2.522373295446897479e-01
0.000000000000000000e+00
7.176086380941747687e-03
8.418943817737625790e-02
0.000000000000000000e+00
3.527353126262688376e-01
0.000000000000000000e+00
9.531631626174856819e-01
2.245914364064048208e+00
1.200161365152922821e+00
3.614515960793276417e-01
0.000000000000000000e+00
5.790012884719710762e-01
8.504425659856507114e-01
9.691406581735516612e-01
7.389094100350819261e-01
0.000000000000000000e+00
3.477128256811807816e-01
0.000000000000000000e+00
4.487389493520043127e-01
0.000000000000000000e+00
2.252463701041903799e-01
6.535873775833282995e-01
0.000000000000000000e+00
0.000000000000000000e+00
0.000000000000000000e+00
5.724587126757962885e-01
5.430612702681286708e-01
0.000000000000000000e+00
0.000000000000000000e+00
0.000000000000000000e+00
0.000000000000000000e+00
5.952239503312633552e-03
9.000139361307351758e-04
4.545542352704400879e-01
1.273292635632477632e+00
0.000000000000000000e+00
0.000000000000000000e+00
1.492209033829117626e+00
