# Ensemble D, m = 1000.0, c_n/c_p = 0.677419354839, f = -0.981739130435
# lambda = [  2.85790873e-08  -1.90064959e-08   0.00000000e+00   3.68289999e-09]
#  
0.000000000000000000e+00
0.000000000000000000e+00
5.320264527174644043e-01
9.542832661854174781e-01
4.006736792481460641e-01
0.000000000000000000e+00
5.222010031051086409e-01
1.363519783310515265e+00
1.770533240401044761e+00
8.539238479557460515e-01
0.000000000000000000e+00
0.000000000000000000e+00
2.716817080216520797e+00
2.088554233206673938e-01
4.779978699579284784e-01
2.912649881603866397e+00
1.544231707146555443e+00
9.371666976477478483e-01
1.676716673946533120e+00
1.522849087098439691e+00
0.000000000000000000e+00
0.000000000000000000e+00
1.807040012847376254e+00
0.000000000000000000e+00
0.000000000000000000e+00
7.321732604851892701e-01
0.000000000000000000e+00
0.000000000000000000e+00
8.726085012063538038e-01
1.418155851162522074e+00
3.288331675036978652e+00
3.767522994154899330e-01
1.977445491001626587e+00
3.186042114796923119e+00
1.447477924732928356e+00
1.145357037690678315e+00
1.626696157571265289e+00
0.000000000000000000e+00
1.904678991823030909e+00
2.188050580797822775e+00
0.000000000000000000e+00
1.249448745601277722e+00
1.340116091322850700e+00
2.527894779980561335e+00
8.467854913192929267e-01
0.000000000000000000e+00
2.761175707124706058e+00
2.580958366897073919e+00
1.215786102890357157e+00
2.261548771181943529e+00
8.890206622561627192e-01
2.281355681677651681e+00
1.942253919191257561e+00
0.000000000000000000e+00
1.238079587463769338e+00
1.888856147634691673e+00
0.000000000000000000e+00
7.231442672850878495e-01
0.000000000000000000e+00
1.394257299047220844e+00
2.733259727178980469e-01
8.065465418889837812e-01
3.484676194527378534e-01
1.774560165007187829e+00
2.041663239727750934e-01
0.000000000000000000e+00
4.985089768932350340e-01
0.000000000000000000e+00
1.604161343852486432e+00
1.569133493201427809e+00
1.758642904100500837e-01
2.130608103395043695e+00
0.000000000000000000e+00
2.049711900920264451e+00
6.072318377872258921e-01
2.496224128269160791e-01
0.000000000000000000e+00
2.173552986243944274e-01
2.288847716896606155e+00
5.050756976024994849e-01
1.207863468163094867e+00
2.049166760549120947e-01
5.166295689099239530e-01
5.580100694898804808e-02
6.834071534372462287e-01
2.620148928083485540e+00
0.000000000000000000e+00
1.754193920962178854e+00
8.310746563482316329e-01
2.119212176974117678e+00
8.825762048530230164e-01
1.236053055728870920e+00
0.000000000000000000e+00
2.608517882060474302e-01
1.580149013344980924e+00
7.474436774208188528e-01
1.234248694938526736e+00
0.000000000000000000e+00
5.066716372672118718e-01
3.005233548655262155e+00
