# Ensemble D, m = 1000.0, c_n/c_p = 0.832258064516, f = -0.984347826087
# lambda = [  2.03279089e-08  -1.66532616e-08   0.00000000e+00   2.98158332e-09]
#  
1.395614959730041127e+00
1.588351049379671309e+00
1.105417023765890711e-01
0.000000000000000000e+00
1.488020797552859431e+00
4.325683534535587627e-01
1.035516715797572429e+00
7.428139729893570298e-01
4.406695005753871741e-02
0.000000000000000000e+00
2.506471908517405200e+00
1.033415859023229411e+00
0.000000000000000000e+00
0.000000000000000000e+00
1.188382235618553384e+00
5.492381951761891035e-01
5.317673037602386188e-01
1.823372943410018765e+00
0.000000000000000000e+00
2.295916644808715379e-02
2.130515765029768360e+00
0.000000000000000000e+00
4.733148070658931839e-01
0.000000000000000000e+00
2.180308325380921453e+00
1.247279221977417273e-02
5.023383482281663578e-03
1.575157271426999239e+00
0.000000000000000000e+00
0.000000000000000000e+00
0.000000000000000000e+00
2.288950337260669265e-01
2.127986016797239532e+00
2.389210508987531512e-01
0.000000000000000000e+00
5.717511869182290152e-01
0.000000000000000000e+00
1.122184219961400858e-02
3.725080956239603114e-01
1.184062756060130894e+00
1.800713093703983692e+00
4.222535189018659652e-01
0.000000000000000000e+00
1.409604065073104984e+00
4.772148822695365111e-01
1.013490201405746083e+00
1.655443418814735557e+00
0.000000000000000000e+00
1.798182807038771314e+00
8.845227410236211618e-01
1.197462698296312966e-02
0.000000000000000000e+00
1.349707440572249680e-02
0.000000000000000000e+00
8.887594633115702622e-03
2.857520776522155526e+00
0.000000000000000000e+00
6.598922908196824810e-01
3.261616507470692095e-01
0.000000000000000000e+00
1.362644704520675140e-02
1.305629222220314301e+00
2.160235486131606708e-01
1.956801657068963696e+00
1.331728878147338424e+00
6.961313953427997747e-01
1.178100566791877579e+00
6.269203728138494913e-01
1.913936628520010785e+00
4.910566755350139097e-03
1.715110601326986339e+00
0.000000000000000000e+00
1.634798110579463781e+00
7.574932737546186123e-01
1.163599449625331683e+00
0.000000000000000000e+00
1.944564821072073887e-02
5.348040949618488964e-03
1.883378138498724486e+00
9.237679393129255567e-02
1.726026098958668209e+00
7.753933451749922545e-01
1.681591010910323369e+00
2.264839922384542348e+00
2.265963430513852628e-01
0.000000000000000000e+00
1.991365900418685664e-01
6.365643060902115291e-01
0.000000000000000000e+00
1.407821415828943046e+00
2.760316011587832796e-01
0.000000000000000000e+00
0.000000000000000000e+00
0.000000000000000000e+00
1.794813619429629581e+00
1.708091609514190257e+00
1.928822611462823300e+00
9.708794399632708627e-01
8.945257363988232679e-01
4.882413154603308381e-01
