# Ensemble D, m = 1000.0, c_n/c_p = 0.741935483871, f = -0.973913043478
# lambda = [  2.25445736e-08  -1.62902725e-08   0.00000000e+00   3.79563011e-09]
#  
4.967442497765953702e-01
2.584344762643577820e+00
0.000000000000000000e+00
0.000000000000000000e+00
0.000000000000000000e+00
3.564210084898919439e-02
0.000000000000000000e+00
4.330284899356667827e-01
2.692120885059439139e-01
0.000000000000000000e+00
0.000000000000000000e+00
1.728844941777461175e+00
1.556263373330016020e-01
1.517571132086612540e+00
0.000000000000000000e+00
1.853672699217815689e-01
3.249430483455387764e-01
1.491262464329945692e+00
4.810385380446597914e-01
2.550319144061615528e+00
1.491146917399877037e+00
1.730902477638525394e-01
1.633909026943642651e-01
1.014318928816049063e-02
6.278159400871121676e-01
9.577967704589586129e-01
2.153405965779646089e-02
0.000000000000000000e+00
3.296751952135392738e+00
2.837297062146558121e-02
1.634537034258118360e-01
0.000000000000000000e+00
9.264372470478332566e-01
3.701890847923153816e-01
1.576664784445117873e-01
0.000000000000000000e+00
0.000000000000000000e+00
2.618475629142906144e-02
1.367221772241081473e-03
1.297404644901745119e+00
2.327885779019033263e-01
6.633512130863838951e-01
1.658399986157252093e-01
0.000000000000000000e+00
1.044828539232685261e+00
3.241062246414953552e-01
8.582432610136657702e-01
1.980230441073908443e+00
0.000000000000000000e+00
0.000000000000000000e+00
1.017633627780581002e-01
0.000000000000000000e+00
1.707213618594425997e+00
5.841239079044487081e-02
1.402535886813058574e-01
4.699700009198331530e-01
7.619721884774767195e-01
0.000000000000000000e+00
2.250908122947444800e-01
1.016013235005330140e+00
1.187596134540631621e-01
1.475084856161123170e+00
2.481912913279437152e-02
1.491287506961176623e+00
0.000000000000000000e+00
2.133195713968692731e-02
0.000000000000000000e+00
0.000000000000000000e+00
3.740638230592980840e-01
1.299326524339848188e+00
5.815762107266066877e-02
1.636089789635276626e+00
1.549696586767720596e+00
2.484742948792226347e+00
1.739928473466656911e+00
0.000000000000000000e+00
1.710272997143340357e+00
4.390429690971834331e-01
0.000000000000000000e+00
3.139487084947777951e-01
1.320577113466163910e+00
0.000000000000000000e+00
6.882348874762342916e-01
0.000000000000000000e+00
1.718848488392745733e+00
1.885220937908688860e-02
1.097730044154766882e-01
2.070938111911496404e-01
2.566496540458525377e+00
0.000000000000000000e+00
2.619356245527746513e-02
1.575954476432205764e+00
1.696272225796437549e+00
6.632620874810558620e-01
1.912574510168978836e+00
0.000000000000000000e+00
0.000000000000000000e+00
0.000000000000000000e+00
4.689018494364033951e-01
9.061000242468967292e-01
