# Ensemble D, m = 1000.0, lambda = [  1.69893023e-08  -1.37329737e-08   0.00000000e+00   3.36607148e-09]
1.028211721211431895e+00
0.000000000000000000e+00
2.548175120492884194e+00
6.042615949948090259e-01
1.265061190747609476e+00
2.021055965594888093e+00
2.469150485312788135e+00
5.383467096025427168e-01
4.048491616934705994e-03
0.000000000000000000e+00
0.000000000000000000e+00
0.000000000000000000e+00
1.448825635092986008e+00
9.705940958959299314e-01
1.299473778936415247e+00
0.000000000000000000e+00
0.000000000000000000e+00
5.021018752190703482e-01
1.487909542405265295e+00
1.614347832255666138e+00
2.835562951393241882e+00
1.310551878726571307e+00
1.041951431113143478e+00
8.054695782705012519e-01
0.000000000000000000e+00
0.000000000000000000e+00
1.417214680442257624e+00
9.533088034225852825e-01
1.251087416890302784e+00
0.000000000000000000e+00
6.663697492346615237e-01
1.819183095274569339e+00
0.000000000000000000e+00
2.764420544850858530e-01
7.767858491123896814e-01
1.384458240983828858e+00
3.520407752041108673e-01
0.000000000000000000e+00
0.000000000000000000e+00
3.125586580394778213e+00
8.039741786649986510e-01
0.000000000000000000e+00
0.000000000000000000e+00
0.000000000000000000e+00
2.005488542392748652e+00
1.465209116995615929e-02
2.713467261425731802e+00
1.286488944668374046e+00
0.000000000000000000e+00
1.615692246180375324e+00
1.738501664645652589e+00
1.047885127935675564e+00
3.977206338492449422e-01
0.000000000000000000e+00
1.507746826427549092e+00
0.000000000000000000e+00
1.571054763013697730e+00
0.000000000000000000e+00
1.766649388116150465e-01
1.629939803813042820e+00
0.000000000000000000e+00
1.861308240547624671e+00
8.581879236380197951e-02
0.000000000000000000e+00
2.006438828923928774e+00
0.000000000000000000e+00
0.000000000000000000e+00
2.165739788313275849e+00
0.000000000000000000e+00
0.000000000000000000e+00
1.984164936961933412e+00
0.000000000000000000e+00
2.176146138380693262e+00
2.940396093752791984e+00
1.320100539131103812e+00
5.968216614880741400e-01
0.000000000000000000e+00
0.000000000000000000e+00
0.000000000000000000e+00
8.817204132381041282e-01
1.934845437971522975e+00
1.304089114600192646e-02
0.000000000000000000e+00
2.456935414052609179e+00
0.000000000000000000e+00
7.255997129801312617e-01
0.000000000000000000e+00
2.123166089377135801e+00
0.000000000000000000e+00
1.367560274230507744e+00
1.259657675459317172e+00
8.058780280806638885e-01
1.331169225199034578e+00
0.000000000000000000e+00
2.850930951105984379e-01
1.368342929777396133e+00
1.093847048835139280e+00
1.773150874635777363e+00
1.625787430150869906e+00
1.639288593290269880e+00
