# Ensemble D, m = 1000.0, c_n/c_p = 0.703225806452, f = -0.94
# lambda = [  1.57261712e-08  -1.03955064e-08   0.00000000e+00   3.77306501e-09]
#  
1.435588655451238038e+00
0.000000000000000000e+00
1.260734220400475669e+00
2.719283736438202204e-01
1.121630494247904064e+00
6.106013055307575599e-02
0.000000000000000000e+00
1.631403269218746566e+00
1.640513711326875068e+00
7.039286523957326291e-02
0.000000000000000000e+00
0.000000000000000000e+00
1.571919995922617996e+00
1.417103651660502450e+00
2.338727963735989235e-01
2.668877431193479866e-01
1.494526690184361684e+00
1.401275452866106219e+00
0.000000000000000000e+00
1.079866989477720196e+00
4.233923851119154869e-02
2.906946756723668285e-02
1.442480186712582491e+00
4.674299761942414810e-01
0.000000000000000000e+00
4.993485187521231466e-02
0.000000000000000000e+00
4.258183055248201433e-03
0.000000000000000000e+00
5.065337708142851891e-01
1.430302531432579016e-01
5.359916408864856194e-03
3.740623604494637267e-01
0.000000000000000000e+00
1.729162191738196214e-02
1.069100104224776970e+00
1.005696688543315925e-01
1.118235179683922276e+00
1.357158548403289755e+00
7.377607745967206844e-03
0.000000000000000000e+00
0.000000000000000000e+00
7.618241227922379899e-01
2.240619194329628028e-03
2.521428028665009258e-01
1.488702391085692911e+00
0.000000000000000000e+00
2.201476136474662226e+00
1.511190753205558401e+00
1.994424239700000601e-01
1.026888513133993097e+00
1.997477174407880973e+00
1.240629229310058701e+00
7.004537832729582254e-03
1.098309778972315964e+00
7.358161834156233816e-01
0.000000000000000000e+00
7.227789466441982835e-01
1.268134285686121521e+00
0.000000000000000000e+00
1.646054832610790886e+00
0.000000000000000000e+00
0.000000000000000000e+00
0.000000000000000000e+00
0.000000000000000000e+00
0.000000000000000000e+00
0.000000000000000000e+00
1.202618977343811624e+00
0.000000000000000000e+00
0.000000000000000000e+00
2.071577626922950888e+00
1.926887458700886180e+00
1.855776109515366645e+00
1.272553524169208305e+00
0.000000000000000000e+00
7.274314408240483143e-01
0.000000000000000000e+00
0.000000000000000000e+00
0.000000000000000000e+00
0.000000000000000000e+00
1.996241592960528166e+00
0.000000000000000000e+00
1.651060999708647836e+00
0.000000000000000000e+00
0.000000000000000000e+00
1.649962409920928463e+00
0.000000000000000000e+00
5.780538110583383765e-02
1.584989049776347914e+00
0.000000000000000000e+00
2.090820226637363444e+00
1.419027212558823248e-01
0.000000000000000000e+00
2.824778667835050605e-01
0.000000000000000000e+00
1.596992684646684868e+00
1.137854515791561910e-01
3.759216841560326650e-01
1.247266925722757103e+00
3.273060808480467432e-01
