# Ensemble D, m = 1000.0, c_n/c_p = 0.987096774194, f = -0.952857142857
# lambda = [  9.98025581e-09  -9.38705148e-09   0.00000000e+00   2.98912855e-09]
#  
0.000000000000000000e+00
1.084299071297263994e+00
0.000000000000000000e+00
0.000000000000000000e+00
0.000000000000000000e+00
1.030007352076585558e+00
1.223466897791011920e+00
7.893770674642192064e-01
0.000000000000000000e+00
5.164473366078821126e-01
9.974400650238035571e-01
2.756878295839313986e-01
0.000000000000000000e+00
3.764410310669214499e-01
0.000000000000000000e+00
1.010101252288058804e+00
8.580748350326333068e-03
1.365817850649516940e-01
3.178921619775809670e-01
0.000000000000000000e+00
5.601710945063480551e-01
7.356907300550188378e-01
2.667574020936423762e-02
6.740963653964600344e-02
1.371092898107567404e+00
0.000000000000000000e+00
1.536501255333155180e+00
0.000000000000000000e+00
0.000000000000000000e+00
1.237019158520618056e+00
1.031958103965086027e+00
4.926279430394797697e-04
3.318607978507169820e-01
6.394087119731123314e-01
5.512045828313195672e-01
0.000000000000000000e+00
0.000000000000000000e+00
2.731566578132355039e-02
0.000000000000000000e+00
4.876042812209708255e-01
0.000000000000000000e+00
0.000000000000000000e+00
1.785660706837457687e-02
0.000000000000000000e+00
4.163900469336916099e-02
1.144636341742810037e+00
0.000000000000000000e+00
7.885428179089289946e-01
7.445867640313215130e-01
0.000000000000000000e+00
0.000000000000000000e+00
5.247375304732804224e-01
5.967445557767598642e-03
0.000000000000000000e+00
0.000000000000000000e+00
4.612203600022392602e-01
1.555333174931794238e+00
1.553405250211469801e-01
0.000000000000000000e+00
0.000000000000000000e+00
0.000000000000000000e+00
3.053024524773306769e-01
0.000000000000000000e+00
9.914440156408237115e-02
0.000000000000000000e+00
1.245589573651201487e+00
0.000000000000000000e+00
0.000000000000000000e+00
1.787381726302742641e-02
0.000000000000000000e+00
0.000000000000000000e+00
6.560896457880690535e-01
0.000000000000000000e+00
2.772860941296825255e-01
0.000000000000000000e+00
0.000000000000000000e+00
0.000000000000000000e+00
0.000000000000000000e+00
1.713313588302187163e-01
7.499080849077190969e-01
7.144776679767544936e-01
0.000000000000000000e+00
9.199235128805546280e-01
0.000000000000000000e+00
5.277412983933695845e-01
0.000000000000000000e+00
0.000000000000000000e+00
4.408663749244995933e-01
0.000000000000000000e+00
0.000000000000000000e+00
0.000000000000000000e+00
5.585560969353515690e-03
0.000000000000000000e+00
0.000000000000000000e+00
4.626684316607292957e-01
9.293576758074771904e-01
0.000000000000000000e+00
4.360038894558238565e-01
5.556759480196100665e-01
5.730559689640584153e-01
