# Ensemble D, m = 1000.0, lambda = [  1.73670439e-08  -1.30345667e-08   0.00000000e+00   3.72905410e-09]
1.810134662396458149e-01
4.146509274863967032e-01
1.478909060798098807e+00
1.817413117448692716e+00
0.000000000000000000e+00
3.554242312729510300e-01
1.155472518226845491e+00
6.033972659317329290e-01
1.256939099180243602e+00
2.051867514877007359e+00
1.540786997562260119e+00
1.529598039933521170e+00
0.000000000000000000e+00
1.268557268976485464e+00
0.000000000000000000e+00
1.780730783671682360e+00
2.110423733421039838e+00
1.108759257555413935e+00
1.777842773236754992e+00
7.775800592229858976e-01
6.674506408677721714e-01
9.248900749247586095e-01
0.000000000000000000e+00
8.815207093676787897e-01
5.222706762770031874e-01
9.577244126816192304e-01
3.533870160137231875e-01
0.000000000000000000e+00
0.000000000000000000e+00
1.464552594057230817e+00
0.000000000000000000e+00
8.937597972236790422e-01
5.962052022129308293e-01
0.000000000000000000e+00
1.483421121940748655e-01
1.567247033176739412e+00
7.604975900233563735e-01
7.251773724768852958e-01
2.356046306513635447e+00
0.000000000000000000e+00
9.411041227143696064e-01
0.000000000000000000e+00
1.469117128948257855e+00
2.707086782477177711e-01
1.329531880721163795e+00
1.113666585172867318e+00
0.000000000000000000e+00
9.441851846026443340e-01
0.000000000000000000e+00
0.000000000000000000e+00
4.259109992251953747e-01
1.402901780199710124e+00
0.000000000000000000e+00
4.935419263719424410e-01
0.000000000000000000e+00
0.000000000000000000e+00
0.000000000000000000e+00
2.823550592139984161e+00
0.000000000000000000e+00
0.000000000000000000e+00
4.012363692520146130e-02
4.866822176181796744e-02
4.128728114428711349e-01
4.913678312423379602e-01
0.000000000000000000e+00
1.125062030902685528e+00
8.690096918449539132e-01
4.742689384894941962e-01
7.751838961538151107e-01
6.467665177420164335e-01
1.836111093350671020e+00
1.684850660587202009e+00
5.304110568047158969e-01
0.000000000000000000e+00
4.905677549312639218e-01
2.556356616457933217e-01
0.000000000000000000e+00
1.016256728468560994e-01
0.000000000000000000e+00
3.363639594116983877e-01
1.835726048091906204e+00
0.000000000000000000e+00
0.000000000000000000e+00
1.303700944480372659e+00
0.000000000000000000e+00
0.000000000000000000e+00
0.000000000000000000e+00
0.000000000000000000e+00
0.000000000000000000e+00
0.000000000000000000e+00
0.000000000000000000e+00
1.249494043257735942e+00
0.000000000000000000e+00
0.000000000000000000e+00
0.000000000000000000e+00
4.717967706336337330e-01
1.038770267995241109e-01
2.390048302952586246e-01
0.000000000000000000e+00
8.854316308085571352e-01
