# Ensemble D, m = 1000.0, c_n/c_p = 1.0, f = -0.944285714286
# lambda = [  9.35170971e-09  -8.83068589e-09   0.00000000e+00   3.07789885e-09]
#  
6.206497029236692775e-01
2.796954708614540208e-01
7.333755381451467770e-01
0.000000000000000000e+00
0.000000000000000000e+00
0.000000000000000000e+00
9.955647158161646804e-01
2.777988622052341983e-01
0.000000000000000000e+00
0.000000000000000000e+00
0.000000000000000000e+00
3.756518799991634405e-01
6.156645630400989222e-02
0.000000000000000000e+00
9.428228008902400648e-01
0.000000000000000000e+00
0.000000000000000000e+00
0.000000000000000000e+00
5.032807865755009047e-01
2.879350262417723280e-02
8.220957450003236744e-01
0.000000000000000000e+00
0.000000000000000000e+00
9.489428036456054594e-01
1.051378525856713070e-02
3.912539263744279072e-01
3.018076474765329364e-01
3.114552258875387669e-01
1.594317411982543731e-01
0.000000000000000000e+00
3.953407848846936246e-03
0.000000000000000000e+00
2.906809031477786687e-01
1.543058125377982925e-01
1.621879521308927652e-02
1.114779564414628776e+00
0.000000000000000000e+00
0.000000000000000000e+00
0.000000000000000000e+00
9.747790901192511237e-01
4.218743008348678214e-01
0.000000000000000000e+00
0.000000000000000000e+00
0.000000000000000000e+00
1.639379461761451218e+00
0.000000000000000000e+00
1.271534952094505844e+00
1.604163182456128448e-02
0.000000000000000000e+00
0.000000000000000000e+00
0.000000000000000000e+00
6.785669111895921146e-01
9.946210825975354552e-01
9.877128438201553395e-01
0.000000000000000000e+00
0.000000000000000000e+00
0.000000000000000000e+00
0.000000000000000000e+00
6.277842948579680504e-01
1.003357075380931107e+00
1.065719981466769911e-01
8.723625215161426860e-01
0.000000000000000000e+00
0.000000000000000000e+00
4.028385894505253639e-01
1.037238704076414234e-02
3.850791642830477812e-01
0.000000000000000000e+00
0.000000000000000000e+00
1.006272228213464515e-01
0.000000000000000000e+00
0.000000000000000000e+00
5.689568006158353120e-01
0.000000000000000000e+00
0.000000000000000000e+00
5.364241625110606204e-01
0.000000000000000000e+00
3.798728708725211400e-01
0.000000000000000000e+00
0.000000000000000000e+00
1.192348449301673829e+00
0.000000000000000000e+00
0.000000000000000000e+00
0.000000000000000000e+00
7.215862846219714966e-01
0.000000000000000000e+00
1.627931007622116288e+00
0.000000000000000000e+00
3.208731022117672915e-01
0.000000000000000000e+00
0.000000000000000000e+00
2.077889595864899075e+00
2.430922745580707200e+00
1.924166465005706428e+00
1.496124249584270260e-01
1.673571296493554794e-02
0.000000000000000000e+00
7.195008768857255044e-01
0.000000000000000000e+00
0.000000000000000000e+00
