# Ensemble D, m = 1000.0, c_n/c_p = 0.741935483871, f = -0.986956521739
# lambda = [  3.10062575e-08  -2.27045821e-08   0.00000000e+00   3.70344912e-09]
#  
2.234302935308112747e+00
2.869152924238916214e+00
1.435540180288000789e+00
1.993522511471302217e+00
4.037148853976568752e+00
1.261928995923413677e+00
1.977767677945027947e+00
1.143519736664524000e+00
1.718220245349505682e+00
1.641350564201336182e+00
2.247319649486566373e+00
2.229893341203173396e+00
6.589250089147961897e-02
3.510802644455557786e+00
2.385250257799316209e+00
2.067768210125511708e+00
3.028547848031459822e+00
7.034618087366839578e-01
1.940536660437542638e-01
5.985149509195201167e-01
0.000000000000000000e+00
1.382510336595955014e+00
8.317792165944106753e-01
2.640227035768153652e+00
3.589154992800661637e-01
3.165648912470306886e+00
2.433710090355223343e+00
2.703955065398969904e+00
6.831409378758472595e-02
1.164173364322856674e+00
8.169725908161056260e-01
1.022945693218095364e+00
1.466339480053435729e+00
1.341389066253140805e-01
2.031202193431784764e+00
2.295858018226173858e+00
2.168765200147553251e-01
3.857609510950983922e-01
1.785855235969842525e+00
0.000000000000000000e+00
4.375389524624472282e-01
0.000000000000000000e+00
2.006583297429735069e+00
3.588362172354956137e+00
1.292548434474948049e+00
0.000000000000000000e+00
1.538021719250415136e-02
1.041108719448472497e+00
8.030145915950683833e-01
1.222362649652626754e+00
2.438109372885844728e+00
1.150615609752504653e+00
1.283287761388420822e+00
2.283491205661285495e+00
2.414266797133239439e+00
3.267400324452769844e+00
2.119926346407481788e+00
2.155396408351501591e+00
1.335877162746504712e-02
3.600815750596165099e+00
2.085394375744278328e+00
4.229452321669246118e+00
3.822628711712564020e-02
3.225378122051428598e+00
1.528383038545851669e+00
1.587763696115618073e+00
1.414282058804566589e+00
8.933849210130002660e-01
2.954003054193349076e+00
0.000000000000000000e+00
8.577551236217735298e-01
9.266000134609223560e-01
1.007075881877017576e+00
0.000000000000000000e+00
1.410093905617817889e+00
2.994661205428761352e+00
2.953893443656428808e+00
1.220685848596626766e+00
2.930632577890341511e-02
4.785635754012000476e+00
2.311238666343122805e+00
5.140136578987383187e-01
1.848764613458657280e+00
1.021795402323478541e+00
8.488123927755008014e-01
2.226699376292633481e+00
2.489822442251355739e+00
1.490692344219844312e+00
1.095534487613943009e+00
2.744833453012635260e+00
8.040622797055723137e-01
2.191586400044473582e+00
2.152335731226707738e-01
1.703279006865680456e+00
9.732757954514295040e-01
1.272423662757154461e-01
0.000000000000000000e+00
1.514055060173996825e+00
2.959285374093926890e+00
1.245680554267631024e+00
