# Ensemble D, m = 1000.0, lambda = [  1.57071095e-08  -1.33383761e-08   0.00000000e+00   3.03984819e-09]
1.331454855561643891e+00
9.203600264215776594e-01
0.000000000000000000e+00
0.000000000000000000e+00
7.827996582072559439e-01
1.908301355789927989e+00
6.849735881652710967e-01
0.000000000000000000e+00
0.000000000000000000e+00
0.000000000000000000e+00
8.029260642393915015e-01
4.692342518583166380e-03
0.000000000000000000e+00
6.399730688163078884e-01
0.000000000000000000e+00
0.000000000000000000e+00
1.334063233282935412e+00
0.000000000000000000e+00
0.000000000000000000e+00
0.000000000000000000e+00
8.614329387039896258e-01
0.000000000000000000e+00
1.661191011126009975e+00
0.000000000000000000e+00
0.000000000000000000e+00
2.138840384959801000e+00
1.512673217129914649e+00
0.000000000000000000e+00
1.132168526942330632e-02
9.640964142238329648e-01
1.482653255455164132e+00
0.000000000000000000e+00
0.000000000000000000e+00
1.372552984116936603e+00
7.183678597154505852e-01
0.000000000000000000e+00
1.119712492434357554e+00
0.000000000000000000e+00
5.891569845617744550e-01
5.755111410212534473e-01
9.023378746576972143e-01
1.391584995076814435e+00
2.725112565025288869e-01
5.315110928322637207e-01
0.000000000000000000e+00
0.000000000000000000e+00
0.000000000000000000e+00
1.896348231616792890e-01
0.000000000000000000e+00
0.000000000000000000e+00
0.000000000000000000e+00
2.440839008235858310e-01
1.076978712853341236e+00
2.252937686941664186e+00
9.725983539460213434e-01
1.042685608103388395e+00
0.000000000000000000e+00
1.605166407437631060e+00
0.000000000000000000e+00
8.493288800756791934e-01
0.000000000000000000e+00
6.824736917178154672e-01
9.605453089851820891e-01
2.313679956239544477e+00
2.952203723003146152e-01
0.000000000000000000e+00
1.194197064744772607e+00
2.186998354668647226e-01
2.055349608595454652e-02
1.745157624835867116e+00
1.301873960126204821e+00
1.793154335697420887e+00
0.000000000000000000e+00
0.000000000000000000e+00
3.089552353317043809e-01
1.221181907662266308e+00
1.327921883104832002e-01
0.000000000000000000e+00
3.245762887614097592e-01
0.000000000000000000e+00
0.000000000000000000e+00
0.000000000000000000e+00
6.000225787740138816e-01
6.796308772024324263e-01
2.890653514927574275e+00
0.000000000000000000e+00
2.558625837033770445e+00
1.472236765404037584e+00
0.000000000000000000e+00
1.395647281838562626e-01
4.397861926929512721e-01
0.000000000000000000e+00
0.000000000000000000e+00
1.275524119252471333e+00
0.000000000000000000e+00
1.593896896513628425e+00
0.000000000000000000e+00
0.000000000000000000e+00
0.000000000000000000e+00
0.000000000000000000e+00
