# Ensemble D, m = 1000.0, lambda = [  3.64559867e-08  -2.48832689e-08   0.00000000e+00   3.76432658e-09]
1.471893163810431560e+00
1.685276218405221682e+00
1.868685738319945777e+00
8.053682642602053021e-02
9.437233370205320160e-01
0.000000000000000000e+00
2.005891982315040956e+00
1.293953523068592792e+00
1.541278505445983660e+00
1.890474266401375170e+00
0.000000000000000000e+00
1.489429533897057567e+00
4.032825749929135895e-01
1.395729750591810703e+00
0.000000000000000000e+00
1.839499654201262935e+00
8.135148098588282917e-01
1.118877111322592821e+00
2.856669756952629591e+00
4.334044417749063349e-01
8.803457505622287460e-01
1.207762216115843223e+00
1.419484927771826666e+00
1.269363345703586887e+00
1.218334949914078535e+00
1.816083482275517635e+00
8.662447838416554857e-01
1.260248268866928978e+00
1.133567269609830896e-01
3.987226280549202029e-01
0.000000000000000000e+00
1.663610393252395570e+00
1.464772658167603492e+00
1.751811900608817030e-02
0.000000000000000000e+00
2.134079274310995533e+00
1.180905981039522601e+00
1.379368002224211853e+00
9.687577105657041443e-01
8.586910835258340091e-01
0.000000000000000000e+00
7.734537076501032393e-01
0.000000000000000000e+00
1.274191031330952573e+00
7.186920888432586363e-01
1.508326827057037356e+00
2.116348237494249052e+00
4.625061733973552247e-01
3.045995428838200514e+00
1.471234740385599649e+00
0.000000000000000000e+00
0.000000000000000000e+00
2.399368561252845478e+00
1.736744059428874110e+00
1.093513897823582104e+00
7.874633925311632643e-01
0.000000000000000000e+00
1.301847826373888628e+00
1.539138930182890608e+00
1.504990676762852919e+00
1.577978872324671822e-01
1.972998296510915628e+00
0.000000000000000000e+00
0.000000000000000000e+00
3.561303300617165157e-01
0.000000000000000000e+00
9.218406819130703367e-01
2.182037649112760214e+00
1.698798697438529404e+00
2.248747255647368437e+00
8.738665656673728632e-01
0.000000000000000000e+00
2.174633131312405432e+00
5.270828258560499302e-01
5.224879245281176532e-01
0.000000000000000000e+00
1.388707791314286899e+00
3.419518891001482430e+00
1.508932690027018353e+00
7.782490737479281773e-01
8.876766157366096088e-01
1.442498268207883239e-01
1.050528787086255633e+00
5.734647777247241507e-01
0.000000000000000000e+00
0.000000000000000000e+00
7.529182079855468723e-01
1.560401347703398889e+00
1.090995564891143799e+00
4.379622368369790464e-01
0.000000000000000000e+00
3.879123144463662021e-01
1.585096665013456363e+00
1.488935276898148086e+00
1.404351884972870716e-02
5.423355608525540772e-01
1.697734515359408114e+00
2.117680076406524226e+00
1.820179452885951177e+00
0.000000000000000000e+00
