# Ensemble D, m = 1000.0, c_n/c_p = 0.845161290323, f = -0.975217391304
# lambda = [  1.70969582e-08  -1.40915863e-08   0.00000000e+00   3.19697624e-09]
#  
1.274896266104877274e+00
1.015283024909016563e+00
6.907552750871850389e-01
0.000000000000000000e+00
0.000000000000000000e+00
0.000000000000000000e+00
2.074226665860213537e+00
1.131041838522908627e+00
0.000000000000000000e+00
0.000000000000000000e+00
0.000000000000000000e+00
1.084488247891783885e+00
2.655443663765296947e+00
1.094473436248450726e+00
0.000000000000000000e+00
2.932477932336247650e-01
4.417715864085245414e-01
1.154672838877237179e-01
2.407776745794152351e+00
5.370522056845338302e-03
0.000000000000000000e+00
1.773638816857688871e-01
0.000000000000000000e+00
0.000000000000000000e+00
0.000000000000000000e+00
0.000000000000000000e+00
1.165619598628283793e+00
1.139645484691260112e-02
1.431753534043188170e+00
0.000000000000000000e+00
1.224545541773394364e+00
0.000000000000000000e+00
5.621006960944203712e-01
1.384041515101284592e+00
2.267462170629225948e+00
0.000000000000000000e+00
1.098332912851601312e-01
2.371749695493102994e+00
0.000000000000000000e+00
0.000000000000000000e+00
0.000000000000000000e+00
1.219885198037980345e+00
2.201874022553140353e+00
7.308786954156175630e-01
0.000000000000000000e+00
1.570031192199785042e-01
1.682439136039121652e-01
0.000000000000000000e+00
1.930753667074321500e+00
0.000000000000000000e+00
1.049304015649824340e+00
7.698234773819976340e-01
1.311802720463525862e+00
1.307224577034757473e+00
0.000000000000000000e+00
2.028615789649654833e+00
0.000000000000000000e+00
1.089293701037824968e+00
1.963510666879050015e-01
0.000000000000000000e+00
3.100248687811789639e-01
0.000000000000000000e+00
3.747968590800112021e-01
1.732688231694556658e+00
0.000000000000000000e+00
0.000000000000000000e+00
3.257040000323536688e+00
4.633173843392414115e-01
1.454877168502015650e+00
9.655989061451016042e-02
7.330578575558596155e-01
5.947666894840197838e-02
5.143743763472908848e-01
0.000000000000000000e+00
0.000000000000000000e+00
3.349589284438307946e-01
5.828849470422721446e-02
0.000000000000000000e+00
2.395338780945854007e-01
1.498566617694467064e-02
0.000000000000000000e+00
1.135550352219085735e+00
2.679006203707254841e+00
6.664545088877353862e-01
1.293278498973221335e+00
1.488422222593473787e+00
7.554795816704008675e-03
9.946743110634862495e-01
0.000000000000000000e+00
0.000000000000000000e+00
0.000000000000000000e+00
4.050812750594601219e-01
0.000000000000000000e+00
1.567378776647594327e-02
6.837485276721143590e-01
2.667677474301542340e+00
3.714287853717031518e-01
0.000000000000000000e+00
9.030427918593915138e-01
5.207892124355505414e-01
