# Ensemble D, m = 1000.0, lambda = [  1.35735575e-08  -1.24597595e-08   0.00000000e+00   2.44737358e-09]
1.237048079375156151e+00
0.000000000000000000e+00
0.000000000000000000e+00
0.000000000000000000e+00
4.509401331243510606e-03
3.562375262993233704e-01
9.374136898265825746e-01
1.923608997095924700e+00
3.328633085494653310e-01
2.006862581901150966e-01
1.163674510866191003e+00
0.000000000000000000e+00
1.315784529466129893e+00
0.000000000000000000e+00
0.000000000000000000e+00
1.735037730386260080e+00
0.000000000000000000e+00
1.693429647811951266e+00
3.510629411669699551e-01
0.000000000000000000e+00
0.000000000000000000e+00
4.364843480856379077e-01
0.000000000000000000e+00
0.000000000000000000e+00
9.206812866180008603e-01
0.000000000000000000e+00
1.668038584766947940e-01
2.203222452387632313e-01
1.079156682241937393e+00
9.419945685680072497e-03
0.000000000000000000e+00
0.000000000000000000e+00
2.135028793560848293e+00
0.000000000000000000e+00
0.000000000000000000e+00
0.000000000000000000e+00
0.000000000000000000e+00
0.000000000000000000e+00
7.291608281949953918e-01
0.000000000000000000e+00
7.840884505678650251e-01
1.687831584831666287e+00
0.000000000000000000e+00
0.000000000000000000e+00
1.246128751060985307e-01
0.000000000000000000e+00
0.000000000000000000e+00
6.034172784575896342e-01
0.000000000000000000e+00
5.973621086786794487e-01
0.000000000000000000e+00
0.000000000000000000e+00
7.843649082247404758e-01
0.000000000000000000e+00
2.075898399283405915e+00
1.146523930250469003e-02
0.000000000000000000e+00
0.000000000000000000e+00
0.000000000000000000e+00
0.000000000000000000e+00
6.965186518318379205e-01
0.000000000000000000e+00
0.000000000000000000e+00
0.000000000000000000e+00
6.711309844854368434e-01
2.106846038940476618e+00
1.572505201997218105e+00
1.502556241087135425e-01
0.000000000000000000e+00
0.000000000000000000e+00
0.000000000000000000e+00
4.249436824644070021e-01
8.314832034160744012e-01
1.915484620229678026e+00
0.000000000000000000e+00
0.000000000000000000e+00
9.955623100230733824e-01
0.000000000000000000e+00
0.000000000000000000e+00
0.000000000000000000e+00
0.000000000000000000e+00
2.039527106819227775e-01
0.000000000000000000e+00
1.390079397408260142e+00
1.880977756466723605e+00
0.000000000000000000e+00
0.000000000000000000e+00
6.583936991385504200e-02
1.730642177241284108e+00
7.587780959152414309e-03
6.965474087348803856e-02
2.506199856750492838e-01
0.000000000000000000e+00
1.092607370104289100e+00
3.236189125030020618e-03
0.000000000000000000e+00
0.000000000000000000e+00
0.000000000000000000e+00
5.589759560855896980e-01
2.740185185683265967e-01
