# Ensemble D, m = 1000.0, lambda = [  1.10084715e-08  -1.07607808e-08   0.00000000e+00   2.32207651e-09]
0.000000000000000000e+00
1.266159112228140149e-01
0.000000000000000000e+00
0.000000000000000000e+00
5.881033885007528328e-01
0.000000000000000000e+00
6.181456227175435858e-01
0.000000000000000000e+00
3.066869801224334294e-02
7.921372119806638912e-01
5.117600072367711750e-02
1.352261458790296578e+00
1.866528303142640066e+00
0.000000000000000000e+00
0.000000000000000000e+00
0.000000000000000000e+00
3.125473379791354755e-01
2.485343691066694838e-01
0.000000000000000000e+00
1.319315981212285882e+00
0.000000000000000000e+00
0.000000000000000000e+00
1.592592654227821036e+00
0.000000000000000000e+00
0.000000000000000000e+00
0.000000000000000000e+00
0.000000000000000000e+00
6.135884919978248364e-01
1.189645116720362328e+00
0.000000000000000000e+00
2.409864059240061918e-01
6.779318238443075018e-01
0.000000000000000000e+00
0.000000000000000000e+00
0.000000000000000000e+00
0.000000000000000000e+00
7.617422975540572017e-01
1.269011829308873462e+00
1.098594371527637392e+00
0.000000000000000000e+00
0.000000000000000000e+00
7.415243527295417580e-01
0.000000000000000000e+00
0.000000000000000000e+00
0.000000000000000000e+00
8.946488246682499784e-03
0.000000000000000000e+00
1.511290276989419312e-01
1.184378325041022112e-01
0.000000000000000000e+00
6.087004861872953587e-02
0.000000000000000000e+00
0.000000000000000000e+00
3.007539425349373463e+00
0.000000000000000000e+00
5.030159293454311564e-01
1.210249634715353073e+00
0.000000000000000000e+00
0.000000000000000000e+00
4.278429725694123109e-03
0.000000000000000000e+00
0.000000000000000000e+00
7.014806029007347732e-01
0.000000000000000000e+00
1.223584109564826328e+00
0.000000000000000000e+00
0.000000000000000000e+00
1.157473942846164894e+00
3.449001412800605793e-01
0.000000000000000000e+00
0.000000000000000000e+00
0.000000000000000000e+00
0.000000000000000000e+00
0.000000000000000000e+00
2.076710900549681327e+00
4.753137201763936170e-01
4.895328951497935344e-01
0.000000000000000000e+00
1.693361846502006163e+00
6.029316476108440570e-01
0.000000000000000000e+00
0.000000000000000000e+00
1.075805524305030736e-01
0.000000000000000000e+00
2.304052261212308661e+00
0.000000000000000000e+00
5.428287894279384407e-01
0.000000000000000000e+00
1.122714702838953915e+00
7.730511454395002646e-01
5.016484836597207009e-01
2.065161326465577929e+00
0.000000000000000000e+00
1.422281165075443221e+00
1.570606317216633740e-01
1.263255886924202417e-02
0.000000000000000000e+00
0.000000000000000000e+00
1.558413960528558073e+00
0.000000000000000000e+00
