# Ensemble D, m = 1000.0, lambda = [  1.37158779e-08  -1.26064403e-08   0.00000000e+00   2.38993195e-09]
4.373173485200286814e-01
0.000000000000000000e+00
2.138914525762214414e-01
9.163034444981217330e-01
0.000000000000000000e+00
4.308285716574776769e-01
0.000000000000000000e+00
0.000000000000000000e+00
9.045907227532119510e-01
9.391079783200875220e-01
1.642602514189036578e-01
0.000000000000000000e+00
0.000000000000000000e+00
3.208685164666586487e-01
3.151430891763360442e+00
9.638245815441192077e-01
9.555476797429216518e-01
0.000000000000000000e+00
1.264570452842995518e+00
2.419805081630062582e-01
0.000000000000000000e+00
0.000000000000000000e+00
5.635380986867936232e-02
1.108694138689237718e+00
1.507104885428106833e+00
0.000000000000000000e+00
0.000000000000000000e+00
2.986009815463370298e+00
0.000000000000000000e+00
0.000000000000000000e+00
0.000000000000000000e+00
1.457387030272873751e+00
1.873151674492579577e+00
7.642057744757978499e-01
2.339697714216915525e+00
2.216961053502771173e-01
4.895686498996342229e-01
5.425051464790651146e-01
0.000000000000000000e+00
4.720897368757754481e-02
0.000000000000000000e+00
0.000000000000000000e+00
8.131528314776463873e-01
1.283400327137722563e+00
1.439642688037704073e-02
6.954618293394126960e-01
0.000000000000000000e+00
1.564166305804527146e-01
6.476104435800158488e-01
0.000000000000000000e+00
0.000000000000000000e+00
0.000000000000000000e+00
1.312099290632646742e+00
7.360073034350050544e-03
1.007143577111325738e+00
0.000000000000000000e+00
0.000000000000000000e+00
1.172137882631696826e+00
2.246586299369123019e+00
2.497055539048379735e+00
0.000000000000000000e+00
0.000000000000000000e+00
1.407335601375232503e+00
0.000000000000000000e+00
0.000000000000000000e+00
3.576773385228481650e-01
1.018115521222651809e+00
1.036087606646482584e+00
0.000000000000000000e+00
0.000000000000000000e+00
1.692045865905205781e+00
4.079806377287762964e-01
2.402194078669610544e+00
1.171962804772529676e+00
0.000000000000000000e+00
3.007377911487028932e+00
2.077511033793896456e+00
2.475246939097714982e+00
4.518785495796390772e-01
0.000000000000000000e+00
0.000000000000000000e+00
0.000000000000000000e+00
0.000000000000000000e+00
1.324662021007615709e-01
0.000000000000000000e+00
1.158391514727057148e+00
0.000000000000000000e+00
0.000000000000000000e+00
1.114700692154816597e+00
0.000000000000000000e+00
3.838386434530303704e-01
1.397038015998922411e+00
0.000000000000000000e+00
9.445085913555031354e-01
0.000000000000000000e+00
0.000000000000000000e+00
7.979298350128696260e-01
2.164857998915894477e+00
1.285219061002695229e+00
6.949121060046765663e-01
