# Ensemble D, m = 1000.0, lambda = [  3.25241039e-08  -2.47516299e-08   0.00000000e+00   3.29600243e-09]
0.000000000000000000e+00
8.248839614377816154e-02
0.000000000000000000e+00
2.737873280371633467e+00
0.000000000000000000e+00
2.271511660170316915e+00
1.995377401860525035e+00
2.699608742535600570e+00
0.000000000000000000e+00
2.762784295584943539e+00
5.828069359757063195e-01
2.208598257121690445e+00
1.803260946943073373e+00
8.423101415838701866e-01
2.370428865996112577e+00
2.601546157076200849e+00
1.164601183888966052e+00
1.406546777216621358e+00
2.074444457632052430e+00
3.644059397908864906e+00
2.330800705441858633e-01
1.279036779705227556e+00
2.632225960501769269e+00
2.514524667137037373e+00
1.150031657005740504e+00
2.677269155769498865e-01
9.529509895480152704e-01
8.817389900748577869e-01
2.588447612298462097e+00
2.932642703759435587e+00
6.851636903724020455e-02
1.825136659167414521e+00
2.548218754089869864e-01
2.618702023007519752e+00
7.865501381157171679e-01
2.385937499279776830e+00
9.914610114051007894e-01
2.774276189907569634e+00
8.844441003148417746e-01
1.682620562321578861e+00
7.471717758798764875e-01
1.564007343844130427e+00
2.976355507170480585e+00
1.005604985416635566e+00
0.000000000000000000e+00
5.774123614111396074e-01
1.955618848441479818e+00
2.804900972552536675e+00
2.184503409832793785e+00
1.238854143234269678e+00
2.747169169558042690e+00
3.226304762116952940e+00
8.316623858421875459e-01
1.601791675443191565e+00
2.316816612931149155e+00
3.291196075619134298e+00
2.661059337813473924e+00
9.206614824616525805e-01
0.000000000000000000e+00
7.321153738040617753e-01
1.369149821044182147e+00
0.000000000000000000e+00
5.019909027547337504e-02
2.412991453659816266e+00
1.089297690955831177e+00
1.679900012772519657e+00
9.282235947126891151e-01
1.740953820229211413e+00
0.000000000000000000e+00
7.307883150007928874e-01
2.170364531559352272e+00
5.455987762696993260e-01
3.233179545474409444e+00
1.319731028950842155e+00
2.604363026201916287e-01
2.709688896697035165e+00
2.668153739472489239e+00
2.346047547805061750e+00
1.004660580189505881e+00
8.584335315360563934e-01
1.826205844087360086e+00
2.553618475074577177e+00
2.439209775436720573e+00
0.000000000000000000e+00
1.452414200519383636e+00
0.000000000000000000e+00
1.305904797349555224e+00
0.000000000000000000e+00
1.035989025213730264e+00
8.933684868137743429e-01
1.286963278884660333e+00
6.080215627244013321e-01
2.140581495481271634e+00
1.746611570536923175e+00
1.424377434624780614e+00
1.638534922558744444e+00
7.201371893600498099e-03
1.226305742610822147e+00
4.517399672207680350e-01
2.841580620192921458e+00
