# Ensemble D, m = 1000.0, c_n/c_p = 0.845161290323, f = -0.984347826087
# lambda = [  1.93108581e-08  -1.60653339e-08   0.00000000e+00   2.87632133e-09]
#  
0.000000000000000000e+00
0.000000000000000000e+00
2.259835747741430367e+00
1.099795068029729705e+00
0.000000000000000000e+00
4.736228813787465297e-01
0.000000000000000000e+00
2.392862701978055284e+00
7.080588039634606590e-01
1.953898826842119352e+00
0.000000000000000000e+00
7.263995818445811992e-01
2.923485442254873501e+00
5.653926139713360000e-01
1.789203759123250692e-01
0.000000000000000000e+00
5.356082570297132639e-01
1.077676273737103063e+00
0.000000000000000000e+00
1.669623857463037542e+00
1.911513836255322174e-01
5.374489425220950745e-01
0.000000000000000000e+00
1.306852090961868829e+00
5.165615641715569639e-01
1.867579726469509094e+00
1.769464257821216968e+00
0.000000000000000000e+00
2.433411781589490952e-01
5.425318709014599339e-01
2.242121813291470811e-01
0.000000000000000000e+00
5.246884357669835408e-01
1.001179521009665008e+00
6.912472253882643303e-01
0.000000000000000000e+00
1.295251699453368488e+00
0.000000000000000000e+00
2.786716490225767728e+00
0.000000000000000000e+00
0.000000000000000000e+00
4.405158839512905433e-01
7.136650687271860471e-01
6.462240549144110391e-01
3.531394043785194836e-01
4.215081673647136200e-03
2.364637701031568007e+00
1.249516160906944728e+00
3.472125945766851296e-01
1.801989199949025622e+00
0.000000000000000000e+00
0.000000000000000000e+00
1.564104659724809693e-02
1.491056755189461125e+00
1.015850717802488701e+00
0.000000000000000000e+00
8.564992483198949902e-01
8.499093060913789355e-01
1.699885423816975161e+00
4.843644347173908793e-01
1.897688288563702308e+00
3.791135749191657522e-01
3.876350993914441934e-01
5.527148074083841900e-01
1.149135243570138076e+00
0.000000000000000000e+00
2.278929377572073367e+00
1.497480502360890309e-01
0.000000000000000000e+00
1.893747622517010232e-01
8.466976720351894192e-01
7.273680065278051998e-01
8.385064054008899148e-03
2.565336759016223933e+00
5.170962586108551057e-02
0.000000000000000000e+00
3.111767246792967456e-01
4.976112635620072999e-01
6.224231453474121656e-01
1.542648552124351036e-02
3.630648017511281696e-03
0.000000000000000000e+00
0.000000000000000000e+00
0.000000000000000000e+00
4.341468922232494254e-01
1.524031883888633754e+00
1.318762016476787924e+00
6.981853019641641733e-01
3.519170141844095712e-01
8.823266046065753043e-01
8.807696103907738591e-03
0.000000000000000000e+00
7.247252674208523038e-01
1.245859343045284673e-01
8.244080198377792476e-03
0.000000000000000000e+00
1.179908302117212537e+00
2.013224310459431898e-01
3.370160627848566709e-02
4.058082343620283972e-01
