# Ensemble D, m = 1000.0, lambda = [  4.36098431e-08  -2.93205857e-08   0.00000000e+00   3.61136947e-09]
1.319215089753907000e+00
0.000000000000000000e+00
8.087127553155235571e-01
6.106573104459173118e-01
1.586743214795702350e+00
0.000000000000000000e+00
2.974742507653141410e-01
0.000000000000000000e+00
1.192490313151511439e+00
1.103773030661222787e+00
4.932302780354362315e-01
1.899551142161177042e+00
1.399324665459861054e-02
1.468453564327114602e+00
2.638044680938452569e+00
1.990160059765037071e+00
5.590608199963263969e-01
1.434045092561484047e+00
0.000000000000000000e+00
1.229662724764855053e+00
4.453225788983116717e-01
9.979242616215964201e-01
5.350006503104710598e-01
1.614590087565373588e+00
1.781101065389945060e+00
1.973764497376044869e+00
1.352864196181889911e+00
2.226623606041027159e+00
2.518651238748023768e+00
2.166031750541251633e+00
1.775290772842868403e+00
6.674201356448634659e-01
1.547123617220057534e+00
3.878283541388115596e-01
2.204331878930600563e+00
4.065056881315111115e-01
1.839493512544534193e+00
0.000000000000000000e+00
0.000000000000000000e+00
5.931426623750388760e-01
1.648726389591545605e+00
1.039521370526853561e+00
2.140541143014976555e+00
5.626814490492577647e-01
0.000000000000000000e+00
0.000000000000000000e+00
1.796783381716156924e+00
3.796175906169400038e-01
1.280734483882437491e+00
1.787926908477881049e+00
6.161004980939034370e-01
1.576854978130298734e+00
9.828829462587079790e-01
0.000000000000000000e+00
1.504200797468556949e+00
3.876119003874083924e-01
0.000000000000000000e+00
6.805439425430674927e-01
2.456326635937617908e+00
3.396195749685365639e-01
2.600228394212349969e-01
0.000000000000000000e+00
0.000000000000000000e+00
1.784127731667466854e+00
7.974533797235794363e-01
2.092799055680749198e+00
1.591560195090083507e+00
1.284620007020590204e+00
1.100858841268758992e+00
3.966517977745291357e-01
5.943096009098710608e-01
7.632392121683659880e-01
6.325063000871601337e-01
1.478150257894963682e+00
0.000000000000000000e+00
0.000000000000000000e+00
2.016547094809113982e+00
1.804689516332279364e+00
2.022673221814891509e+00
1.401041513437577546e+00
1.753568641228547831e+00
2.379497501466303344e+00
1.250191448038118214e+00
1.758076142593645086e+00
1.667198034459608791e-01
2.074535757562904426e+00
1.306988831805187434e+00
0.000000000000000000e+00
6.107770993302996665e-01
1.503176896405307605e+00
2.311165566525465564e+00
8.527038930327242028e-01
0.000000000000000000e+00
1.526780855792690739e+00
1.008691640821758329e+00
0.000000000000000000e+00
1.091179665149318634e+00
6.074932713712926091e-01
0.000000000000000000e+00
0.000000000000000000e+00
