# Ensemble D, m = 1000.0, c_n/c_p = 0.987096774194, f = -0.979130434783
# lambda = [  1.15053224e-08  -1.11198538e-08   0.00000000e+00   2.30808838e-09]
#  
7.252036044906873258e-01
3.443692214834811693e+00
0.000000000000000000e+00
9.236906686525803156e-01
3.064664942971048189e-01
0.000000000000000000e+00
3.346144474208147535e-01
5.397355468096920461e-01
0.000000000000000000e+00
4.835351176216767244e-01
1.292720442820693316e+00
1.233590806340985502e+00
0.000000000000000000e+00
7.087613383346565987e-01
1.295604867278254080e+00
8.004072859850971389e-01
0.000000000000000000e+00
0.000000000000000000e+00
1.066126009777847550e+00
9.610317150298470779e-01
1.251507592502210553e+00
4.053998290903196855e-01
0.000000000000000000e+00
3.372056449118187530e-03
1.864522725762612076e-01
1.692410985993288541e+00
0.000000000000000000e+00
0.000000000000000000e+00
0.000000000000000000e+00
9.271686311318959595e-01
1.144028716918461530e+00
0.000000000000000000e+00
9.593238764581568656e-01
0.000000000000000000e+00
9.788162359512833088e-01
0.000000000000000000e+00
0.000000000000000000e+00
1.691907451991084277e-01
0.000000000000000000e+00
0.000000000000000000e+00
5.768323744501832051e-01
0.000000000000000000e+00
0.000000000000000000e+00
0.000000000000000000e+00
6.214894703841188361e-01
7.836475967442567692e-01
0.000000000000000000e+00
0.000000000000000000e+00
0.000000000000000000e+00
0.000000000000000000e+00
0.000000000000000000e+00
0.000000000000000000e+00
0.000000000000000000e+00
8.100530868225835901e-02
0.000000000000000000e+00
4.500849434116822173e-02
2.809588844899627014e-01
0.000000000000000000e+00
1.261125717238253285e+00
0.000000000000000000e+00
6.007613340700665994e-01
0.000000000000000000e+00
0.000000000000000000e+00
9.841573535971855913e-01
0.000000000000000000e+00
1.616366038893973567e+00
1.785856992723513711e-02
1.254286566797698566e+00
6.926983133264242865e-01
2.003481554238931428e-01
5.732577684957940178e-01
1.611613985607114552e+00
1.945107681451113901e+00
0.000000000000000000e+00
9.997908131855800518e-01
1.299578767387766565e+00
0.000000000000000000e+00
7.904607884323500144e-01
0.000000000000000000e+00
6.573613920064872440e-01
8.632118572231599340e-02
0.000000000000000000e+00
2.579869289763319640e-01
1.478260883616464127e+00
1.279845850782244665e-01
1.128884540929524505e+00
1.151369592420413035e+00
7.888192439113067556e-01
0.000000000000000000e+00
1.259823353958124947e+00
1.085160320751448262e-02
0.000000000000000000e+00
0.000000000000000000e+00
3.991343839810400085e-01
6.164074452659059622e-01
2.307911890352706052e+00
1.013119616197694084e-01
0.000000000000000000e+00
0.000000000000000000e+00
0.000000000000000000e+00
