# Ensemble D, m = 1000.0, lambda = [  4.53826197e-08  -3.47550349e-08   0.00000000e+00   2.46217106e-09]
2.850872706324010686e+00
1.567019475857733379e+00
2.366818740051030101e+00
2.408372236991250137e+00
3.459261783715998906e+00
2.600210494496184577e+00
1.545216475460761796e+00
9.919360760514102093e-01
2.839381821946168838e+00
3.144583603907121550e+00
1.479579853323164773e+00
2.527601362079983538e+00
3.083885573747556563e+00
1.471862683905891256e+00
2.774396685636488336e+00
5.369253723491336332e-03
1.030017830441146032e+00
9.030161541763493949e-01
3.473348908608538288e+00
2.250850977329886149e+00
3.194509558553551898e+00
2.471374146440260322e+00
2.800865366954428559e+00
2.864604043278724532e+00
2.834774258853824946e+00
3.355883057330698360e+00
2.507170885622048928e+00
1.818026581726188473e+00
2.287264172956635200e+00
2.735258790989148814e+00
3.026492376288686170e+00
2.647233877187490592e+00
1.965506845162088734e+00
2.630046986885441918e+00
3.244153336777528818e+00
2.574283459069587554e+00
2.449761410034029918e+00
2.144496010203313929e+00
3.227531744341981312e+00
3.613755083061278128e+00
2.286199151508712113e+00
1.889241062034745511e+00
0.000000000000000000e+00
1.217598412206575276e+00
2.116016076487319264e+00
2.371314390214661838e+00
2.441016578577414720e+00
2.806400145940818991e+00
4.289593767839095406e+00
9.009587289119556086e-01
2.908529204676492341e+00
4.037950106915780601e+00
7.104685571241913244e-01
2.599020740161309462e+00
3.122303942380475927e+00
2.889861852438860179e+00
2.258106099011848666e+00
3.937994238209088671e+00
9.286706395660512259e-01
2.011026266145526264e+00
2.356412552416757844e+00
3.139477267660396365e+00
3.394303409647394076e+00
2.147986972108988812e+00
2.426809797565742777e+00
1.992049410542859667e+00
2.194553701190183670e+00
3.103125173379639890e+00
1.914222127255004402e+00
3.083159016046787659e+00
1.866016520911548682e+00
4.236563724337393033e+00
2.081952713967652802e+00
2.845317876281376446e+00
3.432580973244159672e+00
2.746213477538533621e+00
2.998661227923457684e+00
2.223215721001311707e+00
3.330457794331327381e+00
3.094586068643049526e+00
2.419999619946044511e+00
1.623573647996789271e+00
2.648700405311451789e+00
2.603466902756780943e+00
2.385209846476835427e+00
2.860462380582640129e+00
3.194828979785868217e+00
1.689855528787296279e+00
2.376807589163250078e+00
3.416237907271513219e+00
1.755537655876167058e+00
2.891316617492648344e+00
1.764946470735756501e+00
2.112477089494616322e+00
2.490360448722010567e+00
2.536986296601305924e+00
3.703301583932906205e+00
2.146034838264990086e+00
2.832615168264466909e+00
2.693179530909909580e+00
