# Ensemble D, m = 1000.0, c_n/c_p = 0.81935483871, f = -0.948571428571
# lambda = [  1.41561462e-08  -1.10023917e-08   0.00000000e+00   3.67178681e-09]
#  
0.000000000000000000e+00
4.289815684251827022e-01
0.000000000000000000e+00
1.480730872151181723e-02
1.037274668175298231e+00
7.029530040257319090e-01
7.810506022931239523e-01
2.345802202155218841e-01
1.402268617595984201e+00
1.178089937687269023e-01
2.124724795288054580e+00
0.000000000000000000e+00
1.657900730672882794e+00
2.465334771291353699e-01
2.125078407744630249e-01
0.000000000000000000e+00
1.140844010220671834e+00
0.000000000000000000e+00
8.160546587695106657e-01
2.816924711108270696e-01
1.483257274614295351e+00
0.000000000000000000e+00
5.292252217585278196e-01
6.153350256304650490e-01
0.000000000000000000e+00
7.563957388063684562e-01
4.778287303536532526e-01
0.000000000000000000e+00
0.000000000000000000e+00
1.008307545196317490e+00
0.000000000000000000e+00
0.000000000000000000e+00
1.415850089867862538e+00
0.000000000000000000e+00
8.251391795036977506e-02
0.000000000000000000e+00
1.540574662225061342e+00
2.491049122235103330e-01
0.000000000000000000e+00
0.000000000000000000e+00
0.000000000000000000e+00
1.843950808742576886e+00
1.953594501394996463e+00
0.000000000000000000e+00
0.000000000000000000e+00
8.234303188474558777e-01
1.408201321234984517e-02
1.153128126103402235e-01
0.000000000000000000e+00
0.000000000000000000e+00
0.000000000000000000e+00
1.568075120833831049e+00
0.000000000000000000e+00
0.000000000000000000e+00
0.000000000000000000e+00
0.000000000000000000e+00
2.466775701615580907e+00
2.245960379990055156e+00
1.405687977431147484e+00
1.382719886581693869e+00
1.084970386109450867e-02
0.000000000000000000e+00
2.463094544141088971e+00
0.000000000000000000e+00
1.005831267834510906e-01
2.350615931346505261e-01
0.000000000000000000e+00
8.134843675315817091e-01
0.000000000000000000e+00
0.000000000000000000e+00
4.322518292396907054e-03
3.481797886633737626e-02
0.000000000000000000e+00
4.886138721711679733e-01
0.000000000000000000e+00
0.000000000000000000e+00
2.728398931329980431e-02
1.438354876898679580e+00
0.000000000000000000e+00
0.000000000000000000e+00
1.183588829615896287e+00
1.729105491178944520e+00
5.318219144050048142e-01
0.000000000000000000e+00
1.309961526611399751e+00
7.357850575122393266e-01
0.000000000000000000e+00
3.536907442818876257e-01
1.906906678579207259e+00
0.000000000000000000e+00
0.000000000000000000e+00
1.307916424799345119e-02
2.685878305682865008e-01
0.000000000000000000e+00
1.281784270971471962e+00
0.000000000000000000e+00
2.079918431765317988e-01
0.000000000000000000e+00
1.443585827712300373e+00
1.820264185477369345e-01
