# Ensemble D, m = 1000.0, lambda = [  2.04804928e-08  -1.77486593e-08   0.00000000e+00   1.78155373e-09]
0.000000000000000000e+00
0.000000000000000000e+00
9.584419601100501174e-01
8.185270491861521003e-02
2.065479449331026451e+00
1.623559555133220922e+00
8.805782245872790792e-01
0.000000000000000000e+00
8.875178667728943482e-01
8.269902481982592812e-01
0.000000000000000000e+00
0.000000000000000000e+00
1.486035260528534740e+00
0.000000000000000000e+00
0.000000000000000000e+00
6.439338294258829809e-02
9.348082112472810845e-01
0.000000000000000000e+00
0.000000000000000000e+00
0.000000000000000000e+00
6.683788912117085701e-01
0.000000000000000000e+00
0.000000000000000000e+00
0.000000000000000000e+00
8.340369686517188352e-01
1.490049619587009988e-01
1.583827563267010685e+00
2.765970622642808241e-01
5.627906859397402428e-02
0.000000000000000000e+00
0.000000000000000000e+00
4.103767607211636914e-01
6.367548792895482146e-01
4.464992772206799465e-01
1.008556875071556114e+00
2.109906365691471275e-01
0.000000000000000000e+00
0.000000000000000000e+00
5.516272990362113271e-01
0.000000000000000000e+00
0.000000000000000000e+00
3.080120931802524109e-01
2.644434913393758357e+00
3.412177697407356436e-01
2.310472841530552213e+00
1.665684539282364651e-01
3.239826231643454513e-01
0.000000000000000000e+00
0.000000000000000000e+00
8.000365579868975452e-01
0.000000000000000000e+00
0.000000000000000000e+00
2.946707093122554078e+00
2.025394555988652368e+00
6.660785600644790749e-01
1.666384508857509772e+00
7.896578580153434945e-01
0.000000000000000000e+00
2.157443417176072131e+00
4.047872390211921384e-02
2.094874080459627308e+00
1.579354909920054784e+00
1.891009356251910078e-01
3.703891846680927580e-02
9.905311190304647573e-01
0.000000000000000000e+00
4.945159329474426713e-01
0.000000000000000000e+00
1.193386681255869108e+00
5.371437611542463353e-01
1.486614259782273129e+00
0.000000000000000000e+00
0.000000000000000000e+00
0.000000000000000000e+00
0.000000000000000000e+00
0.000000000000000000e+00
0.000000000000000000e+00
0.000000000000000000e+00
0.000000000000000000e+00
3.227527234541452295e+00
1.047570530242079856e-01
2.083385473690660294e+00
2.098917517834054003e+00
0.000000000000000000e+00
2.271401844356548683e-01
0.000000000000000000e+00
0.000000000000000000e+00
0.000000000000000000e+00
1.939862508419993581e-01
3.470067835304820048e-02
1.416781229104588924e+00
0.000000000000000000e+00
0.000000000000000000e+00
7.575762956574262352e-01
7.976653863096507813e-01
0.000000000000000000e+00
1.194557527016497867e+00
0.000000000000000000e+00
2.151523196001495997e+00
2.615021863441976957e-01
