# Ensemble D, m = 1000.0, lambda = [  4.45276752e-08  -3.05079212e-08   0.00000000e+00   3.75761168e-09]
5.183621576879349907e-02
1.633071103327145668e+00
3.269935229489489004e+00
1.442212005071227487e+00
0.000000000000000000e+00
2.638535336794975095e+00
8.813438393762423884e-01
1.358290242066021003e+00
1.826485780166982487e+00
3.628563061195781425e-01
1.708765702389845487e+00
3.777845279486181096e-01
4.061257216258252756e-01
1.072196129566468148e+00
2.404494515714798997e+00
7.758857517265986825e-01
8.691236127531751787e-01
8.601857212963832655e-01
0.000000000000000000e+00
1.585557858783288587e+00
3.038696858200851558e+00
0.000000000000000000e+00
1.914621901352424382e+00
9.375753420352738177e-01
0.000000000000000000e+00
7.443156419121440548e-01
1.213724319100928595e+00
7.821401626371566884e-01
1.496215504276048769e+00
3.078727599706553297e-01
6.878836206314957735e-01
7.065855381063059770e-01
2.267468636292265582e+00
5.610729409008891055e-01
2.622275976350256221e-01
0.000000000000000000e+00
0.000000000000000000e+00
1.231880377751068067e+00
1.927076347097757658e+00
1.436313849661403408e+00
1.114235224943122216e+00
8.783424960736501141e-01
9.587819271535642507e-01
4.199742584109350529e-01
1.953779532207310154e+00
4.925718010606857100e-01
1.704231499028489250e+00
2.024742317344977671e+00
2.557616404640394858e+00
1.740147755160212473e+00
9.228334982900219252e-01
1.012419769613594367e+00
6.958828649493647989e-01
0.000000000000000000e+00
1.223319594182826764e+00
7.973785390778173054e-01
1.257492662116486803e+00
6.709818308958576116e-01
9.303913159826084911e-01
1.835234814303112527e+00
1.395518301393502636e+00
8.936133532356598241e-01
2.485128138170043854e+00
1.583191686752278393e+00
9.771028713223407491e-01
8.981781584168854193e-01
0.000000000000000000e+00
1.340702845832878687e+00
1.283484806737746897e+00
2.323908384455513620e-01
1.774400602755020984e+00
1.494726150396738840e+00
5.684007828159425291e-01
3.398812800289352509e-01
1.001913266609029129e+00
2.236915882088457153e+00
3.209972371175728867e-01
0.000000000000000000e+00
2.056267034430770302e+00
2.584602303021091174e+00
2.017930594227643759e+00
1.045629794043505312e+00
1.687198828140324736e+00
0.000000000000000000e+00
1.677375339707878998e+00
1.053446536534675015e+00
2.172642189256065226e+00
1.014420337307005981e+00
4.096006142986006182e-01
1.065736745870112578e+00
2.389091280709371823e+00
0.000000000000000000e+00
2.672609523798866182e-01
8.533455404458022420e-01
1.481367278639224461e+00
2.196189180439354516e+00
2.571886002548250172e+00
9.763554555725081352e-01
0.000000000000000000e+00
4.681296863731650992e-01
