# Ensemble D, m = 1000.0, c_n/c_p = 0.690322580645, f = -0.965714285714
# lambda = [  2.09599569e-08  -1.39730470e-08   0.00000000e+00   3.75629129e-09]
#  
1.234253582883140687e+00
1.714266708167270004e+00
6.649180381951210750e-01
1.353626417533517312e+00
6.887371743684231884e-01
0.000000000000000000e+00
0.000000000000000000e+00
1.008288003870713156e+00
4.919081000191171671e-01
5.636937180121296409e-01
4.083779588976116925e-01
3.990141185025547488e-01
1.991642059815327548e-01
1.903673181073514353e+00
0.000000000000000000e+00
2.416713461842268984e+00
0.000000000000000000e+00
7.356677813471788063e-01
1.723121338477364928e+00
0.000000000000000000e+00
0.000000000000000000e+00
1.548337176308274277e+00
2.351087409641769099e+00
9.930090322538919212e-01
1.322909635647758764e-01
6.029638288990717410e-01
5.494831721233326416e-01
2.964551805801869833e+00
0.000000000000000000e+00
0.000000000000000000e+00
2.318974686104785743e+00
4.316672078361538656e-01
7.320932250475384873e-01
0.000000000000000000e+00
4.658619271320795230e-01
1.376395314920200175e-01
5.929518993346050149e-01
1.280647250765513778e+00
0.000000000000000000e+00
1.803220714707950201e+00
1.717974248311563201e+00
0.000000000000000000e+00
1.691040931217254517e+00
0.000000000000000000e+00
6.236410684311447516e-01
9.140974635886659483e-01
2.323676733904250113e+00
2.576187939073871780e-01
1.707433154002873099e+00
0.000000000000000000e+00
1.566762083202746680e+00
3.986010397251364412e-01
0.000000000000000000e+00
0.000000000000000000e+00
0.000000000000000000e+00
0.000000000000000000e+00
1.499823283913376049e+00
9.457279444927852996e-01
0.000000000000000000e+00
9.520178341776613928e-01
5.104423471440169280e-01
1.243051694858632539e+00
1.071160969364047144e+00
1.552562508238429562e+00
0.000000000000000000e+00
0.000000000000000000e+00
1.632070897771283224e+00
9.812576181339202619e-02
2.234923465288809474e-01
8.088874344790989435e-01
1.190022928459403495e+00
1.322013366147922753e+00
1.663572097611869527e+00
1.737626994544009040e+00
1.427258708633449391e+00
0.000000000000000000e+00
1.345528680224373054e-03
0.000000000000000000e+00
4.318150868578570778e-01
8.447018806355234277e-01
9.934905629735308885e-01
2.087762076459697358e+00
1.226008226448773275e+00
1.562184645635814224e-02
6.572052871722040557e-01
1.092899482229397340e-02
1.862120886425439492e+00
0.000000000000000000e+00
0.000000000000000000e+00
1.534901012710106150e+00
1.274499532180725758e+00
1.473042679657935228e+00
3.079855711356090708e+00
5.895503673601677486e-01
1.606087722886646363e+00
0.000000000000000000e+00
0.000000000000000000e+00
0.000000000000000000e+00
1.027687403018658685e+00
8.705719319710535364e-01
