# Ensemble D, m = 1000.0, lambda = [  1.44067175e-08  -1.07954779e-08   0.00000000e+00   3.76271894e-09]
0.000000000000000000e+00
0.000000000000000000e+00
0.000000000000000000e+00
0.000000000000000000e+00
0.000000000000000000e+00
5.966375085769105580e-01
9.023049607872821731e-01
0.000000000000000000e+00
0.000000000000000000e+00
0.000000000000000000e+00
4.823153551211300516e-01
5.008455162597929000e-01
0.000000000000000000e+00
0.000000000000000000e+00
0.000000000000000000e+00
0.000000000000000000e+00
1.266461531634905491e+00
0.000000000000000000e+00
9.049325015310490106e-02
5.290592087516429176e-01
1.216252393512922692e-01
0.000000000000000000e+00
0.000000000000000000e+00
1.026370383743423931e+00
0.000000000000000000e+00
0.000000000000000000e+00
0.000000000000000000e+00
0.000000000000000000e+00
0.000000000000000000e+00
3.812057807742444404e-02
0.000000000000000000e+00
6.891081272885724029e-02
0.000000000000000000e+00
0.000000000000000000e+00
0.000000000000000000e+00
1.614342495854238280e+00
2.191009841980397610e+00
0.000000000000000000e+00
1.281028060127544776e+00
0.000000000000000000e+00
0.000000000000000000e+00
0.000000000000000000e+00
0.000000000000000000e+00
1.655921424698241218e-01
0.000000000000000000e+00
5.544125654720091778e-02
0.000000000000000000e+00
3.146609692859992702e+00
8.691715820072725140e-01
5.369308649650856857e-01
2.075646745253895364e+00
1.623668569212547208e+00
1.889522988413098403e+00
4.190979398885195939e-02
1.376573586928735882e+00
0.000000000000000000e+00
0.000000000000000000e+00
1.773664499762799496e+00
7.501886442598378890e-01
9.999493317110368373e-01
8.847981417858689079e-01
1.080353749996289636e+00
1.377502447860369461e+00
0.000000000000000000e+00
1.047047242489668184e+00
4.613806347872444896e-02
6.845856760916464445e-01
0.000000000000000000e+00
4.559035935737685286e-01
0.000000000000000000e+00
2.209941148240504916e+00
7.601371042537085065e-01
2.284508416320236435e-01
0.000000000000000000e+00
1.586540140870720039e+00
2.151314800279866546e-01
2.265341508292744166e+00
9.338216873979143795e-01
4.766089273174219376e-01
6.924914890233273557e-01
1.813207709090587372e+00
7.786170597311443953e-02
0.000000000000000000e+00
8.271864997202961201e-01
0.000000000000000000e+00
0.000000000000000000e+00
1.440326391448764898e-01
1.489373381692453924e+00
0.000000000000000000e+00
3.470381451921747962e-01
0.000000000000000000e+00
1.619684530780151066e+00
7.036509410502123085e-02
0.000000000000000000e+00
0.000000000000000000e+00
2.181909115971342850e+00
0.000000000000000000e+00
7.267176448275818323e-01
1.373414555332044040e+00
0.000000000000000000e+00
