# Ensemble D, m = 1000.0, lambda = [  1.55559795e-08  -1.04716832e-08   0.00000000e+00   3.80071348e-09]
2.437926947701997804e+00
0.000000000000000000e+00
1.230240807316110407e+00
0.000000000000000000e+00
5.366624069841403610e-01
1.459576135653340101e+00
0.000000000000000000e+00
5.050870126629727341e-01
0.000000000000000000e+00
0.000000000000000000e+00
0.000000000000000000e+00
4.480574335597303781e-01
0.000000000000000000e+00
0.000000000000000000e+00
2.013763840469790622e+00
1.211609774768255487e+00
0.000000000000000000e+00
1.190313063998449827e+00
3.103362377825531482e+00
0.000000000000000000e+00
3.225538889377433382e-01
0.000000000000000000e+00
0.000000000000000000e+00
2.197573513774875031e-01
1.810711129423913546e+00
1.303732889190319710e+00
2.665914680032996920e+00
0.000000000000000000e+00
4.164283344716040447e-01
1.437956678259290300e+00
1.452740545814303896e+00
1.698649341057145268e+00
0.000000000000000000e+00
7.002885352036262168e-01
0.000000000000000000e+00
8.756410241857449650e-01
0.000000000000000000e+00
0.000000000000000000e+00
8.881523401807776830e-02
0.000000000000000000e+00
1.188605033821493517e+00
1.461197358638444577e+00
2.326866728958529654e-02
0.000000000000000000e+00
0.000000000000000000e+00
1.361298968153565325e-01
2.038732140122150760e+00
0.000000000000000000e+00
2.125710777407059826e+00
8.688079110333957189e-01
9.721504515721578477e-01
0.000000000000000000e+00
1.285611916868276250e+00
1.908927509153220070e+00
2.382076315629129137e-01
0.000000000000000000e+00
0.000000000000000000e+00
0.000000000000000000e+00
0.000000000000000000e+00
0.000000000000000000e+00
8.146078605987948362e-03
0.000000000000000000e+00
8.435194526408630322e-01
0.000000000000000000e+00
0.000000000000000000e+00
1.996839968131607079e-01
0.000000000000000000e+00
0.000000000000000000e+00
1.070197259801263012e+00
1.110226797520939002e+00
0.000000000000000000e+00
0.000000000000000000e+00
2.658977329494220943e+00
0.000000000000000000e+00
4.888546788012029798e-01
0.000000000000000000e+00
1.004179146713827686e+00
0.000000000000000000e+00
0.000000000000000000e+00
1.777125536757103497e+00
1.158694952766683883e+00
6.028087764855975805e-02
8.940719415600254516e-01
0.000000000000000000e+00
0.000000000000000000e+00
4.648555945655130639e-01
1.349906402612506495e+00
1.706804232127052456e+00
9.203461280654269272e-01
0.000000000000000000e+00
5.541042878579401920e-01
1.152463476747712434e+00
5.225178058246005008e-01
0.000000000000000000e+00
1.821606718141987463e-02
0.000000000000000000e+00
0.000000000000000000e+00
0.000000000000000000e+00
3.133364028971557858e+00
1.705098948480980425e+00
