# Ensemble D, m = 1000.0, lambda = [  2.53818740e-08  -1.95170236e-08   0.00000000e+00   3.41903260e-09]
1.891543728951189163e+00
2.419857949955687371e+00
2.201748116704053265e-02
1.637108693262518067e+00
6.692852754128838511e-01
3.575229843192282986e-01
0.000000000000000000e+00
1.731602493087743611e+00
0.000000000000000000e+00
2.026551019160238276e+00
0.000000000000000000e+00
1.324865465841918721e-01
0.000000000000000000e+00
1.360496004798940506e+00
1.537489678270110627e+00
0.000000000000000000e+00
0.000000000000000000e+00
1.465222468761795627e+00
2.344146923477100769e-02
1.851606289985658016e+00
1.616880173088788286e+00
0.000000000000000000e+00
1.254018990079999174e+00
1.084632968907457418e+00
0.000000000000000000e+00
0.000000000000000000e+00
0.000000000000000000e+00
1.245818048199018202e+00
1.435515132805327720e+00
1.112395109121262049e+00
1.638800127690655417e+00
5.491550644816149962e-01
5.596384112756309231e-02
1.116177960021774940e+00
1.393416750274575566e+00
1.077568401232720241e+00
7.347979132761742749e-01
4.488555649802601910e-01
0.000000000000000000e+00
1.624933877094967560e-01
3.414587926311816179e+00
2.024591139030873066e+00
0.000000000000000000e+00
6.276632002878584915e-01
0.000000000000000000e+00
2.660584737681885303e-01
2.922452927736903572e+00
2.209982968569347506e+00
1.027383954740774374e+00
1.898291540159480206e+00
1.591747624973678943e-01
1.091461977036269682e+00
6.024851011752456464e-02
1.814003624644697776e-01
2.083856152194984990e+00
1.089393530085614570e+00
7.667282506007767895e-02
0.000000000000000000e+00
1.751322938396441042e+00
2.601832703400146052e+00
1.171085870162402870e-01
2.604079320697523237e+00
1.070819724990437205e+00
1.646640225928225565e+00
6.459691370699426338e-01
1.800505230324792594e+00
9.219946426885913260e-01
1.098941900090160351e+00
1.855560775695249021e+00
1.149343558703178836e+00
1.324855226552555276e+00
3.553168209666912158e+00
0.000000000000000000e+00
0.000000000000000000e+00
9.487576392944770953e-01
1.343646391273110918e+00
8.133225006977227167e-01
0.000000000000000000e+00
4.065412333782842391e-01
0.000000000000000000e+00
1.776541228786324034e+00
1.622572395920176103e+00
6.195938415827879631e-01
9.701550858569681912e-01
0.000000000000000000e+00
0.000000000000000000e+00
3.048478392947282511e+00
2.417396898622798940e+00
1.311976517209430815e-01
0.000000000000000000e+00
1.946058085718360475e+00
2.728925619574351202e+00
1.568401173556406736e+00
2.220675166227443764e+00
9.502190976572931491e-02
2.336203780011889108e+00
2.657195150035317255e+00
1.581911465630313263e+00
0.000000000000000000e+00
2.974530021624929854e-01
