# Ensemble D, m = 1000.0, lambda = [  1.30455894e-08  -1.19140950e-08   0.00000000e+00   2.64394708e-09]
9.130758547973498451e-02
3.540299114283803616e-01
0.000000000000000000e+00
0.000000000000000000e+00
1.056840943084575296e-01
1.383274080508914761e+00
0.000000000000000000e+00
2.600061181160896739e-02
0.000000000000000000e+00
3.227670899248831771e-01
1.009623535902901104e+00
7.993507196320736030e-01
1.239558294054949883e+00
6.039370722933862234e-01
0.000000000000000000e+00
4.770351890833854913e-01
7.405130530053555954e-03
0.000000000000000000e+00
9.225327394763298550e-01
3.727885403474368725e-02
0.000000000000000000e+00
0.000000000000000000e+00
7.709585905213285351e-01
1.926759684890116286e+00
0.000000000000000000e+00
1.837814872430101776e+00
0.000000000000000000e+00
0.000000000000000000e+00
9.598704731839023951e-01
3.505656224941801624e-01
0.000000000000000000e+00
0.000000000000000000e+00
0.000000000000000000e+00
1.544976163202224084e-01
0.000000000000000000e+00
6.052540064012766896e-01
0.000000000000000000e+00
0.000000000000000000e+00
1.365713050012853591e+00
0.000000000000000000e+00
0.000000000000000000e+00
0.000000000000000000e+00
0.000000000000000000e+00
0.000000000000000000e+00
0.000000000000000000e+00
0.000000000000000000e+00
0.000000000000000000e+00
1.297199412702833232e+00
0.000000000000000000e+00
0.000000000000000000e+00
7.856327733655656814e-03
2.016950262823377915e-01
0.000000000000000000e+00
0.000000000000000000e+00
3.017497747178298217e-01
9.480219795304356545e-01
0.000000000000000000e+00
1.941616133933896204e+00
1.339801580511937651e+00
1.346560676751147545e+00
5.685120297339756323e-01
8.460073770329192833e-01
0.000000000000000000e+00
6.309042009775864823e-01
0.000000000000000000e+00
0.000000000000000000e+00
1.549787575989642008e+00
0.000000000000000000e+00
1.532664564954367981e+00
5.660484870236708321e-01
0.000000000000000000e+00
3.942835375700184941e-01
2.524597307751747510e-01
4.501249046683489241e-03
1.572782885243230733e-01
7.429380106956592345e-01
2.717651172718472896e+00
9.769555403905092472e-01
0.000000000000000000e+00
6.996502987588849587e-01
1.841827086480254394e+00
0.000000000000000000e+00
0.000000000000000000e+00
9.479663126566146847e-01
7.780982296122902764e-03
3.213711108780704651e-01
2.007748470182878719e+00
0.000000000000000000e+00
1.579347409282093828e+00
1.706451391291245567e+00
1.302731991863389283e+00
0.000000000000000000e+00
0.000000000000000000e+00
3.181058518871711094e-01
0.000000000000000000e+00
5.858633251632624703e-03
0.000000000000000000e+00
0.000000000000000000e+00
0.000000000000000000e+00
0.000000000000000000e+00
