# Ensemble D, m = 1000.0, lambda = [  1.52372459e-08  -1.41651090e-08   0.00000000e+00   1.59117570e-09]
0.000000000000000000e+00
3.021049853077585556e+00
6.562899704082820751e-01
2.816170586490823746e-01
2.291022525378615171e+00
0.000000000000000000e+00
0.000000000000000000e+00
2.140104736615699554e+00
2.306840152008884370e-01
8.695428310134065142e-02
1.071592768118889927e+00
0.000000000000000000e+00
0.000000000000000000e+00
7.060060033779272937e-01
3.085784710244983131e-01
2.366701354607588570e+00
1.533414891105604916e+00
0.000000000000000000e+00
0.000000000000000000e+00
5.208890709899993698e-01
0.000000000000000000e+00
0.000000000000000000e+00
0.000000000000000000e+00
9.944544955107775808e-01
0.000000000000000000e+00
0.000000000000000000e+00
3.853435766353898173e-01
0.000000000000000000e+00
0.000000000000000000e+00
1.216727956747764017e+00
0.000000000000000000e+00
0.000000000000000000e+00
6.185220588907576200e-01
0.000000000000000000e+00
5.328120091071427700e-01
1.266894937599158499e+00
2.156551598393015468e+00
0.000000000000000000e+00
2.151797170464149644e+00
0.000000000000000000e+00
0.000000000000000000e+00
9.625799338662552884e-01
7.109703112633017907e-01
0.000000000000000000e+00
0.000000000000000000e+00
0.000000000000000000e+00
1.478640179788315745e+00
1.053024864336238320e+00
0.000000000000000000e+00
1.818340836229296986e+00
0.000000000000000000e+00
0.000000000000000000e+00
0.000000000000000000e+00
0.000000000000000000e+00
0.000000000000000000e+00
8.779055251653857805e-01
3.783046314638814911e-01
3.579908623009014912e-01
2.220683163980134434e-01
6.997242757507461386e-01
8.982761313813705240e-01
3.475805763855364661e-01
4.709641401663107185e-01
3.733581194523070579e+00
0.000000000000000000e+00
2.279354629994382542e+00
6.345183224714390224e-01
0.000000000000000000e+00
0.000000000000000000e+00
7.009879812155097589e-01
0.000000000000000000e+00
9.337495198368551963e-02
8.506272650604461694e-01
3.655772628595713170e-01
0.000000000000000000e+00
0.000000000000000000e+00
9.538683398982320538e-01
0.000000000000000000e+00
0.000000000000000000e+00
0.000000000000000000e+00
1.376522529258178591e-02
4.275078332075947785e-01
0.000000000000000000e+00
8.395500319675902601e-02
1.930041158223217534e+00
0.000000000000000000e+00
3.500888160317265463e+00
1.152366239188393378e-02
3.868085839982944862e-01
0.000000000000000000e+00
0.000000000000000000e+00
0.000000000000000000e+00
0.000000000000000000e+00
0.000000000000000000e+00
0.000000000000000000e+00
1.286389839626950859e+00
0.000000000000000000e+00
1.029277422032935485e+00
1.601452081379959091e+00
0.000000000000000000e+00
