# Ensemble D, m = 1000.0, lambda = [  1.54947369e-08  -1.39014031e-08   0.00000000e+00   2.32937776e-09]
1.966794061217576717e+00
0.000000000000000000e+00
2.524027708483076449e+00
8.950708055292709853e-01
3.171835077350116383e-01
0.000000000000000000e+00
0.000000000000000000e+00
6.451091349707509526e-01
1.936526924699333518e+00
1.307519466189942081e+00
0.000000000000000000e+00
0.000000000000000000e+00
0.000000000000000000e+00
0.000000000000000000e+00
6.992611225720423151e-01
0.000000000000000000e+00
2.205245573402778270e+00
1.847226214030948110e+00
0.000000000000000000e+00
0.000000000000000000e+00
0.000000000000000000e+00
3.373854129545558855e+00
1.980933365737505836e-01
0.000000000000000000e+00
0.000000000000000000e+00
1.583596423247692009e+00
0.000000000000000000e+00
0.000000000000000000e+00
0.000000000000000000e+00
0.000000000000000000e+00
0.000000000000000000e+00
1.567833507009609217e+00
0.000000000000000000e+00
0.000000000000000000e+00
0.000000000000000000e+00
1.278170954651187685e+00
3.583808523932253687e-01
2.000909238437717508e-01
0.000000000000000000e+00
4.186737157904273365e-01
0.000000000000000000e+00
5.424301258320284314e-01
9.984143073496277720e-01
2.914289351575559128e-01
0.000000000000000000e+00
1.008417112919777897e-01
2.190360223299962605e+00
0.000000000000000000e+00
0.000000000000000000e+00
3.928925724949015041e-01
2.099374937800772667e+00
1.908192544166995575e+00
8.432309336276068157e-01
0.000000000000000000e+00
1.828330973490978950e+00
2.642429901011446258e+00
1.701218960208674691e+00
0.000000000000000000e+00
0.000000000000000000e+00
1.369356641535208752e-01
3.897263711891876814e-01
1.798070633367962357e+00
0.000000000000000000e+00
0.000000000000000000e+00
0.000000000000000000e+00
0.000000000000000000e+00
1.336368549016273555e+00
0.000000000000000000e+00
0.000000000000000000e+00
0.000000000000000000e+00
0.000000000000000000e+00
0.000000000000000000e+00
1.845537596844806671e+00
4.757045779830370025e-01
0.000000000000000000e+00
1.227083276833963010e+00
0.000000000000000000e+00
0.000000000000000000e+00
0.000000000000000000e+00
0.000000000000000000e+00
5.924993778919132037e-01
2.380776802943074255e+00
0.000000000000000000e+00
0.000000000000000000e+00
1.300430108322286005e+00
0.000000000000000000e+00
1.434040785958085262e+00
4.855192638518984194e-01
5.314997087305164403e-01
0.000000000000000000e+00
0.000000000000000000e+00
0.000000000000000000e+00
2.378657604720016694e-01
0.000000000000000000e+00
0.000000000000000000e+00
0.000000000000000000e+00
0.000000000000000000e+00
9.322376859110051983e-01
0.000000000000000000e+00
0.000000000000000000e+00
