# Ensemble D, m = 1000.0, lambda = [  1.61429197e-08  -1.34880603e-08   0.00000000e+00   3.15291857e-09]
3.101146374622289592e+00
5.691080135861421169e-02
1.853327728208557790e-01
2.028583891137319739e+00
0.000000000000000000e+00
0.000000000000000000e+00
9.762982166380836935e-01
0.000000000000000000e+00
6.995552620444590586e-01
6.267076630358496825e-01
1.420067058825028816e+00
2.567653635080764316e-02
0.000000000000000000e+00
9.711083518995450303e-01
1.461495650902380872e+00
1.963432871965223425e+00
9.624997023071379942e-01
9.704627020154746875e-01
0.000000000000000000e+00
0.000000000000000000e+00
2.851201312833332224e+00
6.877371058448221719e-01
1.234714647317828873e-01
7.226038425581235991e-01
0.000000000000000000e+00
0.000000000000000000e+00
2.129639010306898950e+00
4.118185189482787556e-01
1.847555098183781608e+00
2.564008735937775129e-03
9.901927152609122373e-01
2.070651452972889217e+00
6.904382857855573263e-01
0.000000000000000000e+00
0.000000000000000000e+00
0.000000000000000000e+00
1.677425360937482735e+00
0.000000000000000000e+00
1.442680138275182156e+00
0.000000000000000000e+00
0.000000000000000000e+00
1.953557132611748182e-01
0.000000000000000000e+00
4.519820045435721800e-01
0.000000000000000000e+00
1.756569825187687811e-02
2.191696311719200721e-02
4.916292329275817607e-01
9.572444398967153711e-01
1.850898274503589569e+00
7.587090750902504288e-01
9.452021835920130233e-01
0.000000000000000000e+00
1.017494199943112188e+00
0.000000000000000000e+00
1.097490755116736771e-01
0.000000000000000000e+00
1.718270215893832539e-02
5.055479819753815329e-01
1.112023702045310758e+00
1.156085466679620088e+00
0.000000000000000000e+00
2.388957847618415009e+00
0.000000000000000000e+00
0.000000000000000000e+00
1.507948598411180896e+00
0.000000000000000000e+00
1.273885297316802223e+00
0.000000000000000000e+00
8.889896660908337411e-01
2.772144538623388943e-01
1.948665726053484093e+00
1.221707444018471200e+00
4.790875607904517830e-01
0.000000000000000000e+00
0.000000000000000000e+00
2.293381567084291639e+00
7.711063633935100192e-01
1.486838600789761156e+00
2.649855667106791657e+00
5.164404390073416007e-01
1.214685293904403274e+00
7.372849995956922697e-01
5.094605889346901506e-01
9.407192073152246259e-01
0.000000000000000000e+00
7.198664618007534488e-02
8.834875401931138184e-01
1.361008711505041546e+00
0.000000000000000000e+00
0.000000000000000000e+00
9.017015223642389499e-01
1.933876350966256229e-03
0.000000000000000000e+00
1.601957080182494220e-01
1.436899205589994510e+00
0.000000000000000000e+00
0.000000000000000000e+00
1.610643316642463185e+00
4.408943403633859837e-01
