# Ensemble D, m = 1000.0, lambda = [  2.19851074e-08  -1.80914385e-08   0.00000000e+00   2.73686238e-09]
1.373209427804423566e+00
1.949186702398718829e+00
1.960319343737273234e+00
0.000000000000000000e+00
0.000000000000000000e+00
2.017740017464157543e+00
2.662668757779854456e+00
0.000000000000000000e+00
0.000000000000000000e+00
3.155767303933046719e+00
1.354283599857052156e+00
0.000000000000000000e+00
0.000000000000000000e+00
9.335473112844138166e-01
1.045937885924143940e+00
0.000000000000000000e+00
6.236855012062372250e-01
3.975370504272340288e-01
1.119482088366451134e+00
5.101137968870994577e-01
8.789166223939881561e-01
7.577061143893470962e-01
0.000000000000000000e+00
3.642596586563107836e-02
0.000000000000000000e+00
1.698771933312404725e+00
0.000000000000000000e+00
1.623534768994158828e+00
1.707405639743072578e+00
1.128509536001110369e+00
7.481226016706636617e-02
0.000000000000000000e+00
9.449906606714839619e-01
9.087663914369694673e-01
1.845169743942324914e+00
1.672883482021143120e+00
0.000000000000000000e+00
0.000000000000000000e+00
0.000000000000000000e+00
1.066582186490197648e+00
8.831512753895531809e-02
2.270215828667785374e+00
2.923363799411339503e+00
0.000000000000000000e+00
0.000000000000000000e+00
1.192470149882433716e+00
1.624558125652266538e+00
1.350433321955339494e+00
4.321595113070660910e-01
0.000000000000000000e+00
5.714256969858032553e-01
0.000000000000000000e+00
1.378533162413957402e+00
2.432557798579845887e+00
7.377396184670084178e-01
0.000000000000000000e+00
2.321359933809997056e+00
8.300517608307595996e-01
0.000000000000000000e+00
3.047645224165388411e-01
2.490555968094265993e-01
1.774191869947207234e+00
0.000000000000000000e+00
9.280229858195576664e-02
1.866180215949624577e+00
0.000000000000000000e+00
2.180116439716528465e+00
1.007085561655151507e+00
2.098126179575326322e+00
9.064845365323686011e-01
0.000000000000000000e+00
1.106591485584049322e-01
1.054147242100438087e+00
0.000000000000000000e+00
8.006766611201941997e-01
0.000000000000000000e+00
1.031822400506716031e+00
1.949838784162402749e+00
7.737329964964299034e-01
1.623042363332854121e+00
1.985824916351091929e+00
0.000000000000000000e+00
1.444121795541903230e+00
0.000000000000000000e+00
8.580934889069425919e-01
1.163682441148211621e+00
2.264363827121753214e+00
1.062519366544188104e+00
2.680743242544928684e+00
1.229071845080060399e+00
2.060538073111715107e+00
1.149183209838949171e+00
6.448318071487399994e-01
0.000000000000000000e+00
2.536738934516881816e+00
2.311291908757893143e+00
0.000000000000000000e+00
1.333550576061847792e+00
5.296405486047547351e-01
0.000000000000000000e+00
