# Ensemble D, m = 1000.0, c_n/c_p = 0.651612903226, f = -0.973913043478
# lambda = [  2.35862329e-08  -1.49681608e-08   0.00000000e+00   3.48757836e-09]
#  
9.243377984731346864e-01
1.914631060365209470e+00
0.000000000000000000e+00
2.854246173202811931e+00
3.421067090359645180e-01
7.829735044578070013e-01
3.814235586266696010e-01
4.067467267218921601e-01
2.047096878055386426e+00
1.706267548797831601e+00
7.291000553360011960e-01
7.986669984609379158e-01
1.445390655151927106e+00
3.063961800587046702e-01
3.583169691549372565e-02
0.000000000000000000e+00
0.000000000000000000e+00
0.000000000000000000e+00
3.281111422039925118e-01
4.332867783343860024e-01
2.233506469661076799e-01
1.323340760909720970e+00
1.857957688364585858e+00
4.541256626941567731e-01
9.193528043662965166e-01
0.000000000000000000e+00
0.000000000000000000e+00
1.111377376161560626e+00
1.030865669331215262e+00
6.597019573679228088e-01
2.184372839201853100e+00
0.000000000000000000e+00
8.459952574763984767e-01
0.000000000000000000e+00
0.000000000000000000e+00
8.277257297026641147e-01
0.000000000000000000e+00
6.516754459567402069e-01
0.000000000000000000e+00
0.000000000000000000e+00
2.944479326177557033e-01
1.776132815840490320e+00
0.000000000000000000e+00
1.043523982076392409e+00
1.112030014614495688e-01
7.439879098171771066e-01
1.464229795057742312e+00
1.369060272073536755e+00
3.932293856302057078e-01
3.572732521836474717e-01
8.406829950391666584e-01
0.000000000000000000e+00
1.272104406466406212e+00
0.000000000000000000e+00
7.031806948681444958e-01
1.695193193028172729e+00
1.295014521565879484e+00
9.212711239732879198e-01
0.000000000000000000e+00
7.868799758821702905e-01
7.648445116803140875e-01
0.000000000000000000e+00
0.000000000000000000e+00
1.514621478191648496e+00
2.288026302135832246e+00
0.000000000000000000e+00
7.082133392342635503e-01
3.631321209946685169e+00
1.539097385927117756e+00
0.000000000000000000e+00
8.466704733073847633e-01
1.739805194590694049e+00
1.342595702800846169e+00
6.573192514491825733e-01
1.950445178407961722e+00
1.316673012659058228e+00
8.295460793147922951e-01
0.000000000000000000e+00
5.115552673324378352e-01
0.000000000000000000e+00
0.000000000000000000e+00
0.000000000000000000e+00
8.131445171738234112e-01
1.143405301300355337e+00
9.652175143022199144e-01
0.000000000000000000e+00
1.174877425328526348e+00
0.000000000000000000e+00
2.865096559522815944e+00
8.695161348566909920e-01
0.000000000000000000e+00
0.000000000000000000e+00
7.640758481607652364e-01
0.000000000000000000e+00
2.009099143308183330e-02
0.000000000000000000e+00
7.577984081135124006e-01
8.655025857559710545e-01
0.000000000000000000e+00
3.987735218576017593e-02
