# Ensemble D, m = 1000.0, c_n/c_p = 0.703225806452, f = -0.996086956522
# lambda = [  6.15525533e-08  -4.31159665e-08   0.00000000e+00   3.82549763e-09]
#  
3.539352846450836143e+00
2.427548498208165206e+00
3.783067316406394376e+00
2.449907984718817211e+00
4.086615895174114499e+00
3.471407440000023659e+00
2.615445701629533382e+00
3.840038561634485870e+00
3.161729760456567284e+00
3.256782428366722382e+00
3.747591534199405494e+00
2.347904035808463519e+00
3.087255500440160283e+00
3.665057632837341206e+00
2.901931426940301151e+00
2.183327634945395612e+00
2.772428287496283783e+00
1.981046302304589224e+00
3.257335910531697465e+00
1.927816321356343066e+00
3.950018198259940938e+00
4.708639475884474734e+00
1.352836670210064041e+00
4.969897026834952491e+00
2.698173163260100260e+00
2.345395321971976976e+00
2.225020087804230773e+00
3.297473020758739715e+00
5.095627648956395639e+00
9.917734006911491651e-01
3.002982723923002695e+00
3.038637192689003896e+00
3.211481895111719442e+00
1.948709514684958011e+00
3.244402316810860221e+00
3.764843621358895387e+00
2.506710584886582716e+00
1.026708053983122815e+00
3.105479953691947514e+00
2.854667714932408007e+00
2.299665142826228692e+00
3.994007493530268960e+00
3.884480024641149942e+00
1.292121392747517916e+00
3.956276116649120489e+00
2.567826477971066446e+00
1.830638892282596242e+00
3.370298461235336607e+00
2.089487364379500445e+00
2.520597200100045399e+00
3.048061410362903789e+00
4.418318083425841536e+00
4.288134077119736709e+00
5.174532324783433168e+00
2.836677201470863885e+00
1.265316713468324750e+00
3.175046962125539274e+00
3.596514289688597543e+00
2.715068116828657452e+00
2.765468832605404881e+00
4.359206900039659160e+00
2.981862373000845778e+00
4.202711854550122972e+00
1.846545032152062671e+00
2.957923248588757659e+00
1.729604033362462934e+00
4.217569779879413172e-01
1.920630645603298881e+00
4.668829111193265824e+00
3.001190732983689102e+00
3.041322584070742963e+00
4.103335433815145095e+00
2.069230957190220543e+00
2.970555074551514352e+00
4.463380551172236643e+00
4.427863610265129424e+00
1.200036294517706548e+00
1.537658160843665467e+00
3.701916076432979708e+00
1.849308017822897998e+00
4.150677130751158295e+00
2.119188960444025049e+00
3.176955928171742993e+00
2.830471799497135788e+00
1.865879810832911101e+00
2.473785207246300910e+00
2.740789827249254795e+00
4.375591263340272263e+00
2.889588221987758221e+00
3.719632843382506326e+00
2.866191355027703835e+00
2.628142867966827279e+00
4.186806306632096408e+00
3.330004857430487242e+00
2.299915355527366589e+00
1.350266957834292292e+00
3.991829814484519900e+00
4.865069446694683997e+00
3.364788229675486519e+00
2.027820942645983227e+00
