# Ensemble D, m = 1000.0, lambda = [  2.51632734e-08  -1.69582199e-08   0.00000000e+00   3.76332707e-09]
0.000000000000000000e+00
0.000000000000000000e+00
1.595241194533856044e+00
0.000000000000000000e+00
6.160134155619452490e-02
0.000000000000000000e+00
0.000000000000000000e+00
0.000000000000000000e+00
9.016406500980876926e-01
5.982528330809631090e-01
2.287282914229588293e+00
1.509467883830472035e+00
0.000000000000000000e+00
0.000000000000000000e+00
9.943742131662713923e-01
1.269071683817654783e+00
0.000000000000000000e+00
5.834169665546026229e-01
0.000000000000000000e+00
9.506580965921124227e-01
5.131323777602817549e-01
2.141273609258121269e+00
1.597828268014116038e+00
1.728043817397187043e+00
0.000000000000000000e+00
0.000000000000000000e+00
1.147712246435811378e+00
2.077744096472180224e-01
0.000000000000000000e+00
1.272354194542899997e+00
5.532937531738592318e-02
0.000000000000000000e+00
1.327728527730370756e+00
4.518817983640627256e-01
6.060547569884743302e-01
9.355211249500909876e-01
1.810725561445921450e+00
0.000000000000000000e+00
0.000000000000000000e+00
3.624317585713406342e-01
0.000000000000000000e+00
2.835293918269073732e+00
2.679832360171742867e+00
1.124760912807672764e+00
1.809992836160655871e+00
6.738055851176512068e-01
0.000000000000000000e+00
0.000000000000000000e+00
1.364519440390646654e+00
5.683316738451827943e-01
0.000000000000000000e+00
2.746065687828366242e-01
4.533360401096764303e-01
1.531428416767493250e-01
0.000000000000000000e+00
1.583513229834599745e+00
1.018606964624112265e+00
0.000000000000000000e+00
1.339736269205916042e+00
3.617385088883881550e-01
1.545723319253440753e+00
9.712483026631174576e-02
1.192575872015566141e+00
0.000000000000000000e+00
0.000000000000000000e+00
0.000000000000000000e+00
1.038774400659614461e-01
9.138215622474999966e-01
2.344108480769309555e+00
1.074670721541264376e-02
0.000000000000000000e+00
2.719806144655466662e-01
0.000000000000000000e+00
0.000000000000000000e+00
3.241091227118761409e-01
6.731136471602434945e-02
5.495401865518723117e-01
2.765671815337059636e-01
0.000000000000000000e+00
1.191931338388314110e+00
0.000000000000000000e+00
0.000000000000000000e+00
0.000000000000000000e+00
0.000000000000000000e+00
0.000000000000000000e+00
0.000000000000000000e+00
4.494140681460521702e-01
5.150695463644009431e-01
1.325148538843891721e+00
0.000000000000000000e+00
8.947511307002686820e-01
4.203005863959267674e-01
1.479582002758316639e+00
4.365041545192632766e-01
2.044432022879968169e+00
1.799433458716969358e+00
0.000000000000000000e+00
1.174798650100302932e+00
0.000000000000000000e+00
0.000000000000000000e+00
