# Ensemble D, m = 1000.0, lambda = [  1.97652079e-08  -1.31180865e-08   0.00000000e+00   3.75294825e-09]
0.000000000000000000e+00
0.000000000000000000e+00
1.040342173586774832e+00
9.292862177198172313e-01
0.000000000000000000e+00
0.000000000000000000e+00
3.544371328682121569e-01
0.000000000000000000e+00
5.439868571073651626e-01
1.063472660828095884e-01
4.309496253973071900e-01
7.958689638876215167e-01
1.590176404934151355e+00
0.000000000000000000e+00
0.000000000000000000e+00
3.591450568458538495e-01
4.118761852442906490e-01
1.099179535168733235e+00
1.627785113799212757e-01
3.150109641480194345e-01
6.110425036562602275e-01
1.659579858136895680e+00
0.000000000000000000e+00
0.000000000000000000e+00
1.353014077617676003e+00
0.000000000000000000e+00
0.000000000000000000e+00
0.000000000000000000e+00
0.000000000000000000e+00
0.000000000000000000e+00
0.000000000000000000e+00
1.478235841414080598e+00
1.438132031471443417e+00
3.287835741865779315e+00
5.291791591558279162e-01
0.000000000000000000e+00
4.998150423517171426e-01
0.000000000000000000e+00
2.066207168458325416e+00
0.000000000000000000e+00
0.000000000000000000e+00
4.800181865395585640e-02
8.271865043073571844e-01
7.814793557391275236e-01
5.457784877542653373e-03
8.834550998106294184e-01
0.000000000000000000e+00
1.109576340014093887e+00
2.309645169518786956e-03
9.804049511515663395e-01
1.364271726352812852e-01
6.015580358751093648e-01
0.000000000000000000e+00
3.176081530355505667e-01
9.821010130967826324e-02
1.701328349145593832e-01
3.831138862925565491e-01
2.210880786691876487e+00
0.000000000000000000e+00
9.307799324368135618e-01
0.000000000000000000e+00
1.558881001356742901e+00
1.275488794168055051e+00
0.000000000000000000e+00
2.071430112316406280e+00
5.571538675832992532e-02
6.386103350894131170e-01
1.232798456582323121e+00
0.000000000000000000e+00
2.037784714268008113e+00
4.514901289302592283e-03
6.946615393545013672e-01
1.161979754233639639e+00
1.351439875276384539e+00
0.000000000000000000e+00
1.293549839578592986e-01
2.485145365838084430e+00
4.190007237424198672e-01
9.656148536333636345e-02
1.456314646551458925e+00
0.000000000000000000e+00
6.292761732877242276e-01
8.876298530649492924e-02
3.597382049329578835e-01
1.591786916078552494e+00
1.018388753196634910e+00
0.000000000000000000e+00
5.498797531355005264e-01
7.469872727532604895e-01
1.531887492200396661e+00
1.374281384270126694e+00
3.175538300179713003e-02
4.990472472134380721e-01
0.000000000000000000e+00
0.000000000000000000e+00
0.000000000000000000e+00
7.027281188926535194e-01
0.000000000000000000e+00
1.555887173752324437e-01
0.000000000000000000e+00
