# Ensemble D, m = 1000.0, lambda = [  2.49945902e-08  -1.71593909e-08   0.00000000e+00   3.80797044e-09]
0.000000000000000000e+00
1.886960102836479969e+00
2.196901807153725628e+00
9.432393467389997843e-01
0.000000000000000000e+00
1.224579413043965115e+00
2.704656604483348215e+00
1.047113026787947820e+00
3.029187086671870088e-01
1.911234659901396293e+00
2.666270949314861749e+00
1.306055065660598549e-02
6.575831142012414920e-01
1.235420531582879011e+00
8.299190761179895404e-01
8.392531909732775519e-01
6.931984909948590845e-02
0.000000000000000000e+00
1.058901518553658327e+00
7.171164152502305759e-03
0.000000000000000000e+00
0.000000000000000000e+00
6.309805278309931209e-01
3.711106096812107902e-01
3.929227463696866596e-01
2.220351095001903696e-01
3.001512481510849040e-01
0.000000000000000000e+00
0.000000000000000000e+00
2.889154314756038344e-01
2.103581440673881531e+00
0.000000000000000000e+00
0.000000000000000000e+00
0.000000000000000000e+00
4.126369322383713345e-01
2.527914272494909298e+00
1.082002674545723853e+00
0.000000000000000000e+00
2.795870565729997814e+00
1.150992773652046025e-01
0.000000000000000000e+00
1.869531171170125017e+00
6.711786527956203896e-01
1.062897033495875387e-01
2.215233871881689520e+00
0.000000000000000000e+00
1.880611461520805827e+00
2.245436521005998110e+00
1.202454352674990457e+00
1.339192842543587503e+00
1.671391034254083419e+00
0.000000000000000000e+00
1.886896868800193694e+00
1.007133167593164069e+00
4.651486036200889185e-01
2.136778329087455131e+00
0.000000000000000000e+00
5.629132043219142734e-01
1.472159450958710147e+00
6.357367704803853492e-01
5.779033804454716261e-01
1.103581667338362937e+00
1.011462539309871067e+00
1.326402524072930689e+00
1.388851783594759137e+00
3.336893714102465158e-01
4.312620059932675658e-03
0.000000000000000000e+00
1.486618558288340441e+00
9.319058959114095986e-01
1.073203688823250346e+00
0.000000000000000000e+00
2.303859934847976465e+00
2.431223949199219359e-01
0.000000000000000000e+00
1.736838273025463064e-01
1.934317780905530304e+00
0.000000000000000000e+00
1.715488716819833392e+00
1.097503222343132911e+00
1.971602486976335555e+00
9.480956770583113258e-01
2.518042262272645604e-01
2.326368705750370136e+00
5.459837783001607603e-01
9.513585354899756208e-01
2.555374181771450370e+00
0.000000000000000000e+00
0.000000000000000000e+00
1.048930141628923396e+00
1.276052282769594370e+00
0.000000000000000000e+00
1.310874185569777861e+00
1.196914121006105169e+00
1.767403041542261244e+00
0.000000000000000000e+00
5.511964331161917086e-01
0.000000000000000000e+00
9.673069052864066708e-03
1.651290183491394004e+00
