# Ensemble D, m = 1000.0, c_n/c_p = 0.845161290323, f = -0.97652173913
# lambda = [  1.73671942e-08  -1.43334645e-08   0.00000000e+00   3.16193558e-09]
#  
0.000000000000000000e+00
9.162148808384359411e-01
3.427987550388431753e-02
0.000000000000000000e+00
4.404323648109369042e-03
1.004917513294949494e+00
1.226575023184552471e+00
1.063065616360103327e+00
0.000000000000000000e+00
0.000000000000000000e+00
0.000000000000000000e+00
1.353424935263300766e+00
0.000000000000000000e+00
5.108901270403195527e-01
7.126942102620097419e-01
8.226361614685436807e-01
0.000000000000000000e+00
0.000000000000000000e+00
0.000000000000000000e+00
0.000000000000000000e+00
7.041160460213741201e-01
1.693680039644001323e-01
8.073574029464030202e-03
8.987915320467059974e-03
0.000000000000000000e+00
1.054162411100466157e+00
0.000000000000000000e+00
0.000000000000000000e+00
2.927420669504902095e-01
8.636173129169398832e-01
3.471985571809978466e-01
5.380396040088678555e-01
1.920971678941561622e+00
1.521369163869148000e+00
1.982193656110940783e+00
8.243938534125792028e-01
0.000000000000000000e+00
3.357319276176612965e-01
1.522780230163457205e+00
2.717994864650387643e-01
1.796266222260695766e+00
2.657661565926471514e+00
5.407569800292810758e-01
5.477242928099398389e-01
5.781177626469725939e-02
8.434599899599933837e-01
0.000000000000000000e+00
0.000000000000000000e+00
2.638264038310739412e+00
0.000000000000000000e+00
1.880550620630704883e-01
9.781406888386084963e-01
1.015878165069775907e+00
8.948287653583758550e-01
9.348610995384483147e-01
0.000000000000000000e+00
5.224603363004683976e-01
2.408120713145416758e+00
7.168558169060728069e-01
0.000000000000000000e+00
0.000000000000000000e+00
0.000000000000000000e+00
5.970225297421551947e-01
1.440635544687317138e+00
1.033043616362029071e-01
0.000000000000000000e+00
7.785713943343686161e-01
1.081468373261989857e+00
1.264929158301649981e+00
9.107714926173617886e-01
0.000000000000000000e+00
1.544893075607252309e+00
1.658302041076140210e+00
0.000000000000000000e+00
6.400815915820588439e-03
9.262177456789846275e-01
1.079448556774137646e+00
3.582943151485273175e-02
0.000000000000000000e+00
0.000000000000000000e+00
2.050192824241068745e+00
6.914511600151388437e-01
3.494768186842284408e+00
1.917831623284950437e-01
1.384428748187368052e+00
6.437984683384248008e-01
3.220716097763057228e-01
9.573636610760033472e-01
0.000000000000000000e+00
1.693072146834446734e+00
6.940057484679107436e-01
2.565795575502187731e+00
3.402548242262735112e-01
1.552095826631094244e+00
0.000000000000000000e+00
1.903932197376751345e+00
1.791644036319438582e+00
1.183132137324523603e+00
0.000000000000000000e+00
0.000000000000000000e+00
