# Ensemble D, m = 1000.0, lambda = [  1.17145594e-08  -1.07290248e-08   0.00000000e+00   2.88422006e-09]
0.000000000000000000e+00
0.000000000000000000e+00
1.430964749531346447e+00
2.935732240944781135e-01
4.398268065428364570e-01
4.686759515511466079e-01
2.328866079042762216e+00
0.000000000000000000e+00
0.000000000000000000e+00
1.367510233175372458e-01
0.000000000000000000e+00
0.000000000000000000e+00
6.144099971406312699e-01
1.359904430353642280e+00
9.867170284442904338e-01
2.011110589405139315e+00
0.000000000000000000e+00
6.431895956392800207e-01
0.000000000000000000e+00
1.659666734224751750e-01
1.087782988383105165e+00
0.000000000000000000e+00
6.006390412855670997e-03
0.000000000000000000e+00
5.010827287474738378e-01
2.126934331088450314e+00
0.000000000000000000e+00
0.000000000000000000e+00
0.000000000000000000e+00
1.983289444746739960e+00
9.303418574081325776e-01
6.283974771404053812e-03
6.774551808549067466e-01
0.000000000000000000e+00
0.000000000000000000e+00
6.798052648548074117e-01
2.766850539360608541e-01
4.200322598621244324e-02
7.847482843201250002e-01
0.000000000000000000e+00
0.000000000000000000e+00
8.786977958067400118e-01
3.775243227418269721e-03
0.000000000000000000e+00
6.945316154707620315e-01
0.000000000000000000e+00
6.121368446835937505e-01
5.553451954984139904e-01
0.000000000000000000e+00
0.000000000000000000e+00
0.000000000000000000e+00
0.000000000000000000e+00
9.536745981214527212e-01
0.000000000000000000e+00
0.000000000000000000e+00
9.739702558501854845e-01
0.000000000000000000e+00
0.000000000000000000e+00
8.710726765004481731e-01
8.874162201301109831e-02
0.000000000000000000e+00
4.313088345336883733e-03
9.927533284348899478e-01
1.010501214051950480e+00
0.000000000000000000e+00
7.565205875654608045e-03
8.140847060616794584e-02
1.628467229900588259e-02
0.000000000000000000e+00
3.810223787613676704e-03
0.000000000000000000e+00
1.395885460346321549e+00
9.011281010942525649e-01
0.000000000000000000e+00
0.000000000000000000e+00
0.000000000000000000e+00
0.000000000000000000e+00
1.297172675193681179e+00
6.028987810358713562e-01
1.942586580301167709e+00
1.227223579323061697e+00
7.797791615910548355e-03
0.000000000000000000e+00
2.090200382518669020e+00
0.000000000000000000e+00
9.938115922200358998e-01
0.000000000000000000e+00
0.000000000000000000e+00
0.000000000000000000e+00
0.000000000000000000e+00
2.142352561616691353e-01
1.346397900812691173e+00
4.584455966715096364e-01
5.467572982466708531e-01
1.091486034025592078e+00
0.000000000000000000e+00
0.000000000000000000e+00
0.000000000000000000e+00
0.000000000000000000e+00
0.000000000000000000e+00
