# Ensemble D, m = 1000.0, lambda = [  2.46569501e-08  -1.72381908e-08   0.00000000e+00   3.82545753e-09]
1.250018808920193347e+00
4.815575606678822451e-01
0.000000000000000000e+00
1.033748079761643845e+00
1.642015671088494333e+00
0.000000000000000000e+00
0.000000000000000000e+00
1.732175652458053161e+00
6.706440922047330125e-03
3.880876061424766155e-01
2.313920473631803532e+00
6.929761862321453386e-03
1.253726828528318515e+00
0.000000000000000000e+00
3.183309717418261742e-01
8.518605045706441059e-01
0.000000000000000000e+00
1.519170028900042491e+00
0.000000000000000000e+00
0.000000000000000000e+00
2.325674788186785413e+00
8.604280209840949045e-03
1.938644301116123625e+00
2.973198239692204314e+00
7.502240961446421386e-01
1.167334114265339062e+00
2.310468469495855715e+00
2.433461134859989383e-01
2.637128022457140730e+00
7.977872505797540814e-01
8.017107576676950342e-02
1.274522074229281488e-01
2.310045969694333845e+00
0.000000000000000000e+00
9.790793165719050561e-01
9.072457991081310791e-01
5.629289506981581814e-01
4.888345280106631829e-01
0.000000000000000000e+00
1.137640583351546969e-01
2.543014320017837008e-03
0.000000000000000000e+00
3.471849406097368695e-02
1.031654681937602902e+00
7.876470784105519263e-01
1.982394205327903114e-01
1.044557873943552373e+00
2.068780192197906764e+00
7.618295425099257390e-01
0.000000000000000000e+00
6.259635466642221591e-02
2.952726767460521984e+00
1.127036356542961748e+00
6.580517931572299473e-01
1.179512864837677144e+00
1.367189104820941470e+00
1.341495104974493868e+00
0.000000000000000000e+00
2.199208785669760857e+00
4.588406324029555283e-01
1.168989409693288906e+00
0.000000000000000000e+00
4.307264665782973290e-01
7.750286618803048366e-01
0.000000000000000000e+00
1.719713683704129359e+00
2.782552984532357776e+00
0.000000000000000000e+00
1.625459086867131919e+00
1.078025511469423492e+00
6.818730040680537341e-01
0.000000000000000000e+00
0.000000000000000000e+00
0.000000000000000000e+00
9.638905815785265840e-01
1.113092312332764511e+00
1.620955504086353471e+00
1.126191430760457468e+00
0.000000000000000000e+00
1.611006060927418826e+00
9.215573222020694011e-02
4.145310062815939500e-01
9.430774601882502273e-01
1.440105342680197298e+00
2.354851875448506160e+00
0.000000000000000000e+00
1.089177022621081514e+00
1.805720172023858039e+00
1.253252075801919663e+00
2.026150508705102382e+00
6.496216435283336255e-01
0.000000000000000000e+00
0.000000000000000000e+00
2.236207653324523981e-01
0.000000000000000000e+00
2.651349320971107204e+00
6.060429869792315349e-01
7.292272821217519185e-01
0.000000000000000000e+00
0.000000000000000000e+00
