# Ensemble D, m = 1000.0, c_n/c_p = 0.793548387097, f = -0.961428571429
# lambda = [  1.68682861e-08  -1.28694918e-08   0.00000000e+00   3.68182789e-09]
#  
0.000000000000000000e+00
2.040301536943154304e+00
1.482767007687287031e-01
6.791305849902080638e-01
7.253384426163606014e-02
0.000000000000000000e+00
0.000000000000000000e+00
4.038832415597983644e-02
9.109371193778093012e-01
6.393731340153169240e-01
2.350469848229716163e+00
1.183999258130335352e+00
0.000000000000000000e+00
1.393168016946913168e+00
0.000000000000000000e+00
6.238470232101056556e-01
7.999837747133726751e-01
1.253888672938813453e+00
1.742599330695765225e+00
2.765633955904342467e-01
0.000000000000000000e+00
5.943988617156809040e-01
1.316623165584933197e+00
0.000000000000000000e+00
2.491838106503137529e-01
1.204316176382495884e+00
4.290585798746839735e-02
1.334519358319070648e+00
0.000000000000000000e+00
2.070962385946458761e-01
0.000000000000000000e+00
3.333926416975335066e-02
7.789444147448204570e-01
1.036101138842875136e+00
0.000000000000000000e+00
2.542800662154787616e+00
5.295345856971221954e-01
7.436791209774322800e-03
0.000000000000000000e+00
6.558806485680051222e-03
3.766406511190212303e-01
1.308929916844546071e+00
9.829393278196408845e-01
3.854114045145138889e-01
0.000000000000000000e+00
1.751546511614714641e+00
2.196683699856373018e+00
1.112320415155614306e+00
4.208386502617419422e-01
5.264213664949071170e-01
0.000000000000000000e+00
4.085177432661282748e-01
5.965568782211703169e-01
0.000000000000000000e+00
1.793079731913221009e+00
2.858165186771013389e-01
2.142784470366387861e+00
2.686924241428079729e-01
4.230888795505341471e-01
0.000000000000000000e+00
3.676592398864736433e-01
0.000000000000000000e+00
0.000000000000000000e+00
6.967509103847214780e-01
1.250466316783322096e+00
1.054900895808774525e-01
0.000000000000000000e+00
4.520144809024940202e-01
1.721173619861553261e+00
4.444161209623870290e-01
1.318305983692993344e+00
2.250560132364251287e-01
6.702371011367714848e-01
0.000000000000000000e+00
0.000000000000000000e+00
4.860433974258626111e-01
0.000000000000000000e+00
0.000000000000000000e+00
0.000000000000000000e+00
0.000000000000000000e+00
1.128150140557095060e+00
1.501304546431008746e-01
0.000000000000000000e+00
1.411839890609191961e-01
7.002297610590066945e-01
7.592121925078741951e-01
0.000000000000000000e+00
0.000000000000000000e+00
1.172357298015108018e+00
3.106860069253321588e-01
7.469781776478863211e-01
2.051498784991719671e+00
0.000000000000000000e+00
0.000000000000000000e+00
2.336303889374616652e-02
3.445209290122649287e-02
2.819031289408281182e+00
0.000000000000000000e+00
1.657713772832386079e+00
4.573511772593941149e-01
