# Ensemble D, m = 1000.0, c_n/c_p = 0.754838709677, f = -0.97652173913
# lambda = [  2.29773482e-08  -1.69369804e-08   0.00000000e+00   3.73626636e-09]
#  
9.285977676767927236e-02
2.129888838217711966e-01
1.963788990482621788e+00
2.646421783746772949e-01
0.000000000000000000e+00
0.000000000000000000e+00
9.310979817112857715e-02
2.840152904714175475e-01
1.064990618749602214e-01
0.000000000000000000e+00
4.013279500723532234e-01
2.323984081178082778e-02
7.720070979936248801e-01
5.167048367168942946e-02
1.755961618006560698e-01
0.000000000000000000e+00
8.560896815510479207e-01
7.766366596296855884e-02
0.000000000000000000e+00
4.352883326784482976e-01
1.481784110625305184e-01
1.832883397925200164e+00
1.965216827459072280e-01
1.919292034361636645e+00
2.325778924513727947e-02
5.245957359296635203e-02
0.000000000000000000e+00
1.134884184300501309e+00
8.477520267940314991e-01
1.547696589622549856e+00
4.232076020843625330e-01
4.539994235816446205e-02
0.000000000000000000e+00
0.000000000000000000e+00
1.354437501530268151e-01
0.000000000000000000e+00
1.736498964071934381e+00
0.000000000000000000e+00
3.503403740863951232e-01
8.469451481923832847e-02
1.746459065321990037e-02
2.011380504476079967e+00
7.497042425523763320e-01
9.811669916271653635e-02
1.664744966917637847e-01
3.656264192600148788e-01
1.290153347223428781e+00
2.212461607807839403e+00
0.000000000000000000e+00
0.000000000000000000e+00
1.759750507351457716e-01
1.056289459316664125e-01
0.000000000000000000e+00
6.775386681298446040e-03
9.026149205800390596e-02
0.000000000000000000e+00
0.000000000000000000e+00
2.621623110185122396e+00
4.583028455207047158e-02
7.657333829189490182e-02
1.241350732336584883e+00
2.241801353548871667e+00
2.791648822055723400e+00
3.247595810404504957e-02
7.274100950201863036e-02
7.342370790410089609e-02
1.144026190355110995e+00
5.338578651909658968e-01
2.505252528483237207e-01
4.360540567452174665e-01
2.438848178754454477e+00
1.028072942359061548e+00
2.202155847321217941e+00
1.190520227888525046e-01
0.000000000000000000e+00
9.423309283206302567e-01
1.724822140433278361e-01
1.559265077611064143e+00
2.174248262024786715e+00
2.547404324446962964e-01
1.446509500904894774e-01
2.238528422953180552e+00
1.626072883028454985e+00
0.000000000000000000e+00
1.378425279502635492e+00
1.248013056793726649e+00
1.559788994916567528e+00
1.734729656068241477e+00
1.673999766639720499e-01
1.141945994119498708e-01
3.592600348635521801e-02
2.956973439429040784e+00
1.439784727354232796e+00
1.525143096242668195e+00
3.845594953206212252e-01
6.130318809975262434e-02
7.472149820718352320e-01
5.446359520003372923e-02
0.000000000000000000e+00
6.655375323710417679e-02
