# Ensemble D, m = 1000.0, c_n/c_p = 0.961290322581, f = -0.975217391304
# lambda = [  1.20377059e-08  -1.12849525e-08   0.00000000e+00   2.56023163e-09]
#  
1.177766334588630226e+00
1.979625401113343397e+00
1.332066309015807581e+00
6.267972430147226159e-01
1.601493647250374464e+00
0.000000000000000000e+00
1.780298798952661077e+00
2.614392572118538816e+00
0.000000000000000000e+00
1.790672878183909855e+00
9.610231207337178727e-01
1.035783496626451416e+00
0.000000000000000000e+00
0.000000000000000000e+00
0.000000000000000000e+00
0.000000000000000000e+00
8.041995056674197118e-01
0.000000000000000000e+00
1.039354822428628422e+00
0.000000000000000000e+00
1.255943242261459591e+00
0.000000000000000000e+00
4.784275745361107890e-01
0.000000000000000000e+00
7.458418012232164579e-03
0.000000000000000000e+00
0.000000000000000000e+00
0.000000000000000000e+00
2.460926262068490189e+00
1.707337091655752426e+00
4.354323971785950542e-01
0.000000000000000000e+00
5.775876489432055227e-02
0.000000000000000000e+00
1.333422794063884309e+00
1.730601784740735116e-01
5.019587240366053527e-01
0.000000000000000000e+00
1.421783494172501827e+00
0.000000000000000000e+00
7.053588077414308932e-01
0.000000000000000000e+00
4.828917619530055938e-01
0.000000000000000000e+00
0.000000000000000000e+00
6.198444340366572325e-01
0.000000000000000000e+00
1.624153165311350566e+00
0.000000000000000000e+00
0.000000000000000000e+00
1.583725373229283528e+00
8.583631438572952854e-01
8.606033585508892081e-01
0.000000000000000000e+00
5.775837107461067044e-01
7.742813154025274258e-01
1.166485321977503431e-01
1.110669520759016260e+00
6.346826749198805073e-01
9.412639759193927036e-01
1.397499674281045934e+00
3.777877497340880516e-03
4.148569154398579900e-02
0.000000000000000000e+00
3.650147053479330626e-03
1.432515944917960748e+00
0.000000000000000000e+00
1.159124435238433233e-02
0.000000000000000000e+00
2.139044598300530731e-01
1.643583190006725259e+00
5.062317008958715503e-01
1.212006199478317336e+00
0.000000000000000000e+00
3.277278251624484162e-01
1.780858760218478221e+00
0.000000000000000000e+00
0.000000000000000000e+00
9.481463152310254383e-01
1.302429783921775996e+00
0.000000000000000000e+00
1.544440736227979394e-01
6.144317247820003658e-01
6.276215676377092656e-01
5.652546482501293879e-01
6.895905619182625124e-01
1.932465491394356638e+00
4.060360736838623530e-01
7.114410425958316020e-02
4.422058330217524813e-01
0.000000000000000000e+00
0.000000000000000000e+00
0.000000000000000000e+00
1.288119155827003981e+00
1.206975478755814901e+00
1.654509795432028252e+00
7.442266400275064919e-01
0.000000000000000000e+00
5.404003113583347728e-01
7.900925106829531641e-01
