# Ensemble D, m = 1000.0, c_n/c_p = 0.793548387097, f = -0.986956521739
# lambda = [  2.52115877e-08  -1.97456589e-08   0.00000000e+00   3.22080551e-09]
#  
0.000000000000000000e+00
0.000000000000000000e+00
2.832036616978262700e+00
0.000000000000000000e+00
1.836510016640185095e+00
2.521492564971050676e+00
1.315797287293004825e+00
1.904772039899845559e+00
2.139528224189178651e+00
0.000000000000000000e+00
8.219983068476252042e-01
2.576985808610963602e+00
7.168922725091035897e-01
1.819092965246855709e+00
0.000000000000000000e+00
2.159789436628675452e-01
2.888039051131781942e+00
2.748724884241435795e+00
1.004898462536274906e+00
0.000000000000000000e+00
1.420684438062794541e+00
0.000000000000000000e+00
2.917247063710367572e-01
1.480433195279591274e+00
2.685974442652980243e-01
1.560749347974773604e+00
2.829513988153604664e+00
2.244711272007798630e+00
0.000000000000000000e+00
0.000000000000000000e+00
2.371200080827627676e+00
0.000000000000000000e+00
0.000000000000000000e+00
6.484950777129964150e-01
1.333186616587422879e+00
2.764865138382726961e+00
1.141821796011813994e+00
1.261119523046412561e-01
1.463021211162709001e+00
1.467268792829180768e+00
2.545296384510777332e-01
2.642202330075361094e-01
2.112460787244019311e+00
1.671041210581934722e-02
2.913391482100023744e+00
0.000000000000000000e+00
1.288398406038128829e+00
1.490051027247736526e+00
1.888261712392548475e+00
2.034873312493832742e+00
1.856557283485556376e+00
1.098356324081165569e-01
9.422015947401592983e-01
4.052675624142935695e-01
0.000000000000000000e+00
1.508363078452615191e+00
1.064401083435387418e+00
2.011011714374977277e+00
0.000000000000000000e+00
0.000000000000000000e+00
7.673205230039911173e-01
2.953320947559455067e+00
8.871599020949037795e-02
6.396234417355869256e-03
2.959884466069694575e+00
1.301563449284902863e+00
9.966927182805471741e-01
0.000000000000000000e+00
0.000000000000000000e+00
2.203251482749218226e+00
1.683006260158842027e+00
1.339184186143540956e+00
2.496193580364789000e+00
1.328846622034537850e+00
2.631413334484115740e+00
6.766795532584597428e-01
2.358275585795436557e-01
8.640881151219504952e-01
3.546757170835979772e-02
0.000000000000000000e+00
3.147713343728053115e+00
9.843036167806661352e-01
1.793667447469804666e+00
0.000000000000000000e+00
1.013298175645745092e+00
2.028664497665805477e+00
1.674982432651458630e+00
2.719797645036467149e+00
1.554845195783518749e-02
1.656947233892301696e+00
1.823428174345778974e+00
1.543420909281204789e+00
5.152583395351157530e-02
2.531801454518116223e+00
2.228002293382369103e+00
1.489122446346890616e+00
1.524084143808989822e+00
1.514433244605895901e+00
5.596129639921204602e-01
5.704109461479921483e-01
