# Ensemble C, m = 1000.0, lambda = [  1.28869592e-08  -1.24288486e-08   0.00000000e+00   1.77101501e-09]
0.000000000000000000e+00
7.834798205274665639e-01
0.000000000000000000e+00
1.749753691274650080e+00
1.516182233273777991e+00
1.077677752921968990e+00
1.089266747779262356e+00
8.077853153528888885e-01
2.771841254977092106e-01
4.098732884964065293e-02
1.389237492003195351e+00
0.000000000000000000e+00
0.000000000000000000e+00
0.000000000000000000e+00
0.000000000000000000e+00
0.000000000000000000e+00
0.000000000000000000e+00
0.000000000000000000e+00
0.000000000000000000e+00
0.000000000000000000e+00
5.797231949983695509e-01
0.000000000000000000e+00
9.046908890981603113e-01
0.000000000000000000e+00
0.000000000000000000e+00
0.000000000000000000e+00
0.000000000000000000e+00
5.180559059366877106e-01
1.238594773486349609e+00
0.000000000000000000e+00
1.336848298355479692e+00
0.000000000000000000e+00
0.000000000000000000e+00
0.000000000000000000e+00
0.000000000000000000e+00
0.000000000000000000e+00
1.183667496910983941e+00
8.971107162127563150e-02
0.000000000000000000e+00
0.000000000000000000e+00
1.477381925482908143e+00
0.000000000000000000e+00
0.000000000000000000e+00
7.929816835108668416e-01
0.000000000000000000e+00
1.070725878991459101e+00
0.000000000000000000e+00
0.000000000000000000e+00
0.000000000000000000e+00
5.002739926461535758e-01
1.131719581162447391e-01
0.000000000000000000e+00
3.117070179625964221e-01
8.018531045696922765e-01
3.497791366339091101e-03
0.000000000000000000e+00
0.000000000000000000e+00
3.699769073563293625e-02
0.000000000000000000e+00
0.000000000000000000e+00
0.000000000000000000e+00
0.000000000000000000e+00
0.000000000000000000e+00
0.000000000000000000e+00
0.000000000000000000e+00
4.112081109263858170e-01
0.000000000000000000e+00
2.512064312155121160e-01
0.000000000000000000e+00
9.862994265818412210e-01
0.000000000000000000e+00
0.000000000000000000e+00
0.000000000000000000e+00
0.000000000000000000e+00
2.904888323003878420e-02
0.000000000000000000e+00
0.000000000000000000e+00
0.000000000000000000e+00
0.000000000000000000e+00
0.000000000000000000e+00
8.803960478262464751e-01
0.000000000000000000e+00
1.401980395768940568e-01
1.465205994788183252e+00
8.601351834199977286e-01
1.223158361622482149e+00
0.000000000000000000e+00
3.599286765074283245e-01
0.000000000000000000e+00
0.000000000000000000e+00
0.000000000000000000e+00
0.000000000000000000e+00
0.000000000000000000e+00
8.456495945130884095e-01
1.416448096064087281e+00
0.000000000000000000e+00
0.000000000000000000e+00
0.000000000000000000e+00
0.000000000000000000e+00
2.194529606091778218e-01
