# Ensemble C, m = 1000.0, c_n/c_p = 0.922580645161, f = -0.981739130435
# lambda = [  1.41994498e-08  -1.28609177e-08   0.00000000e+00   2.49206764e-09]
#  
0.000000000000000000e+00
0.000000000000000000e+00
0.000000000000000000e+00
1.203857196855659062e+00
0.000000000000000000e+00
1.107234773601185829e+00
0.000000000000000000e+00
1.235256155659696820e+00
0.000000000000000000e+00
1.495680675595609355e+00
0.000000000000000000e+00
2.093408720111221477e+00
2.337479936288606730e+00
0.000000000000000000e+00
2.255873942820816769e+00
1.073776609736180498e+00
0.000000000000000000e+00
0.000000000000000000e+00
0.000000000000000000e+00
0.000000000000000000e+00
1.487991758197776848e+00
1.204708556704960021e+00
0.000000000000000000e+00
0.000000000000000000e+00
1.078717268967340770e+00
1.613148086825793442e-02
3.423868183757903250e-01
0.000000000000000000e+00
7.861398250384789288e-02
4.391885547350444230e-01
1.098648279900746427e+00
0.000000000000000000e+00
1.380573686047596560e+00
1.108919876497278967e+00
1.207459750059370229e+00
0.000000000000000000e+00
4.539624268598211332e-01
1.677771395370792229e+00
0.000000000000000000e+00
0.000000000000000000e+00
9.455036806958573292e-01
2.345742682708351901e-01
2.122705892441409947e-01
0.000000000000000000e+00
1.224442420447281243e+00
1.444541215977018123e+00
0.000000000000000000e+00
0.000000000000000000e+00
1.124099505852361736e+00
0.000000000000000000e+00
1.517524470603540454e+00
0.000000000000000000e+00
0.000000000000000000e+00
1.994581511413844099e+00
6.652789530541779461e-01
0.000000000000000000e+00
4.194537553084729531e-01
1.576587879102173906e+00
1.467683731265370994e+00
0.000000000000000000e+00
1.612663527115902329e-01
6.565771508043454219e-01
0.000000000000000000e+00
0.000000000000000000e+00
0.000000000000000000e+00
5.090645787291471214e-01
0.000000000000000000e+00
0.000000000000000000e+00
1.899623868065048127e+00
0.000000000000000000e+00
1.606553112687941098e+00
1.015837658042795022e+00
1.540553490576763940e+00
6.016769602483060808e-01
5.240067773577556931e-01
0.000000000000000000e+00
4.210840981591582599e-01
0.000000000000000000e+00
0.000000000000000000e+00
0.000000000000000000e+00
8.936115919239093763e-01
5.492142514370629280e-01
1.884409178785408034e+00
4.214169958074091005e-01
1.590492477617987843e+00
1.192762831037983862e+00
9.131043884493238449e-01
1.730417666413018418e+00
0.000000000000000000e+00
1.499727042112919184e+00
0.000000000000000000e+00
1.438967728004141022e-01
0.000000000000000000e+00
5.000228146852291333e-01
5.464376566410029668e-01
2.149532066099064664e+00
1.307476920170723034e+00
5.023656516736592081e-01
0.000000000000000000e+00
4.077833774067347594e-01
