# Ensemble C, m = 1000.0, c_n/c_p = 0.612903225806, f = -0.992173913043
# lambda = [  3.17264489e-08  -1.92930627e-08   0.00000000e+00   2.42800363e-09]
#  
1.605421044954896903e+00
1.664653640743954277e+00
1.069665025023408766e+00
1.278042800301637083e+00
0.000000000000000000e+00
2.131677627473881120e+00
2.306524447637733344e-01
0.000000000000000000e+00
8.279527185233799269e-01
0.000000000000000000e+00
1.055510817236476218e+00
1.442779496279046114e+00
0.000000000000000000e+00
1.188125315792129544e-01
4.631201929241481330e-01
1.343171967390208721e+00
0.000000000000000000e+00
0.000000000000000000e+00
1.515684251552274819e+00
6.348725133661071718e-01
0.000000000000000000e+00
5.884108475492353385e-01
2.005455664960180240e+00
0.000000000000000000e+00
4.939872282500786665e-02
0.000000000000000000e+00
8.095921290518666158e-01
1.142139741628676486e+00
2.771066454695690351e-01
1.304678285065953514e+00
1.122171606721974690e+00
2.682104732149749982e+00
6.806828573295374551e-02
0.000000000000000000e+00
1.284155163676969025e+00
2.033973270423612867e+00
1.344162187580502099e+00
0.000000000000000000e+00
0.000000000000000000e+00
2.224261946292936720e+00
1.370254495446795673e+00
9.686761168123076970e-01
0.000000000000000000e+00
5.534681102658645102e-01
0.000000000000000000e+00
1.296622266036810522e+00
6.309110592212530122e-01
2.250498739703805207e+00
1.272303475901328085e+00
0.000000000000000000e+00
2.390660067251716647e+00
1.154308587454984797e-01
0.000000000000000000e+00
0.000000000000000000e+00
1.728992106160714970e+00
1.286581114964679529e+00
0.000000000000000000e+00
8.628937851621889532e-01
0.000000000000000000e+00
9.374458284764470850e-01
0.000000000000000000e+00
0.000000000000000000e+00
9.997386944581656554e-01
1.173068985717892199e+00
1.600134415191744930e+00
1.438318505100426137e+00
0.000000000000000000e+00
8.803878688265311947e-01
9.747742229520819368e-01
1.717282354490458351e-01
1.346376288324548254e+00
0.000000000000000000e+00
1.130283916973310987e+00
1.233512557748263627e-01
0.000000000000000000e+00
1.149661090231640426e+00
0.000000000000000000e+00
0.000000000000000000e+00
2.189197025046254463e-01
0.000000000000000000e+00
1.082142984784121076e+00
8.880075539169451915e-01
0.000000000000000000e+00
0.000000000000000000e+00
1.387881781350533306e+00
1.034911916760161477e+00
0.000000000000000000e+00
1.258355875644666666e+00
1.993024907843071514e+00
0.000000000000000000e+00
2.338302798741744293e-01
0.000000000000000000e+00
8.490505970460007212e-01
8.598114473481238695e-01
3.107224098310133797e+00
1.501773819635654483e+00
3.996463956054294719e-01
0.000000000000000000e+00
0.000000000000000000e+00
1.881556736360807669e+00
