# Ensemble C, m = 1000.0, c_n/c_p = 0.845161290323, f = -0.988260869565
# lambda = [  2.05641710e-08  -1.71760147e-08   0.00000000e+00   2.65525021e-09]
#  
1.537787774314011591e+00
4.553728617081475583e-01
4.958733951150518515e-01
1.871666532004271355e-01
1.397852308504876628e+00
0.000000000000000000e+00
1.070001900357426372e+00
3.299240008596204254e-01
1.022826015393762944e+00
6.197398391461206302e-01
0.000000000000000000e+00
0.000000000000000000e+00
0.000000000000000000e+00
2.649901286643928877e+00
1.995953704706996845e+00
9.814991342408659059e-02
4.186170991547163434e-01
2.124312036787252111e+00
2.392338356343208343e-03
1.042356700153968196e+00
8.315151057717425076e-02
9.503523932411221953e-01
0.000000000000000000e+00
1.347769841830127380e+00
1.533690200851851815e+00
1.769459422299309415e+00
1.000854608597930850e+00
1.017088681601837630e+00
1.097862433179017660e+00
0.000000000000000000e+00
6.891357487167292240e-01
1.504140750195838816e+00
1.121007038522488841e+00
7.490973719218063653e-01
5.565655589792826152e-01
5.062803706979852603e-01
1.330388841726542370e+00
7.941385146294955844e-01
8.023022532949749541e-01
1.632152818913013004e-01
1.024620658855033728e+00
3.529187184254247156e-01
0.000000000000000000e+00
4.656669307407664826e-01
1.837306132289695748e+00
1.022736155795971325e+00
4.470342771765713485e-01
1.609047181314576580e+00
1.769607559902517169e+00
8.393939224610686978e-01
0.000000000000000000e+00
2.886113847730214399e+00
0.000000000000000000e+00
1.061311540242450446e+00
0.000000000000000000e+00
1.045592351247053964e+00
2.016992736778199014e+00
1.275394878306025159e+00
1.007543702778659789e+00
1.167442848607511685e+00
3.124194279926266193e-01
0.000000000000000000e+00
0.000000000000000000e+00
2.199285868156409529e-01
1.582299123852466405e+00
4.672287818422702355e-01
8.746970748162865572e-01
5.593337344656255095e-01
1.052430071121686295e+00
6.016868773125648717e-01
1.142790969536454718e-02
0.000000000000000000e+00
1.076028685469348822e+00
0.000000000000000000e+00
6.111565457393578482e-01
0.000000000000000000e+00
1.656662152498659779e+00
8.748188747397765974e-01
1.133551736391741116e+00
4.620459688324214942e-01
0.000000000000000000e+00
1.707930795888355613e+00
2.012533575032020128e+00
0.000000000000000000e+00
1.737341282232649942e+00
0.000000000000000000e+00
0.000000000000000000e+00
2.220169579057463594e+00
8.820240040484775834e-01
2.347178541877350533e+00
6.564532519812033007e-01
3.469145485622992520e-01
0.000000000000000000e+00
0.000000000000000000e+00
1.148764917678367914e-01
5.611725999158828290e-03
0.000000000000000000e+00
0.000000000000000000e+00
0.000000000000000000e+00
2.081054454451699787e+00
