# Ensemble C, m = 1000.0, lambda = [  1.08991708e-08  -1.04357802e-08   0.00000000e+00   2.61545307e-09]
1.275173455952904433e+00
6.609363086278711164e-01
7.903514951533165966e-01
7.722564063750365568e-03
0.000000000000000000e+00
2.224253475504700973e-03
1.694065398123643651e-01
0.000000000000000000e+00
1.173172267535757207e+00
0.000000000000000000e+00
0.000000000000000000e+00
2.197902592167619851e+00
0.000000000000000000e+00
0.000000000000000000e+00
0.000000000000000000e+00
0.000000000000000000e+00
0.000000000000000000e+00
2.825747825891175916e-02
4.077766030590225799e-01
1.778321795378171810e+00
0.000000000000000000e+00
9.308526905372566107e-01
1.999732900239641120e+00
9.816075578404697133e-01
5.246866263517013795e-02
0.000000000000000000e+00
5.067776558266258169e-01
0.000000000000000000e+00
0.000000000000000000e+00
1.742796112856749846e-01
0.000000000000000000e+00
0.000000000000000000e+00
0.000000000000000000e+00
0.000000000000000000e+00
0.000000000000000000e+00
0.000000000000000000e+00
2.196111604945684359e+00
8.175248064015355753e-01
0.000000000000000000e+00
0.000000000000000000e+00
0.000000000000000000e+00
9.511780541282279788e-01
0.000000000000000000e+00
1.400289745140969933e+00
4.183427215670368696e-03
6.848974327476661239e-01
3.913824339918847706e-01
0.000000000000000000e+00
4.634115061755947340e-01
0.000000000000000000e+00
1.554011001393237335e-01
0.000000000000000000e+00
0.000000000000000000e+00
1.842519854538730240e+00
1.069359558944476873e+00
4.754425508246525323e-01
1.238716642278341773e+00
7.428338244454405111e-03
1.047647419113886674e-01
0.000000000000000000e+00
7.015634950668352410e-01
0.000000000000000000e+00
1.388738937679409258e+00
1.246437282165036020e+00
0.000000000000000000e+00
4.208923296522197877e-01
0.000000000000000000e+00
0.000000000000000000e+00
0.000000000000000000e+00
6.906886737245567787e-01
8.296768423794390612e-01
0.000000000000000000e+00
0.000000000000000000e+00
0.000000000000000000e+00
0.000000000000000000e+00
1.342079243802328570e+00
0.000000000000000000e+00
0.000000000000000000e+00
8.312661300455109195e-04
1.075483327105472453e+00
3.246156676960179361e-03
0.000000000000000000e+00
6.247908537714488286e-01
1.987675604350963354e+00
0.000000000000000000e+00
0.000000000000000000e+00
0.000000000000000000e+00
2.736445884442872400e-01
0.000000000000000000e+00
1.508654950280034157e+00
5.634424880196934327e-01
6.290619911259868191e-01
6.786686843275415715e-01
0.000000000000000000e+00
0.000000000000000000e+00
2.537010973448026729e-01
0.000000000000000000e+00
0.000000000000000000e+00
2.258781969797654554e+00
0.000000000000000000e+00
