# Ensemble C, m = 1000.0, lambda = [  1.47476006e-08  -1.08712244e-08   0.00000000e+00   3.78912005e-09]
8.671288819523952363e-01
0.000000000000000000e+00
0.000000000000000000e+00
0.000000000000000000e+00
0.000000000000000000e+00
0.000000000000000000e+00
1.217207040943700580e+00
0.000000000000000000e+00
0.000000000000000000e+00
0.000000000000000000e+00
1.267741940469492512e+00
2.500026734014985097e-01
4.600151767819253557e-02
0.000000000000000000e+00
3.257910012830491503e-02
0.000000000000000000e+00
1.558337184258434295e-02
0.000000000000000000e+00
2.561266923386067429e-01
9.495830978816700574e-01
1.793382721734299301e-01
0.000000000000000000e+00
1.554314554812693761e+00
0.000000000000000000e+00
0.000000000000000000e+00
7.681147441740041049e-02
2.305159815359002565e-02
0.000000000000000000e+00
5.537479698324031946e-02
0.000000000000000000e+00
6.844831856911703927e-01
0.000000000000000000e+00
6.504041033545475692e-01
1.386017350307166662e+00
4.370985604374472699e-01
8.701392213594700831e-01
3.476650888015588303e-01
0.000000000000000000e+00
6.699788288846739714e-01
0.000000000000000000e+00
6.162039265894151407e-01
0.000000000000000000e+00
7.152285857882881848e-01
1.294272005111595014e+00
1.149355067211083492e+00
1.812297528250158551e+00
0.000000000000000000e+00
6.689846686880914772e-01
3.255022336835229901e-01
1.371012299076842078e+00
0.000000000000000000e+00
0.000000000000000000e+00
0.000000000000000000e+00
2.263937383895164412e+00
5.509378031574363455e-01
1.478517397154622381e+00
0.000000000000000000e+00
6.430262338991946658e-01
0.000000000000000000e+00
3.514179052166347406e-01
1.037302759807846517e-02
0.000000000000000000e+00
7.832425143796620248e-02
0.000000000000000000e+00
3.089523808516596998e-02
0.000000000000000000e+00
0.000000000000000000e+00
1.819099614637220252e+00
4.243274761975001641e-01
0.000000000000000000e+00
0.000000000000000000e+00
1.362293399163940544e+00
0.000000000000000000e+00
7.812177934436584925e-01
2.657867765424422046e+00
1.256715152780317535e+00
1.177963993186126879e-01
1.200844243043738935e+00
8.258364901484577247e-01
0.000000000000000000e+00
7.071866068014641682e-01
1.957550245438883785e-01
0.000000000000000000e+00
1.021406067757099634e-01
0.000000000000000000e+00
0.000000000000000000e+00
9.645274994116562750e-01
1.772204955738303944e+00
0.000000000000000000e+00
0.000000000000000000e+00
0.000000000000000000e+00
0.000000000000000000e+00
6.767704542932277967e-01
0.000000000000000000e+00
1.730191822014676972e-01
9.810829303716752658e-01
0.000000000000000000e+00
0.000000000000000000e+00
1.018088203945345799e-01
5.470872001981698547e-03
