# Ensemble C, m = 1000.0, c_n/c_p = 0.987096774194, f = -0.973913043478
# lambda = [  1.11469837e-08  -1.07161129e-08   0.00000000e+00   2.49685208e-09]
#  
0.000000000000000000e+00
7.725718147815183734e-01
7.053307629751691676e-01
8.047267526028237805e-01
6.775875564804715312e-01
0.000000000000000000e+00
0.000000000000000000e+00
0.000000000000000000e+00
1.120205480931978581e+00
4.928904416623871576e-01
2.188498626161141380e-01
0.000000000000000000e+00
6.237614330663437956e-01
0.000000000000000000e+00
1.020001612374940914e+00
2.415271355112334817e+00
1.307284681441444274e+00
0.000000000000000000e+00
1.999321593657005014e+00
0.000000000000000000e+00
0.000000000000000000e+00
3.579153943357514245e-01
2.682308780493227740e-01
1.133989076213319347e+00
1.018149165182644200e+00
7.718941094067776065e-01
1.160036095113134019e-01
1.627974044184278268e+00
0.000000000000000000e+00
0.000000000000000000e+00
5.135079114898775110e-01
8.979034604409587006e-01
9.329946139514185832e-01
9.861007144149639414e-01
3.526367393508239023e-01
0.000000000000000000e+00
0.000000000000000000e+00
2.392280191943893242e-01
6.725987852309244230e-01
5.185969114834316773e-01
0.000000000000000000e+00
7.074519655214048797e-01
0.000000000000000000e+00
6.382298919565156936e-01
2.300628724678164400e-02
6.992132850558199220e-01
8.884177468432109537e-01
4.555633148315134662e-01
1.813381537026632184e+00
0.000000000000000000e+00
0.000000000000000000e+00
1.936039572609025594e+00
1.052543846616703416e+00
0.000000000000000000e+00
1.923619034230772629e+00
1.290948597479091964e+00
1.654715525699542056e+00
3.595577079558358591e-01
0.000000000000000000e+00
1.269674885013625687e+00
1.119412263529373064e+00
1.143560378412361578e+00
1.141547621342048763e-01
1.244776083583688381e-01
4.791377128011045650e-01
1.702985702027288051e+00
1.187585736455549101e+00
0.000000000000000000e+00
1.262648583795027979e-01
4.701598944880472919e-01
8.857351312134795762e-01
0.000000000000000000e+00
0.000000000000000000e+00
2.010910495310005430e-01
7.609752165295558500e-03
8.795476524677112717e-01
0.000000000000000000e+00
1.269543569188684717e-01
9.104623664049520393e-01
0.000000000000000000e+00
3.361456771457931314e-01
0.000000000000000000e+00
0.000000000000000000e+00
3.683362151190986422e-01
0.000000000000000000e+00
0.000000000000000000e+00
0.000000000000000000e+00
9.323285906374292331e-01
1.561502734102688139e+00
0.000000000000000000e+00
2.029708532774799901e-01
0.000000000000000000e+00
0.000000000000000000e+00
6.410123259863401701e-01
1.115821188103547357e+00
0.000000000000000000e+00
8.948154641502407136e-01
4.135198585738673605e-01
2.549275440921995539e+00
0.000000000000000000e+00
