# Ensemble C, m = 1000.0, lambda = [  2.52902179e-08  -1.49465188e-08   0.00000000e+00   2.61836210e-09]
3.115743861786575697e-01
1.259677382750648222e+00
2.888904387543174690e-01
1.529299936621472955e-01
0.000000000000000000e+00
0.000000000000000000e+00
0.000000000000000000e+00
0.000000000000000000e+00
1.054958479957103901e+00
0.000000000000000000e+00
0.000000000000000000e+00
2.458056803716128225e-01
1.279724465221859120e+00
0.000000000000000000e+00
2.269212847037326952e+00
0.000000000000000000e+00
0.000000000000000000e+00
5.546284179978797635e-01
0.000000000000000000e+00
1.155892826707128757e-01
0.000000000000000000e+00
0.000000000000000000e+00
6.812632372068139208e-01
0.000000000000000000e+00
0.000000000000000000e+00
2.252026738579590681e+00
0.000000000000000000e+00
1.675802954802588229e-01
4.552657802036379903e-02
1.035081350076215712e-01
8.356529250835532940e-02
1.210737581190275552e-01
1.172487550764475639e+00
0.000000000000000000e+00
0.000000000000000000e+00
2.309163740443211488e+00
7.039435053039920787e-01
2.224683639234236399e+00
0.000000000000000000e+00
0.000000000000000000e+00
0.000000000000000000e+00
0.000000000000000000e+00
8.744755436744781063e-01
2.421592880063320408e+00
0.000000000000000000e+00
8.884498338940923778e-01
1.290065458668843146e+00
1.190134919064552932e+00
7.992458488833743546e-01
0.000000000000000000e+00
0.000000000000000000e+00
1.053624274459186827e+00
1.184164238412253045e+00
0.000000000000000000e+00
0.000000000000000000e+00
0.000000000000000000e+00
6.098894633934033305e-01
0.000000000000000000e+00
7.973244733108968418e-01
1.307165477759861805e+00
9.846407904536488287e-01
1.005595311439482442e+00
0.000000000000000000e+00
6.412108179410916931e-01
8.863048599299161445e-01
0.000000000000000000e+00
2.289271974098019857e+00
2.252883223535382395e+00
0.000000000000000000e+00
0.000000000000000000e+00
0.000000000000000000e+00
7.347754230218727090e-01
6.044720611505830510e-01
1.734608925335974661e+00
6.777220948111416510e-01
8.990868414027048949e-01
0.000000000000000000e+00
2.567222905079450612e+00
0.000000000000000000e+00
0.000000000000000000e+00
1.406544795517720159e+00
0.000000000000000000e+00
3.550089228057581314e-01
2.483737887051356424e-02
5.892663864178303568e-01
1.564226499014550908e+00
0.000000000000000000e+00
0.000000000000000000e+00
1.035759292560172407e+00
5.593080489613925232e-01
0.000000000000000000e+00
5.675573755690364042e-01
0.000000000000000000e+00
0.000000000000000000e+00
1.952057045977358740e+00
0.000000000000000000e+00
0.000000000000000000e+00
7.020892172971375800e-01
1.719087082937131028e-01
9.708595141800352435e-02
