# Ensemble C, m = 1000.0, lambda = [  5.44582637e-08  -3.81049741e-08   0.00000000e+00   3.82485559e-09]
1.248543635998201395e+00
3.095853577094288767e+00
2.041110746566604739e+00
1.275585717975214362e+00
2.204344973169789057e+00
1.258596044263634361e+00
1.983534144603778526e-01
1.698881040619306448e+00
1.430155732250426359e+00
2.355856889337716975e+00
2.030058373565811536e+00
1.899713302485976474e+00
1.874997262465636805e+00
2.550231880274254959e+00
2.222553509400721161e+00
0.000000000000000000e+00
1.315925556219534442e+00
2.396259955387164631e+00
2.803886843544844965e+00
1.892296644666468186e+00
1.511719885194252821e+00
2.783590981539902476e+00
8.941627482431536711e-01
1.906312275946659085e+00
1.004618515991119398e+00
1.926120737803531213e+00
3.058014526801741795e+00
3.249307609823729681e+00
1.202630782447067226e+00
2.206032688350198612e+00
2.694269691512168663e+00
2.188654463965553632e+00
1.395725094461609306e+00
2.175745845168933990e+00
1.570396087022839282e+00
2.512685002234091303e-02
2.923290501860889901e+00
1.819630269198282857e+00
3.020516267093959595e+00
1.412069472428446382e+00
1.150910030215494206e+00
3.444641586132554778e+00
1.820882658082557448e+00
3.146234640511732739e+00
3.063045559638570836e+00
2.575812221305512129e+00
2.005134333888972442e+00
3.070526679614731691e+00
3.273237859132863914e+00
8.258618116298855893e-01
1.516412480261628781e+00
1.295222215064188998e+00
2.345184630189222741e+00
1.295014608350625984e+00
3.166441179864095012e+00
2.186936466814531244e+00
2.776603185119634443e+00
2.851196939213862525e+00
1.615423871655112364e+00
1.024196497006367723e+00
2.935669068719458430e+00
6.003542957346699183e-01
2.953629972100131340e+00
2.152356876411418263e+00
2.877314618325639284e+00
3.154429537172898090e+00
2.994331118528040570e+00
1.426006465066036455e+00
1.414612263512780244e+00
1.423384427203199465e+00
1.619561699087568307e+00
2.490631343311054735e+00
2.489004022313159314e+00
1.267809643380401585e+00
1.675859617587295292e+00
1.592170962801007894e+00
1.393700297989264314e+00
3.017206325404605760e+00
2.901475005764241888e-01
2.037343421444702152e+00
3.306887874183533249e+00
2.675723398843503631e+00
1.694979526498234357e+00
3.299107506438680115e+00
1.924501384704976559e+00
3.447440805759991900e+00
3.162117258248930973e+00
1.860560620587821123e+00
3.287043599052363874e+00
1.959748208139890924e+00
1.819449480081281045e+00
1.150801511991445647e+00
2.194768397366083867e+00
1.422394940067458036e+00
3.155959178419931010e+00
2.029249834772733685e+00
2.837617870900871253e+00
1.619201704117454899e+00
1.290128094112909185e+00
1.818628805276562233e+00
