# Ensemble C, m = 1000.0, c_n/c_p = 0.625806451613, f = -0.97652173913
# lambda = [  2.35878638e-08  -1.44148645e-08   0.00000000e+00   3.17989228e-09]
#  
0.000000000000000000e+00
1.485851237448542861e+00
1.196163078031239113e+00
2.251559056614857113e+00
0.000000000000000000e+00
3.280006325381874116e-02
0.000000000000000000e+00
0.000000000000000000e+00
0.000000000000000000e+00
1.037547491368591590e+00
4.095888509519084453e-01
9.524287447299979448e-01
1.742088363328905487e+00
8.510135822945672501e-01
1.453100016386211224e-01
1.198489554681930080e+00
0.000000000000000000e+00
2.387757451666689401e-01
1.889967514911988999e+00
1.076475945717259908e+00
1.048271696401121611e+00
2.688651957941085580e-01
9.865484319825628123e-01
0.000000000000000000e+00
0.000000000000000000e+00
0.000000000000000000e+00
0.000000000000000000e+00
7.821331070567190125e-01
5.786450306791919296e-01
0.000000000000000000e+00
7.340334949751817772e-01
2.603110180703929188e+00
2.108613291810518042e+00
1.577779661013789525e+00
5.367235720363970897e-01
0.000000000000000000e+00
1.230421736529610649e-01
0.000000000000000000e+00
0.000000000000000000e+00
6.624175128173722671e-01
0.000000000000000000e+00
4.565017055699338577e-01
1.871580366883246915e+00
8.277823638361178071e-01
0.000000000000000000e+00
1.976056570512045307e-01
1.741726780558510712e-01
0.000000000000000000e+00
1.689976742462358184e+00
0.000000000000000000e+00
0.000000000000000000e+00
1.810905191898817490e+00
1.963253292765601898e+00
0.000000000000000000e+00
1.377422241147462145e+00
4.014352888212137649e-01
0.000000000000000000e+00
7.576776760491270579e-01
8.099093243887316440e-01
2.041047336367523890e+00
1.336312496775913905e+00
0.000000000000000000e+00
0.000000000000000000e+00
1.961862134718736161e+00
1.168812422633827453e+00
2.698679631408176238e-01
1.126915005086650101e+00
0.000000000000000000e+00
9.432563663102219165e-01
0.000000000000000000e+00
8.333412571588683093e-01
1.318533233717782194e+00
0.000000000000000000e+00
0.000000000000000000e+00
6.109380427040509431e-01
0.000000000000000000e+00
1.348930715157308224e+00
6.223953549515803818e-01
4.321059287388858694e-01
0.000000000000000000e+00
6.314569085532143466e-01
1.448794019507837705e+00
0.000000000000000000e+00
6.983182035116576314e-01
2.367359847247727522e+00
1.067518835449586367e+00
0.000000000000000000e+00
0.000000000000000000e+00
1.632991003021279308e+00
0.000000000000000000e+00
1.434445464976612794e-01
0.000000000000000000e+00
5.384579552579705775e-01
8.502735868312414347e-01
3.571138212125173905e-01
3.037510190506466645e-01
1.397061010378223056e+00
1.835925266054379668e+00
0.000000000000000000e+00
0.000000000000000000e+00
