# Ensemble C, m = 1000.0, lambda = [  1.57071095e-08  -1.33383761e-08   0.00000000e+00   3.03984819e-09]
0.000000000000000000e+00
1.024164322919377978e+00
0.000000000000000000e+00
1.808742802374200043e+00
6.948565591437851907e-01
0.000000000000000000e+00
2.264564480487220699e+00
0.000000000000000000e+00
2.566421826169829501e+00
1.786463360820724766e+00
1.078775386560433036e+00
1.607455369874787099e+00
1.722474443629553154e+00
1.319761226695888912e+00
0.000000000000000000e+00
1.539405229102373207e+00
1.623371384317796595e+00
2.341109653864121398e+00
9.666863430389234235e-01
1.909341981849187020e+00
0.000000000000000000e+00
1.363547311073971979e+00
1.476954222116932947e+00
0.000000000000000000e+00
1.193380470199614241e+00
1.040167056191210859e+00
2.165479035987287748e+00
2.019586171327503177e+00
9.900092702438550996e-01
0.000000000000000000e+00
0.000000000000000000e+00
1.573207777519078032e+00
0.000000000000000000e+00
1.349860248760234249e+00
5.805418582609485068e-01
5.706433028538572261e-01
6.032504978301661547e-01
7.094331703455200935e-03
4.182451185097608715e-01
2.273496579675158724e+00
6.850281515565995183e-02
1.709352134539517065e+00
0.000000000000000000e+00
9.472586685042910792e-01
1.851750214608085306e-03
1.198285311660401531e+00
0.000000000000000000e+00
7.689356390938992813e-01
1.094531467762580146e+00
1.652143216519104119e-01
0.000000000000000000e+00
5.945008957734188026e-01
0.000000000000000000e+00
1.014392908748390942e+00
2.143560860268628687e+00
0.000000000000000000e+00
2.702501240400360660e-01
0.000000000000000000e+00
2.073685449193542141e+00
1.915301627971404574e+00
5.383863064258334052e-01
1.241887869578539805e+00
1.777835030941209205e+00
0.000000000000000000e+00
1.209107976269036211e+00
1.377150834097586041e-01
9.217297050150327076e-01
6.204060358092980954e-01
0.000000000000000000e+00
1.598611338607247578e+00
1.772429504368929987e+00
0.000000000000000000e+00
0.000000000000000000e+00
0.000000000000000000e+00
2.126216313927532298e+00
2.671565676965359515e-01
1.140929742999856611e+00
0.000000000000000000e+00
1.282508317074435134e+00
1.255169229258769281e+00
0.000000000000000000e+00
0.000000000000000000e+00
0.000000000000000000e+00
0.000000000000000000e+00
6.555174817296378631e-01
2.916769289572321844e-01
0.000000000000000000e+00
1.221832142318283854e+00
0.000000000000000000e+00
0.000000000000000000e+00
0.000000000000000000e+00
3.649575422334097041e-01
7.774624128080910301e-01
2.523107244585859110e+00
9.611391853837726595e-02
1.223595565344603342e+00
8.416419763374292096e-01
1.380347176011542221e+00
5.955178128055697018e-01
2.579334357836434499e+00
