# Ensemble C, m = 1000.0, c_n/c_p = 0.845161290323, f = -0.998695652174
# lambda = [  2.56526917e-08  -2.16523829e-08   0.00000000e+00   1.10698716e-09]
#  
7.597066145409681059e-01
1.089090317854584544e+00
1.262710260978685772e+00
1.858994019304359924e+00
1.172481582481087026e+00
5.458888458561577117e-01
0.000000000000000000e+00
0.000000000000000000e+00
0.000000000000000000e+00
1.747778111354409969e+00
0.000000000000000000e+00
0.000000000000000000e+00
2.123892499529839994e-01
1.403310583384584920e+00
0.000000000000000000e+00
5.643297815473564266e-02
0.000000000000000000e+00
0.000000000000000000e+00
1.177437273194969602e+00
8.579138638811529827e-01
6.056954977351335367e-01
6.117243321256683464e-01
2.106216532834813415e-02
5.409130555572519983e-01
1.509038958394020247e+00
1.190505494053233360e+00
4.123932013391997525e-02
0.000000000000000000e+00
1.347921336635348188e+00
0.000000000000000000e+00
6.756680298235742121e-01
0.000000000000000000e+00
6.979787725119567243e-01
0.000000000000000000e+00
3.324348830836175717e-01
0.000000000000000000e+00
2.717792972771801985e-01
2.199504328776057172e+00
6.091926485794062901e-02
8.820259389467673961e-01
8.764911968003700204e-01
1.917223696483104020e-02
0.000000000000000000e+00
5.303835239918111011e-01
0.000000000000000000e+00
0.000000000000000000e+00
1.084366684636326017e+00
2.839694831320535226e-02
0.000000000000000000e+00
0.000000000000000000e+00
1.087428846443640795e+00
0.000000000000000000e+00
0.000000000000000000e+00
0.000000000000000000e+00
7.862757602304639715e-01
8.616157638751018033e-02
3.779788247543802715e-02
7.496821251943504016e-01
7.902888547234843131e-01
5.210199383127244177e-01
1.411758588404047554e+00
0.000000000000000000e+00
2.100709049477787804e+00
1.291167603888768500e+00
6.698460017806051603e-01
4.640832110631550877e-01
1.070111836819735096e+00
4.826931228120482364e-01
6.527029992545492210e-01
1.136213387377944528e+00
0.000000000000000000e+00
2.159027742689365870e-01
5.058500062108758355e-01
1.104548062048557711e+00
3.845864441379583387e-01
5.283547694405531514e-01
7.837771319780155732e-01
2.020384579250149998e-02
9.390253586332976132e-01
9.908228857667444878e-01
5.181688312293294962e-02
0.000000000000000000e+00
1.433563375549146979e-01
1.873366541670195284e-01
1.054487999021046729e+00
4.277466147764666382e-01
4.503392609503459321e-02
0.000000000000000000e+00
2.259483582619529196e-01
0.000000000000000000e+00
0.000000000000000000e+00
3.632833475376741617e-01
3.665917701447715116e-01
4.295362988817176819e-01
0.000000000000000000e+00
5.178340313737397338e-01
7.713886283835099666e-01
1.089781542774781009e+00
0.000000000000000000e+00
0.000000000000000000e+00
