# Ensemble C, m = 1000.0, lambda = [  2.25655977e-08  -1.42812936e-08   0.00000000e+00   3.50046948e-09]
0.000000000000000000e+00
4.751616936311859885e-01
2.060439153800102119e+00
4.299643315770479424e-01
0.000000000000000000e+00
0.000000000000000000e+00
9.440857675576857025e-03
2.145814117742198324e+00
3.667010556063375337e-01
5.902017416559406371e-01
5.150998411110511155e-01
2.516663882347840886e+00
0.000000000000000000e+00
7.127349256084525297e-01
1.603187197091733962e+00
1.154135135603984619e+00
4.470017389654475370e-01
2.308962204583900224e+00
0.000000000000000000e+00
1.046208114930638589e+00
2.608863708029195649e+00
1.369343673178661014e+00
2.029056734741250256e+00
0.000000000000000000e+00
5.158673364978466624e-01
1.690685262192807681e+00
1.069884293688495580e+00
1.975430988087450435e-01
3.696459080377719197e-01
0.000000000000000000e+00
2.153621865797206159e+00
0.000000000000000000e+00
1.185875811202869556e+00
6.255592944573974412e-01
0.000000000000000000e+00
1.994643797541439056e+00
6.037971639492674125e-01
4.715531623841816289e-02
6.885766015995967715e-01
4.415782167831341920e-01
9.454794755345522494e-01
1.462342510758152248e+00
2.534594528822020632e+00
1.494118634188210448e+00
1.231958462267072285e+00
6.779429432341962380e-01
0.000000000000000000e+00
1.099744490987550005e+00
0.000000000000000000e+00
0.000000000000000000e+00
1.132360057787670238e+00
1.516968160201509486e+00
0.000000000000000000e+00
2.183300577931365005e+00
0.000000000000000000e+00
0.000000000000000000e+00
0.000000000000000000e+00
6.311148943612012729e-01
2.176049914786010397e+00
0.000000000000000000e+00
2.213748690079009596e-01
0.000000000000000000e+00
0.000000000000000000e+00
2.871558769585554893e-01
1.513175161960203630e+00
7.597122531496948161e-01
1.443518534928482477e+00
9.906904051998779437e-01
5.818530448975866021e-01
0.000000000000000000e+00
5.426772524519335450e-01
0.000000000000000000e+00
1.309259112086174959e+00
4.390122783562518949e-01
1.988779092231468537e-03
2.860068785583743181e-02
0.000000000000000000e+00
3.580931470673193173e-01
1.637348373213871611e-01
0.000000000000000000e+00
2.267669415002004918e+00
1.949598484962925260e-01
1.235649075821136367e-01
4.696789586265670384e-03
0.000000000000000000e+00
1.389333960820398950e+00
1.567949121745080721e+00
5.216888373125304623e-01
5.951001972669995865e-01
0.000000000000000000e+00
0.000000000000000000e+00
1.056774631899481509e+00
2.863467105619418307e-01
2.245688647582583464e+00
3.384027008748362597e-01
0.000000000000000000e+00
1.622184638905958431e+00
1.642032118943879127e+00
1.828215583214430340e-01
1.370628247370311525e+00
