# Ensemble C, m = 1000.0, lambda = [  2.71462159e-08  -1.97882779e-08   0.00000000e+00   3.75146642e-09]
7.041668874604276596e-01
1.973935183045009145e+00
2.236172301727565870e+00
6.714839245218153785e-01
3.476863999695505303e-01
2.546138902312167662e+00
2.554210759082050419e+00
0.000000000000000000e+00
0.000000000000000000e+00
1.499198629746592681e+00
8.398256448433689680e-01
0.000000000000000000e+00
1.982155528141162248e+00
2.760600636627940307e+00
1.944402828407627126e+00
1.132208336271265825e+00
1.938659251734629940e+00
1.458702722874477775e+00
0.000000000000000000e+00
1.922461957300708457e+00
1.034837862589347290e+00
4.832845710468009481e-01
1.493076598225431262e+00
7.363388802344311701e-01
2.593315391734448472e+00
9.013745394753410745e-01
7.741570870033845919e-01
1.122612595996254292e+00
2.218095864608327361e-01
1.604889404664916031e+00
1.534607960636154723e-03
0.000000000000000000e+00
0.000000000000000000e+00
0.000000000000000000e+00
1.417000227607161378e+00
1.805788478332053471e+00
1.422798454758158693e+00
1.131404848814329789e+00
2.684212659861529460e+00
1.094186045873307034e+00
1.839435639530726530e+00
8.197414343604717546e-01
1.859628052025173117e+00
0.000000000000000000e+00
7.143986208574408803e-01
1.420731042798593968e+00
1.055532063609393445e+00
0.000000000000000000e+00
1.858098959908386361e+00
2.073077624734224411e+00
2.276847140432452399e+00
2.546577074666327878e+00
1.274215957723373149e+00
1.364264608408567003e+00
2.534452993346731020e+00
1.509868283822697110e+00
1.009975412846646492e+00
6.742208051131617363e-01
7.979655784747528013e-01
9.211258872372609652e-01
0.000000000000000000e+00
2.798518523273290093e+00
2.877462418640955200e+00
7.700816111043305989e-01
2.774627453936996613e+00
1.623603794364345543e+00
0.000000000000000000e+00
7.524588106108807128e-01
5.685163932223938899e-01
1.530505237920330552e+00
2.133019637258368739e-01
5.739658184977459721e-01
2.364192001482429362e+00
3.175496046542424788e-01
6.628727733121368704e-02
0.000000000000000000e+00
0.000000000000000000e+00
2.511284562690611732e+00
4.592898019266395404e-01
2.843919468333834910e+00
4.627722142226664559e-01
1.063317656889360974e+00
2.634401726156669454e+00
1.566491020822137870e+00
2.589329759465326841e+00
9.579343196635050628e-01
7.772348619437195738e-02
1.284598413533119210e+00
7.618103153710081843e-01
2.050160734605328994e+00
1.456421871076175156e+00
2.673744359480324295e+00
2.421471233908977894e+00
0.000000000000000000e+00
0.000000000000000000e+00
9.034736757462049628e-01
2.754027294252416436e+00
0.000000000000000000e+00
1.621568074060879272e-01
0.000000000000000000e+00
