# Ensemble C, m = 1000.0, c_n/c_p = 0.651612903226, f = -0.979130434783
# lambda = [  2.60662661e-08  -1.66306434e-08   0.00000000e+00   3.45193341e-09]
#  
1.787455643613321765e+00
0.000000000000000000e+00
1.583720921162444117e+00
8.078499486193235768e-02
2.984811647687531266e+00
5.696211307178840055e-01
8.191974737122658112e-01
8.769683619023257437e-01
1.663920000543442246e+00
2.065175758795331440e+00
7.287162849959153421e-01
1.230040739352891155e+00
1.966808638066507964e+00
1.307658304927440618e+00
1.631243809464087091e+00
1.066849518836814781e+00
4.355311834437889940e-01
2.081081766971200064e+00
0.000000000000000000e+00
1.503923400582365399e+00
1.143694730141685323e+00
1.693289249370877547e+00
1.540666670311012787e+00
1.717375339844750215e+00
0.000000000000000000e+00
2.738703070563331399e-01
2.093892612308141832e+00
1.028681619470814823e+00
6.649676833654682984e-01
1.233526942708446761e+00
4.113439858722572895e-01
9.547747744839881756e-01
1.238358986453698574e+00
2.340689038798829724e+00
1.414434812779449491e+00
0.000000000000000000e+00
1.297698695933836355e+00
5.984679875117988601e-01
1.004312566114874183e+00
0.000000000000000000e+00
0.000000000000000000e+00
3.104049730519599648e-01
1.329305553503189685e+00
3.744977843896854508e-01
1.756654918989900560e+00
1.258314283786418741e+00
2.085442176744495058e+00
2.976400053650667843e+00
1.383881866017833140e+00
0.000000000000000000e+00
5.426250361647960707e-01
3.786144767532473310e-01
1.950119211564724120e+00
7.897641468629928996e-01
0.000000000000000000e+00
9.419622307558771501e-01
0.000000000000000000e+00
1.547776587014625838e+00
3.232363108517804506e-01
1.334402592084111383e+00
8.086777367801697425e-01
1.115129709773478250e+00
5.039449187767469640e-01
7.117861911119091056e-01
1.204144421863775349e+00
0.000000000000000000e+00
2.840856427439799048e-01
9.313499007505979810e-01
1.854726680244334625e-01
0.000000000000000000e+00
1.534865149459121669e+00
1.812525913371636710e+00
0.000000000000000000e+00
1.414119168932413739e+00
0.000000000000000000e+00
1.571949987477589072e+00
0.000000000000000000e+00
1.146112562792942491e+00
1.981265250176452275e+00
9.420893095258419114e-01
1.394411208821613624e+00
0.000000000000000000e+00
1.211742945446626862e+00
1.405606195588637641e+00
2.036761856925706216e+00
1.561052355022375160e+00
1.574707909642019565e+00
2.742971240710242675e+00
1.263360604193580983e+00
2.186615235527550105e+00
0.000000000000000000e+00
0.000000000000000000e+00
0.000000000000000000e+00
5.323316885455448011e-01
8.544084814488999216e-03
2.102177866141214935e-01
1.440312215123576545e+00
1.777756043194715030e+00
0.000000000000000000e+00
1.327764607590840473e+00
