# Ensemble C, m = 1000.0, c_n/c_p = 0.767741935484, f = -0.972608695652
# lambda = [  2.07758445e-08  -1.55135824e-08   0.00000000e+00   3.70766748e-09]
#  
2.988927165983047002e-02
0.000000000000000000e+00
1.971887411797103029e+00
2.070432129145746147e-01
1.644533052641327764e+00
8.953501632609395244e-01
1.316842290717976649e+00
1.925140592782160098e+00
0.000000000000000000e+00
1.753976577148754767e+00
0.000000000000000000e+00
1.128746100127672181e+00
1.120249860796663999e+00
0.000000000000000000e+00
3.581896656909105969e-01
1.381995905901413524e+00
0.000000000000000000e+00
0.000000000000000000e+00
2.470473038992745174e+00
0.000000000000000000e+00
1.480295508537479821e+00
9.231115885798858722e-02
4.989862861225000112e-01
1.395970223030489787e+00
8.098916130435737104e-01
1.934480528908226526e+00
1.477387930751689282e+00
6.030795389918717359e-02
2.610410869052690597e+00
9.687189919823482320e-01
2.049328698751556210e+00
1.183292447180004814e+00
0.000000000000000000e+00
1.951663694178386033e-01
1.489666013441176551e-01
6.968774928228254062e-01
1.196731382412247635e+00
1.209835753227201494e+00
1.709886957565865673e-01
6.413887559315898379e-01
2.198821409764643853e-01
0.000000000000000000e+00
2.060473425090528221e-02
1.103000820789004910e-01
6.113078250859971252e-01
3.125383361011270789e-01
1.275964318455216295e+00
0.000000000000000000e+00
2.120975873533055278e+00
8.877789612270351460e-01
2.883693056959073964e+00
1.901963456746450287e+00
1.478709158850982919e-01
1.485219478676301552e+00
1.223800258122252238e+00
0.000000000000000000e+00
0.000000000000000000e+00
1.013239971493227864e+00
2.649451101529632854e-02
3.516483481465124822e-02
2.067923350856816889e+00
4.378662507182410485e-02
0.000000000000000000e+00
1.233450568635764855e+00
0.000000000000000000e+00
6.788086823899304179e-01
1.782662233695585241e-01
2.973137712501165986e-01
9.111918773670708849e-02
2.101004373266643632e-01
2.358645508082315878e+00
0.000000000000000000e+00
3.267989000520106213e+00
3.032121483137503182e-01
1.314909401693749924e+00
4.357406797259673059e-01
0.000000000000000000e+00
0.000000000000000000e+00
1.133287524342529551e+00
0.000000000000000000e+00
1.351223359533919810e+00
0.000000000000000000e+00
1.798388153802605416e+00
1.758929281938149680e+00
1.447090664548776662e+00
1.952615109312256791e+00
1.226235757448187469e+00
1.668330959675990766e+00
5.787400077213317867e-02
1.916225061111935357e+00
1.041642938493193560e+00
1.622859743837650859e+00
1.604676811527337321e+00
3.304760438251184151e+00
1.167448312374086694e-01
1.599497704119843822e-01
1.254999332141596424e-01
1.690442341618151545e+00
1.611160744813564971e+00
1.144288472129412426e+00
