# Ensemble C, m = 1000.0, lambda = [  2.70048612e-08  -2.00530694e-08   0.00000000e+00   3.65987510e-09]
6.047658182479384026e-01
5.632022574756817557e-01
1.663417404505087349e+00
9.566042367816703917e-01
1.533062043436931754e+00
9.427351596416685964e-02
1.278961962569466371e+00
4.634027755049514169e-02
5.334935208481370594e-01
0.000000000000000000e+00
1.711684513707818267e+00
1.359164129134830645e+00
7.899201573393613840e-01
1.806805971493281149e+00
2.458351794807976276e+00
7.172755263981392959e-01
3.359209428499138061e-01
2.484691251443495119e+00
9.442057833480796969e-01
1.830717929141860933e+00
3.392564406463599580e-01
2.601828570131784701e+00
2.556448057413349240e+00
3.777755023573132753e-01
6.665788817900224206e-02
1.458055338820623659e+00
1.908477782577111315e+00
2.611457082299404320e+00
1.368526847336417607e+00
2.151197864935845416e+00
9.577516140410401446e-01
1.736793731823026432e+00
1.023646381604725653e+00
2.488928846731041311e+00
2.161909817632996056e+00
0.000000000000000000e+00
1.995638308542077910e+00
1.838849123851545642e+00
1.639546035436779459e+00
4.041247386210549686e-01
1.397312106065931037e+00
0.000000000000000000e+00
2.605871986429816989e+00
2.837221250997425059e+00
2.313962476918206335e+00
1.785923219111123617e+00
1.851339160427063035e+00
0.000000000000000000e+00
1.426246790519988816e-02
2.446046619731912397e+00
2.331554011069881582e+00
2.444510948240745662e+00
1.595772389226031152e+00
7.844518831335349773e-01
0.000000000000000000e+00
6.350849346319812350e-01
0.000000000000000000e+00
6.201190881882304717e-01
2.133205097566625241e+00
1.812398606392961353e+00
7.050185254732546647e-02
2.471345030013475164e+00
0.000000000000000000e+00
3.817384955155589954e-01
5.368641572242925930e-01
1.193989271912953010e-01
1.177804141088662604e+00
0.000000000000000000e+00
3.531301627930438086e-02
3.088998006190535772e+00
9.056994341584766461e-01
5.957642699162458283e-02
2.083104607015408227e+00
0.000000000000000000e+00
1.862691998183016118e+00
8.554468804630334100e-01
8.155401527242452930e-01
9.999939927005286888e-01
0.000000000000000000e+00
5.290039427856354504e-01
0.000000000000000000e+00
1.138800747070291441e+00
1.117469232067102691e+00
1.408978385598017358e+00
2.152101538514289203e+00
0.000000000000000000e+00
4.514912131322823541e-02
2.412043689558108550e+00
1.517331476696836212e+00
2.675289283903783399e+00
1.148819478820676254e+00
1.652396603311549361e+00
1.498261111790619715e+00
1.401997957214617507e+00
2.192688576269894440e+00
2.100882731190087949e+00
1.639438721811540933e+00
1.341194643021555111e+00
1.044956814594864447e+00
0.000000000000000000e+00
