# Ensemble C, m = 1000.0, lambda = [  2.86777330e-08  -2.01775605e-08   0.00000000e+00   3.82526671e-09]
0.000000000000000000e+00
0.000000000000000000e+00
5.759321048140398913e-01
1.987178553971371775e+00
1.482365547416001794e+00
4.036119776273860427e-01
0.000000000000000000e+00
1.437390054594243516e+00
6.271704562314954767e-01
3.068970906399318133e-01
6.665824343775668126e-01
6.388248325929688498e-01
0.000000000000000000e+00
1.871309152235202333e+00
1.632490684934821079e+00
2.558102124364026508e+00
0.000000000000000000e+00
1.223405785775914412e+00
3.722197504236783860e-01
1.982944318652541504e+00
1.777013611087920664e+00
1.105735623619401364e+00
1.382184270399211101e+00
1.596829680190214207e+00
0.000000000000000000e+00
3.067561608597925371e+00
7.736334508845266189e-01
1.869016796205036579e+00
5.090719774514534945e-01
3.825043094663578835e-01
7.842627053583999253e-01
3.584600607824053875e-01
2.418728626395342390e-02
1.203013082996742700e+00
4.226239030711741451e-01
2.459162765647359361e+00
5.419254225034626504e-01
2.021118874164140600e+00
0.000000000000000000e+00
1.154805693896697072e+00
9.877336676410259919e-01
5.325670923478021956e-01
1.027421567355489396e+00
7.408015867542598887e-01
5.097520580155943115e-01
8.893258569491512278e-01
2.418599783843672135e+00
0.000000000000000000e+00
0.000000000000000000e+00
1.868558687801107343e+00
2.231324396547981870e+00
4.172011444306403805e-01
9.064686719114942726e-01
1.658943968072452146e-01
2.853909898853206339e+00
1.301173887342256918e+00
0.000000000000000000e+00
0.000000000000000000e+00
0.000000000000000000e+00
7.684455828409282319e-01
0.000000000000000000e+00
1.745552542909154958e+00
1.140428168426290911e+00
1.502058864439351549e+00
1.205774548795608414e+00
0.000000000000000000e+00
1.799816614744079502e+00
8.022614828442889978e-01
1.337596117796341577e+00
0.000000000000000000e+00
1.997925805101989083e-01
0.000000000000000000e+00
0.000000000000000000e+00
8.908731775924961793e-01
5.320843579091797393e-01
2.245819329012015420e+00
0.000000000000000000e+00
2.950365265584902752e-01
7.765218447148898306e-01
0.000000000000000000e+00
1.022868075456022652e+00
1.888822247891382311e+00
2.137122330716712870e+00
1.216435121105200912e+00
1.268510056367676331e+00
5.717622438327010226e-01
1.723953757335267567e-01
8.434426130923587950e-01
1.476774001350529053e+00
1.169075954648743476e+00
1.392070483993055774e+00
2.553335241278247292e+00
1.587209022125211755e+00
0.000000000000000000e+00
1.261542958507496870e+00
1.012503660292992658e+00
2.008921700832195345e+00
1.342456537191132115e+00
1.336908854825015425e+00
1.580974801019044751e+00
