# Ensemble C, m = 1000.0, lambda = [  1.09840020e-08  -1.03336681e-08   0.00000000e+00   2.77793864e-09]
0.000000000000000000e+00
0.000000000000000000e+00
5.619005720369650847e-01
0.000000000000000000e+00
2.252766009856232987e-01
1.352878849784404647e+00
0.000000000000000000e+00
0.000000000000000000e+00
5.609120365720809964e-03
0.000000000000000000e+00
0.000000000000000000e+00
0.000000000000000000e+00
1.331110052020398893e+00
8.669619102850554399e-03
3.579494058065228468e-01
2.098468373761082084e+00
0.000000000000000000e+00
8.959775400037788273e-01
0.000000000000000000e+00
3.490881204755823253e-02
2.165012704636877072e-03
0.000000000000000000e+00
8.360049406967802188e-01
3.393473777155630589e-01
0.000000000000000000e+00
0.000000000000000000e+00
1.994664745814826334e+00
1.480911664485749270e-02
5.960481681998216485e-01
0.000000000000000000e+00
0.000000000000000000e+00
0.000000000000000000e+00
2.243396742123263954e-01
0.000000000000000000e+00
0.000000000000000000e+00
2.007626558939219485e+00
1.531279180354641278e+00
4.108138218544021281e-01
9.408659370533896116e-01
0.000000000000000000e+00
6.635940478220889727e-01
4.897965019943241183e-01
1.431918851037996925e-02
0.000000000000000000e+00
9.279058365472417913e-01
0.000000000000000000e+00
6.941679542119640056e-02
1.609844099862370592e-01
0.000000000000000000e+00
0.000000000000000000e+00
0.000000000000000000e+00
0.000000000000000000e+00
0.000000000000000000e+00
1.097873301954142899e+00
0.000000000000000000e+00
0.000000000000000000e+00
1.349408699258342059e+00
0.000000000000000000e+00
4.514321890914008706e-01
0.000000000000000000e+00
1.691272150060718182e+00
5.803431007263541996e-01
9.541944822822677752e-01
0.000000000000000000e+00
2.264727226739917665e-01
0.000000000000000000e+00
9.546641253914638359e-01
0.000000000000000000e+00
0.000000000000000000e+00
1.578143861884070409e+00
6.317367580402485361e-01
1.885465182341782286e+00
4.542268689023877815e-01
0.000000000000000000e+00
0.000000000000000000e+00
9.622428914470531058e-01
1.116788294248122426e+00
7.060273654359741635e-02
2.262073977447134343e+00
4.099794944933969898e-01
0.000000000000000000e+00
0.000000000000000000e+00
1.541779232873040917e-01
1.422030020798436434e+00
0.000000000000000000e+00
0.000000000000000000e+00
1.508699761535474249e+00
1.797990272465921358e+00
6.644292645082731097e-01
2.410775532281216049e-01
1.697862218214908668e-03
0.000000000000000000e+00
8.400430101517240011e-01
1.055126878409458173e-02
1.921041425157483662e+00
0.000000000000000000e+00
0.000000000000000000e+00
0.000000000000000000e+00
0.000000000000000000e+00
0.000000000000000000e+00
