# Ensemble C, m = 1000.0, c_n/c_p = 0.716129032258, f = -0.97652173913
# lambda = [  2.47979193e-08  -1.73415710e-08   0.00000000e+00   3.82551829e-09]
#  
7.552415441398905305e-01
2.083699688608798173e+00
1.194817596334692755e+00
2.892808368176878808e+00
1.306398524707453879e+00
8.965569712808683922e-02
2.944262191889937430e+00
1.658771139207968703e+00
1.929932135258659809e+00
9.921391252955461537e-01
6.747121495102910149e-01
1.328614772931519195e+00
1.395392450851168586e+00
0.000000000000000000e+00
2.421544780957756160e+00
1.850171479502903615e+00
1.257195457498820224e+00
1.620151194462688071e+00
0.000000000000000000e+00
2.076174460351611017e+00
0.000000000000000000e+00
1.610678131799931911e+00
2.796485115232725249e+00
2.574582453189053322e+00
0.000000000000000000e+00
2.427838065187664540e+00
1.211086238735652909e+00
4.237434660952104637e-01
8.965946064656604708e-01
2.648601584732119374e+00
0.000000000000000000e+00
2.438742473968923630e+00
6.780611936877020685e-02
0.000000000000000000e+00
4.654268833912896808e-01
0.000000000000000000e+00
1.386967662285462977e+00
1.278719370805308397e+00
1.072927034514650435e+00
1.968678005593362812e+00
1.997745714341728096e+00
1.245630704878401218e+00
8.760317333294319608e-01
1.599464202473619145e-01
9.707739962893771057e-01
0.000000000000000000e+00
7.971114080760153264e-01
6.003969939711889525e-01
1.089561949212802583e+00
1.101177662281681124e+00
8.781525849309135268e-01
1.055442779047064628e+00
8.418783223583836683e-01
1.969155870670983299e+00
0.000000000000000000e+00
4.448617348241794972e-02
6.733145371748375796e-01
5.920048866480930316e-01
1.066928303259611965e+00
8.606072163149904863e-01
2.742884589937170325e+00
2.456068580950871105e+00
3.934250445692005771e-01
2.121048139207692529e+00
4.056549742456293517e-01
3.389969318960871725e+00
2.734087004617152150e+00
9.933544577420450050e-01
0.000000000000000000e+00
1.619207857820929686e+00
4.752595855009421055e-01
1.150350894440751004e+00
9.342389669537729535e-01
1.292127574029679149e+00
3.304621534879906619e+00
3.495447113518371229e-01
1.336825671138906380e+00
2.092802005657581788e+00
8.217084491017819792e-01
1.222388161822653529e+00
3.014343269046982354e-01
2.166054257412373563e+00
3.158168688348504727e+00
2.073917932711944356e+00
0.000000000000000000e+00
0.000000000000000000e+00
1.179823039096892096e-01
6.271080834912770019e-01
3.944634377106773226e-01
5.626060658821112337e-02
0.000000000000000000e+00
1.989812878937052165e+00
1.123197665071881568e+00
1.626225757747170375e+00
2.264511729210085367e+00
2.977137089946567894e+00
1.343276145442174441e+00
1.906333178003373652e+00
2.212148877303811823e+00
1.677152486010376142e+00
