# Ensemble C, m = 1000.0, lambda = [  2.37082923e-08  -1.39582571e-08   0.00000000e+00   2.74171179e-09]
5.585554121035247732e-01
0.000000000000000000e+00
0.000000000000000000e+00
1.517039566164570585e+00
1.233029060815518330e+00
1.423358992022041525e+00
2.643980784369349135e-01
0.000000000000000000e+00
0.000000000000000000e+00
0.000000000000000000e+00
1.703302218028417858e+00
0.000000000000000000e+00
1.271618023393599639e+00
8.131983172953313743e-02
4.255933516659964888e-01
1.715861538946372500e+00
2.343072214909376616e-01
7.623542164918241104e-01
7.249424959708981042e-01
1.274835558583168549e+00
2.017944359667266652e-01
9.749765888922805601e-01
0.000000000000000000e+00
0.000000000000000000e+00
1.783222152596866950e-01
6.391786854729114564e-01
0.000000000000000000e+00
1.136615339550141268e+00
1.364816950334725831e+00
7.363659471614059093e-01
1.696437406184507557e+00
0.000000000000000000e+00
0.000000000000000000e+00
0.000000000000000000e+00
0.000000000000000000e+00
0.000000000000000000e+00
1.788299222156547810e-02
1.303844424673835878e+00
6.741194871359714735e-01
2.756317507078103746e-01
0.000000000000000000e+00
5.654369247146638910e-01
0.000000000000000000e+00
6.611656387504087906e-01
9.135248535065422226e-01
0.000000000000000000e+00
5.009875565865326563e-02
1.084771821302822126e+00
5.204717892791244083e-01
0.000000000000000000e+00
9.960477144830986312e-03
7.355320711437758341e-01
0.000000000000000000e+00
0.000000000000000000e+00
0.000000000000000000e+00
4.412696024036958375e-01
0.000000000000000000e+00
1.260828861178733273e+00
0.000000000000000000e+00
3.322617732837507831e-01
7.763644806297939072e-01
8.535513264810475065e-02
1.288466378603226214e+00
0.000000000000000000e+00
1.628279734198840423e+00
3.554036506880963175e-01
0.000000000000000000e+00
2.234784584988191547e+00
3.921698962695487067e-03
4.549099380241071189e-01
1.542576727172926265e-01
1.524922449576623373e+00
4.656934238002075621e-01
0.000000000000000000e+00
1.831780382080266056e+00
1.078986203331048221e+00
9.598527225917324879e-01
5.818474276770805309e-01
0.000000000000000000e+00
1.230993658031710680e+00
1.544469364270521838e+00
7.931712964560048151e-01
1.527859058580645524e+00
6.529775972548380603e-01
0.000000000000000000e+00
0.000000000000000000e+00
0.000000000000000000e+00
0.000000000000000000e+00
0.000000000000000000e+00
6.494442800212480993e-01
0.000000000000000000e+00
7.346750963552827196e-01
0.000000000000000000e+00
0.000000000000000000e+00
1.770835215471458834e+00
4.713935185430185304e-01
3.190375360416217165e-01
0.000000000000000000e+00
1.005395847416994837e+00
7.573558269930269482e-02
