# Ensemble C, m = 1000.0, c_n/c_p = 0.935483870968, f = -0.990869565217
# lambda = [  1.48000717e-08  -1.37188154e-08   0.00000000e+00   1.86666875e-09]
#  
2.772716767373134550e-01
9.007457586724912924e-01
0.000000000000000000e+00
0.000000000000000000e+00
2.149549739293137307e+00
0.000000000000000000e+00
5.642674795843275470e-01
2.066695932226190191e-01
1.776279780149396359e+00
1.032185505458222297e+00
0.000000000000000000e+00
3.209530124476885904e-01
1.195737283112043858e+00
1.970053941937979433e-02
0.000000000000000000e+00
3.909983022720693313e-01
0.000000000000000000e+00
8.462285314143102033e-01
0.000000000000000000e+00
1.403870544125282560e+00
2.078994997390301858e-01
0.000000000000000000e+00
4.256977120300699524e-01
5.387526842705715469e-01
9.886413746527207280e-01
0.000000000000000000e+00
0.000000000000000000e+00
7.730470802447388934e-01
2.572312435545166531e-01
0.000000000000000000e+00
0.000000000000000000e+00
0.000000000000000000e+00
0.000000000000000000e+00
0.000000000000000000e+00
0.000000000000000000e+00
6.811580435751956042e-01
0.000000000000000000e+00
0.000000000000000000e+00
1.670991231067526783e+00
2.052319555262700768e-01
0.000000000000000000e+00
1.631630351812819013e+00
5.532600098491438079e-01
6.829310684551034849e-02
0.000000000000000000e+00
0.000000000000000000e+00
0.000000000000000000e+00
8.576461036419212869e-01
0.000000000000000000e+00
1.061408361433621828e+00
2.181207049033733192e+00
1.196929613861096975e+00
0.000000000000000000e+00
8.330977579881962969e-01
0.000000000000000000e+00
0.000000000000000000e+00
0.000000000000000000e+00
0.000000000000000000e+00
0.000000000000000000e+00
0.000000000000000000e+00
2.118074987300950229e-01
0.000000000000000000e+00
0.000000000000000000e+00
0.000000000000000000e+00
0.000000000000000000e+00
5.324568995310900998e-01
0.000000000000000000e+00
1.556848833136286858e+00
0.000000000000000000e+00
7.317958357991132257e-01
1.420087131835752747e-01
0.000000000000000000e+00
0.000000000000000000e+00
4.940657937124735555e-01
0.000000000000000000e+00
0.000000000000000000e+00
0.000000000000000000e+00
1.308600479272031158e+00
2.215415998224256333e-01
5.428800056493601200e-01
2.393899077901567196e+00
1.942464663584303697e+00
0.000000000000000000e+00
0.000000000000000000e+00
0.000000000000000000e+00
0.000000000000000000e+00
0.000000000000000000e+00
0.000000000000000000e+00
6.730775698052381406e-01
6.691474347064158001e-02
0.000000000000000000e+00
0.000000000000000000e+00
2.723433397967547215e-02
7.741401497739958115e-01
0.000000000000000000e+00
2.476664220279532203e-01
0.000000000000000000e+00
4.840525370336996591e-01
0.000000000000000000e+00
1.143374626048147213e+00
