# Ensemble C, m = 1000.0, lambda = [  2.87861773e-08  -1.87941237e-08   0.00000000e+00   3.56299444e-09]
1.232017040709595612e+00
9.840673701582938193e-01
4.042506085019779150e-01
2.360575760060251993e-01
5.655430643470729102e-01
8.483530235279060916e-01
0.000000000000000000e+00
1.124877361364254424e+00
0.000000000000000000e+00
9.818076245953784031e-01
0.000000000000000000e+00
1.071978516741935783e+00
1.249716918165278523e+00
0.000000000000000000e+00
1.318653027109584208e+00
0.000000000000000000e+00
8.833134214020558206e-01
0.000000000000000000e+00
6.786132305461687331e-01
0.000000000000000000e+00
7.938695715270006614e-01
0.000000000000000000e+00
2.264184274364192895e+00
0.000000000000000000e+00
2.315411840730929594e-01
9.703406776416148571e-02
1.308496319463378299e+00
0.000000000000000000e+00
0.000000000000000000e+00
0.000000000000000000e+00
1.409137559891261438e+00
8.014606764805931594e-01
1.845297778831349378e+00
1.264189121346589673e+00
0.000000000000000000e+00
3.155441866965675302e-01
1.844162823419075004e+00
3.919897561967931598e-01
1.790342030738017787e+00
2.127202052692361622e+00
2.297870274172114424e+00
1.080401888647327002e+00
4.515587093262254381e-01
3.433235858955168696e-01
0.000000000000000000e+00
4.237743217790962413e-01
0.000000000000000000e+00
2.088234748091721826e+00
1.437225827249743570e+00
0.000000000000000000e+00
3.325935151598489181e-01
1.335595296412854349e+00
0.000000000000000000e+00
2.338019615797416240e+00
1.268573106263239492e+00
4.124907432663059148e-01
1.879154573164466546e+00
2.864790037884752949e-01
6.838717115702551939e-03
0.000000000000000000e+00
0.000000000000000000e+00
1.747470078098856572e+00
1.343219539794125117e+00
4.950438536362700703e-01
5.821468722722684674e-01
0.000000000000000000e+00
0.000000000000000000e+00
0.000000000000000000e+00
0.000000000000000000e+00
1.087959675390430592e+00
1.427309128572736174e+00
5.919452597787511899e-02
0.000000000000000000e+00
0.000000000000000000e+00
0.000000000000000000e+00
0.000000000000000000e+00
1.764806766644523517e+00
1.292293622340829617e-01
2.859007400600771520e-01
0.000000000000000000e+00
0.000000000000000000e+00
0.000000000000000000e+00
1.137678310806063298e+00
0.000000000000000000e+00
1.719560687157270507e-01
4.410961555153370406e-01
0.000000000000000000e+00
1.136410335232233226e+00
8.759341583308084545e-01
2.418902513681901179e-01
3.801128770417619429e-01
2.447224079175860934e-01
1.051643446895911937e+00
3.074574597325194225e-01
6.146866614244443916e-01
2.706483524114220440e-01
8.105186140406486217e-01
9.037130428322064368e-01
1.081250515213289187e+00
6.464445679641731557e-01
