# Ensemble C, m = 1000.0, c_n/c_p = 0.845161290323, f = -0.975217391304
# lambda = [  1.70969582e-08  -1.40915863e-08   0.00000000e+00   3.19697624e-09]
#  
1.821407745437159553e+00
0.000000000000000000e+00
2.500303493669658206e+00
0.000000000000000000e+00
3.184736368017844210e+00
2.398050669771756016e-01
2.066254064533782131e+00
0.000000000000000000e+00
1.132442663694289475e+00
0.000000000000000000e+00
1.095015299880556015e+00
0.000000000000000000e+00
0.000000000000000000e+00
0.000000000000000000e+00
0.000000000000000000e+00
0.000000000000000000e+00
4.193110007990090149e-01
8.747875892606480352e-01
1.692826660003755146e+00
1.326002795465692552e+00
2.926717288782564319e-01
1.523712987166954580e+00
1.521137711801769932e+00
0.000000000000000000e+00
0.000000000000000000e+00
2.604302849282485788e+00
1.602175190333519558e-02
7.545628536481521209e-01
0.000000000000000000e+00
3.467475473261598662e-01
3.683725176284307068e-01
1.245502173490365738e+00
1.686356442555406732e+00
0.000000000000000000e+00
5.392134193830385724e-01
0.000000000000000000e+00
9.018168435160380803e-01
2.512538932266692004e+00
7.762584105450954786e-01
1.026461628642866053e+00
0.000000000000000000e+00
7.199045906761080138e-01
1.680346939704526976e+00
0.000000000000000000e+00
1.512693454589087327e+00
3.313454834392571824e-01
4.395872105574754607e-01
1.243937259960711028e+00
1.616815750253709494e-01
2.943072892893699444e-01
0.000000000000000000e+00
0.000000000000000000e+00
0.000000000000000000e+00
1.799989105871178330e+00
0.000000000000000000e+00
1.468438229386896055e+00
5.861299057305766058e-02
9.540290624467046010e-01
1.322885565004908726e+00
7.295561771617030400e-02
1.075409038234176551e+00
3.735455294568069962e-02
0.000000000000000000e+00
2.251736141358587240e+00
2.168732189382255982e+00
1.414426577905478905e-02
1.003055723569996394e+00
2.999219615323622801e+00
5.907734909191728612e-01
8.440957985866190949e-01
0.000000000000000000e+00
0.000000000000000000e+00
0.000000000000000000e+00
7.284983485666357561e-01
1.670382554153730048e+00
7.606216653426767227e-01
0.000000000000000000e+00
2.201067357729209029e+00
8.620329841561500395e-01
1.590155378912966322e+00
0.000000000000000000e+00
1.241898594768215069e+00
2.950952236866447032e-01
0.000000000000000000e+00
8.608126299960330297e-01
1.685325262198410945e+00
0.000000000000000000e+00
0.000000000000000000e+00
1.154216959698262546e+00
1.379040669005271891e+00
0.000000000000000000e+00
2.168381495864436237e-01
0.000000000000000000e+00
1.280828948513809351e+00
1.017213687350994322e-01
1.797837662455336813e-02
1.396587936668662877e+00
1.883007218761661994e-01
0.000000000000000000e+00
1.421676870926249725e+00
