# Ensemble C, m = 1000.0, lambda = [  1.52959534e-08  -1.37056677e-08   0.00000000e+00   2.40098724e-09]
0.000000000000000000e+00
0.000000000000000000e+00
8.342535713329618519e-01
0.000000000000000000e+00
2.035123588479562096e-02
0.000000000000000000e+00
2.583104725192058915e+00
2.192752722321686054e+00
1.424411808095530585e+00
1.694307365906214446e+00
2.316130148233670916e+00
1.406106846392585763e-01
4.215001710514844346e-02
1.031709293884694789e+00
0.000000000000000000e+00
7.845004601807853417e-02
0.000000000000000000e+00
6.164725832639850189e-01
1.589643604472671834e+00
0.000000000000000000e+00
7.808092326049627108e-01
8.937164072987247021e-01
6.547491984614791649e-01
0.000000000000000000e+00
0.000000000000000000e+00
0.000000000000000000e+00
0.000000000000000000e+00
0.000000000000000000e+00
0.000000000000000000e+00
0.000000000000000000e+00
0.000000000000000000e+00
1.904180267909472146e+00
0.000000000000000000e+00
0.000000000000000000e+00
1.081794735660520868e+00
0.000000000000000000e+00
0.000000000000000000e+00
7.183082205478442672e-01
2.756229588523166352e-01
1.534814917159027514e+00
0.000000000000000000e+00
1.344825672764440760e+00
0.000000000000000000e+00
0.000000000000000000e+00
1.807388735887628384e-01
8.672196640751697605e-02
0.000000000000000000e+00
0.000000000000000000e+00
0.000000000000000000e+00
0.000000000000000000e+00
4.927959093845264010e-02
0.000000000000000000e+00
0.000000000000000000e+00
1.726891792999452724e+00
0.000000000000000000e+00
1.456463743649305753e+00
1.617217357885932572e+00
0.000000000000000000e+00
0.000000000000000000e+00
0.000000000000000000e+00
0.000000000000000000e+00
8.857478016520479169e-01
1.862420435344379399e+00
0.000000000000000000e+00
0.000000000000000000e+00
6.049340983563462198e-02
0.000000000000000000e+00
0.000000000000000000e+00
4.023015522518479381e-01
1.697823711904708488e-01
2.301271124190307660e+00
0.000000000000000000e+00
0.000000000000000000e+00
0.000000000000000000e+00
0.000000000000000000e+00
0.000000000000000000e+00
2.603284958503164215e-01
1.347163315940164585e+00
0.000000000000000000e+00
0.000000000000000000e+00
8.934351898256179814e-01
0.000000000000000000e+00
1.376579603401594909e+00
4.344800710523555320e-01
0.000000000000000000e+00
7.021008531875878589e-01
0.000000000000000000e+00
0.000000000000000000e+00
1.448853007721728092e+00
0.000000000000000000e+00
1.318067025061173236e+00
0.000000000000000000e+00
0.000000000000000000e+00
0.000000000000000000e+00
1.064238843178707816e-01
2.213443697995982173e+00
8.917629877571027208e-01
0.000000000000000000e+00
9.889029296110678213e-03
0.000000000000000000e+00
