# Ensemble C, m = 1000.0, c_n/c_p = 0.767741935484, f = -0.977826086957
# lambda = [  2.27453188e-08  -1.70753223e-08   0.00000000e+00   3.65697938e-09]
#  
1.845805250131053787e+00
2.950086519991848566e-01
2.756829426497756641e-01
9.277275225502353839e-01
1.111302924503567935e+00
0.000000000000000000e+00
0.000000000000000000e+00
1.598059980992591944e+00
1.516916582378615486e+00
1.754722672766836133e+00
1.522778899481042281e+00
4.768861699665130627e-02
9.898042693346457144e-01
1.133861128013709529e-01
2.597492491887104293e+00
1.632025127876312709e+00
9.408795292247893460e-01
1.529039659108077653e-01
1.366354070348978489e+00
2.650811364368208967e+00
4.584651661085581975e-01
2.404789511124783896e+00
1.421113645458418340e+00
2.832208247141498186e-02
7.945324574348985869e-02
2.145708775130660051e+00
2.688560635323106851e+00
1.807602175204048978e+00
1.812258450099514029e+00
3.098259221766674010e+00
2.006824191186616702e+00
6.802281599063034756e-01
0.000000000000000000e+00
1.121768418510860954e+00
1.415312697122753871e+00
1.765990736077899026e+00
1.023490897405135769e+00
1.776521492375857436e+00
1.849778000570189374e+00
1.859215152765457679e+00
0.000000000000000000e+00
2.619722049489083826e-01
2.616029042680697803e+00
1.374079683884773750e+00
2.173142264412300850e+00
2.463832208360121623e+00
1.136029312454154949e+00
2.025722629873802361e-01
1.488942997325195527e-01
7.270577847119928938e-01
1.148286494486697507e+00
0.000000000000000000e+00
2.822609245592647031e+00
1.902887060599346203e+00
9.189925826923522889e-01
2.134518107012128019e-01
0.000000000000000000e+00
2.794911622734981282e+00
1.246250278472882833e+00
3.478051106060852660e-01
0.000000000000000000e+00
9.518109145176409380e-02
1.901424621796062642e+00
0.000000000000000000e+00
3.798920329795715811e-01
3.497582090667878951e+00
1.133430316847952479e+00
1.750317352576858054e+00
1.705279729278680545e+00
4.399556426486002092e-01
3.919693034510331464e-01
2.480515324225919471e+00
1.637099156461443716e-01
1.778944826176884986e+00
2.193286893962226536e+00
2.054811562580764139e+00
0.000000000000000000e+00
1.264939653206837433e-01
3.412396922430401158e+00
7.789346767963938045e-02
2.183567173470667977e-01
1.421887146960740811e+00
6.488441637693355135e-01
1.226521867974255775e+00
1.024054984200766460e+00
2.083407655992247365e-01
4.003068626264025959e-02
2.386495191791441206e-01
1.526406261391051455e-01
2.399866313463156597e+00
1.754722672766836133e+00
4.214833589481156717e-02
1.086827803484703286e-01
5.817339792443420032e-01
0.000000000000000000e+00
0.000000000000000000e+00
0.000000000000000000e+00
7.012511877972803509e-01
8.036034849420202464e-02
3.072361204449237437e+00
