# Ensemble C, m = 1000.0, lambda = [  1.83600053e-08  -1.67016823e-08   0.00000000e+00   0.00000000e+00]
0.000000000000000000e+00
0.000000000000000000e+00
0.000000000000000000e+00
0.000000000000000000e+00
1.678734913674221896e-01
2.699498458696214520e-01
6.651654880625302614e-03
0.000000000000000000e+00
0.000000000000000000e+00
6.944683809846308176e-01
0.000000000000000000e+00
0.000000000000000000e+00
3.133704046476010752e-01
0.000000000000000000e+00
2.335875051000503300e-01
0.000000000000000000e+00
0.000000000000000000e+00
0.000000000000000000e+00
1.552078676693568193e-01
0.000000000000000000e+00
1.232248599014904300e-01
3.656211753023110855e-01
0.000000000000000000e+00
6.994626405477777364e-01
0.000000000000000000e+00
1.301293061072257284e+00
5.784640167352518292e-01
7.218212978411582270e-01
1.227277489032828850e+00
6.114741637304148547e-01
0.000000000000000000e+00
0.000000000000000000e+00
3.942863408859320629e-01
0.000000000000000000e+00
3.246974171072708470e-01
0.000000000000000000e+00
0.000000000000000000e+00
0.000000000000000000e+00
1.974729805238544800e-01
0.000000000000000000e+00
0.000000000000000000e+00
0.000000000000000000e+00
1.165457299241027478e+00
1.195075899206549386e-01
0.000000000000000000e+00
6.140249400751546238e-01
1.338739629673376674e+00
0.000000000000000000e+00
9.327368724733703376e-01
0.000000000000000000e+00
0.000000000000000000e+00
0.000000000000000000e+00
0.000000000000000000e+00
7.343361957755505376e-01
0.000000000000000000e+00
0.000000000000000000e+00
0.000000000000000000e+00
0.000000000000000000e+00
1.690250807827510873e-02
0.000000000000000000e+00
0.000000000000000000e+00
0.000000000000000000e+00
0.000000000000000000e+00
1.058695324080325850e+00
2.614574855209046353e-02
0.000000000000000000e+00
9.453963846217161571e-01
0.000000000000000000e+00
0.000000000000000000e+00
0.000000000000000000e+00
0.000000000000000000e+00
0.000000000000000000e+00
4.478471080953866368e-01
0.000000000000000000e+00
1.360531080536704351e+00
0.000000000000000000e+00
0.000000000000000000e+00
8.824048498164396848e-02
1.008187329872617249e-01
0.000000000000000000e+00
0.000000000000000000e+00
1.218676076399882069e+00
0.000000000000000000e+00
0.000000000000000000e+00
0.000000000000000000e+00
0.000000000000000000e+00
1.385991115381760785e+00
0.000000000000000000e+00
0.000000000000000000e+00
1.160663792865376465e+00
4.936301774535675063e-02
0.000000000000000000e+00
5.304838478034387128e-01
0.000000000000000000e+00
0.000000000000000000e+00
0.000000000000000000e+00
2.576342031225990481e-01
2.278613370923545378e-01
0.000000000000000000e+00
0.000000000000000000e+00
