# Ensemble C, m = 1000.0, lambda = [  1.72878484e-08  -1.20092389e-08   0.00000000e+00   3.82411441e-09]
1.722435947698848224e+00
3.381692332546928359e-01
1.436831139376248068e+00
0.000000000000000000e+00
5.197651929432540729e-01
7.324625435621214820e-01
0.000000000000000000e+00
1.662059937572062163e+00
1.568726157660384146e+00
1.810248128102416865e-01
5.767789280253255574e-02
0.000000000000000000e+00
4.057298087195780334e-01
8.202850806520548543e-01
1.382201766101483598e+00
1.308618055978276962e+00
9.212304120335329527e-01
8.624164055091246839e-01
0.000000000000000000e+00
8.698971239456317894e-01
1.723103983071161693e-01
0.000000000000000000e+00
0.000000000000000000e+00
1.043056038834177635e+00
1.398101133412208985e-01
2.432307297322174211e+00
2.723313847664146081e+00
0.000000000000000000e+00
0.000000000000000000e+00
2.448378045129167568e-01
0.000000000000000000e+00
9.338873003448737442e-02
1.592431660850599062e+00
5.389391815628735705e-01
1.841888461627618101e+00
2.757328231671365426e+00
0.000000000000000000e+00
0.000000000000000000e+00
0.000000000000000000e+00
0.000000000000000000e+00
0.000000000000000000e+00
0.000000000000000000e+00
0.000000000000000000e+00
1.290847602457814540e-02
1.622997220513627603e+00
4.327413555162816505e-02
1.149074381878913975e+00
0.000000000000000000e+00
3.929013448478283627e-02
4.983750821338378545e-01
1.017256411069971334e+00
7.499766243598082749e-01
0.000000000000000000e+00
0.000000000000000000e+00
0.000000000000000000e+00
1.501240750109966937e+00
8.067167485455174480e-01
0.000000000000000000e+00
8.853980119790938463e-01
1.664038966800394537e+00
0.000000000000000000e+00
8.555869845044528077e-01
1.347125913026394617e-01
9.147709110468451588e-01
9.269316168237077269e-01
0.000000000000000000e+00
2.184707934833304055e+00
0.000000000000000000e+00
9.787320336660476627e-01
1.998232355009237349e+00
1.006768492809678062e+00
2.099338403018505161e+00
1.348375545004382170e-02
0.000000000000000000e+00
1.619741318881200876e+00
0.000000000000000000e+00
1.735717849046330086e+00
6.709284086369529110e-01
9.037454291835451091e-04
0.000000000000000000e+00
1.163221656859497966e+00
4.869944458102372087e-01
1.103765564531029808e+00
6.489314502938438312e-02
0.000000000000000000e+00
3.825887991699569168e-01
1.158294798059527952e+00
1.624682395834320392e+00
9.605719056423472901e-02
5.693913445645548688e-01
2.129860333371165648e+00
0.000000000000000000e+00
2.271739751724229706e+00
6.161748578994721282e-01
0.000000000000000000e+00
7.403870662319917972e-01
0.000000000000000000e+00
6.626967723191069526e-01
6.309631544651622681e-01
1.380980148622160897e+00
