# Ensemble C, m = 1000.0, c_n/c_p = 0.638709677419, f = -0.989565217391
# lambda = [  3.32174115e-08  -2.09948949e-08   0.00000000e+00   3.05696225e-09]
#  
1.332399115187893113e+00
0.000000000000000000e+00
1.326940033227668181e+00
1.556252538859194567e+00
2.288783884024056636e+00
5.023929728826594943e-01
0.000000000000000000e+00
1.044481141917759315e+00
1.575403016614292717e+00
0.000000000000000000e+00
1.271740954083201869e+00
1.989204938150415325e+00
1.484977579802039482e+00
0.000000000000000000e+00
1.517553214369041781e-01
6.108065451316408989e-01
0.000000000000000000e+00
0.000000000000000000e+00
0.000000000000000000e+00
0.000000000000000000e+00
2.461648257950439955e+00
0.000000000000000000e+00
2.365292793754988132e+00
0.000000000000000000e+00
2.524679874669276902e+00
3.265530685104803155e+00
2.179067448001214213e+00
3.720248551193479636e-01
1.501216922315910640e+00
0.000000000000000000e+00
3.083463640768537850e+00
9.918867189466561429e-01
0.000000000000000000e+00
0.000000000000000000e+00
9.748462161259707770e-02
1.491539672069461364e+00
0.000000000000000000e+00
5.177099782944271089e-01
0.000000000000000000e+00
0.000000000000000000e+00
1.188813810276498462e+00
0.000000000000000000e+00
6.376394727913707872e-01
3.301439362510347197e-01
7.866441011671541084e-01
1.127008777229041581e+00
2.381198308086980298e+00
1.079307667377376267e+00
2.675452352152990265e+00
0.000000000000000000e+00
0.000000000000000000e+00
1.703636860809856435e+00
1.358464990524212990e+00
7.327877136938383273e-01
3.132333507397707106e-01
9.651050680241238799e-01
2.192974541329181015e+00
8.800078882903469291e-01
1.292896103470278391e+00
0.000000000000000000e+00
7.779412824272502469e-01
0.000000000000000000e+00
1.532764643879650501e+00
2.429169231962343911e+00
0.000000000000000000e+00
9.295243958641951076e-01
1.990897344009917302e-01
1.038896016967935321e+00
4.851107752021266428e-02
0.000000000000000000e+00
0.000000000000000000e+00
6.539308270767881792e-01
1.124772181613988981e-01
0.000000000000000000e+00
1.494849971074553086e+00
0.000000000000000000e+00
6.063969209199523425e-01
2.356587224082443699e-01
2.733586268898205787e-02
8.717621306497279621e-01
1.038229988623462718e+00
1.509110029401210085e+00
7.734423351671039226e-01
8.417357871240432887e-01
0.000000000000000000e+00
1.508032618415729331e+00
1.216400949955738442e+00
1.207930946949900886e+00
1.458557177708377672e+00
1.295546423600087316e+00
8.097351415506298666e-01
0.000000000000000000e+00
1.514733008125265235e+00
4.720925187281801993e-01
2.019425726972337021e+00
2.075054510399243934e+00
0.000000000000000000e+00
1.803409758338186675e-01
3.023425191572487236e+00
9.970973299094825215e-01
