# Ensemble C, m = 1000.0, c_n/c_p = 0.793548387097, f = -0.990869565217
# lambda = [  2.79979092e-08  -2.20148385e-08   0.00000000e+00   2.99547809e-09]
#  
2.494240371498089193e+00
5.491114150459476262e-01
1.905877009763674357e+00
0.000000000000000000e+00
2.297157775799305135e+00
0.000000000000000000e+00
1.233182692871694464e+00
1.952545317864414987e+00
2.038737809523969435e+00
1.150876252759171603e+00
2.910552147111552301e+00
1.602232237578107010e-01
2.758791754729720269e-01
2.228067686009072457e+00
9.567400127289896750e-01
5.933945876251631724e-01
1.947963851874233931e+00
7.407483275787001276e-01
1.502732509633369684e+00
0.000000000000000000e+00
1.767967556055743295e+00
0.000000000000000000e+00
2.414312744234771380e+00
1.083552910716979678e+00
3.853683008823531875e-01
3.080422285296818163e+00
2.122939708257201907e+00
2.190205304428358701e+00
6.450430391518409134e-01
2.484074415889854226e+00
1.246025370580983394e+00
1.174030628278359245e+00
2.195234296395068618e+00
1.559580840326128648e+00
2.293609082450528192e+00
2.320385511762853570e-01
2.804440912114722906e+00
2.422669537780210436e-01
6.434959678977754116e-01
2.007617249148895500e+00
7.491176948579350015e-01
2.573362349694103268e-01
2.666956077280074666e+00
1.973531746452807489e+00
0.000000000000000000e+00
2.401769392661451619e+00
1.591405864318289343e+00
2.513051104137772107e+00
1.830754675037592927e+00
1.538360135296818809e+00
1.182029578110076473e+00
2.170292697129161397e+00
1.931509997940183077e+00
1.581423258896997197e+00
1.423878717858908516e+00
4.018277665908255858e-01
1.646534008132894744e+00
8.689682229138393499e-01
2.593736442311926904e+00
2.459086618320752482e+00
3.948141866702694625e-01
1.233225251531743893e+00
1.557709383945252934e+00
2.264589632150436405e+00
6.466735140339878729e-01
9.722150591632078287e-01
1.277570246061822123e+00
1.761978364447689849e+00
2.188543780708918973e+00
1.702012497737612096e+00
8.013957258982328247e-01
2.892592671247327551e+00
1.208922918217626874e+00
9.180390394866134729e-01
1.222276552453526399e+00
1.260174097756982636e+00
7.731288650947200081e-01
2.874872914377823108e+00
2.675160161760439692e+00
1.176904843641957799e+00
2.363794451119120676e+00
1.989940899132055074e+00
2.138266278104349549e+00
2.551545210938045982e-01
2.501872544611759341e+00
2.613262042207341374e+00
1.805858919967214149e+00
1.062798245644735351e+00
2.464581331101551420e+00
1.920425286906380924e+00
2.267469358371491772e+00
0.000000000000000000e+00
2.163238753215988908e+00
1.555417718756288092e+00
2.772045134505885855e+00
0.000000000000000000e+00
1.954644407076249646e+00
7.992623561040111957e-01
1.362747655578277484e-01
8.364971698494622077e-02
