# Ensemble C, m = 1000.0, lambda = [  1.34174895e-08  -1.30058756e-08   0.00000000e+00   1.30548825e-09]
5.066496175954623427e-01
0.000000000000000000e+00
4.299267047840219513e-01
0.000000000000000000e+00
0.000000000000000000e+00
6.323439824732176584e-01
1.847487330223695601e+00
0.000000000000000000e+00
0.000000000000000000e+00
0.000000000000000000e+00
0.000000000000000000e+00
0.000000000000000000e+00
2.310545237621167702e-01
2.103132658026446666e+00
1.274919488218953845e+00
0.000000000000000000e+00
0.000000000000000000e+00
0.000000000000000000e+00
0.000000000000000000e+00
5.586497758905273336e-01
0.000000000000000000e+00
0.000000000000000000e+00
0.000000000000000000e+00
0.000000000000000000e+00
0.000000000000000000e+00
0.000000000000000000e+00
0.000000000000000000e+00
0.000000000000000000e+00
1.405151891812550513e+00
0.000000000000000000e+00
8.081098985694645798e-02
0.000000000000000000e+00
1.237029413908472764e+00
6.420663132749016011e-01
0.000000000000000000e+00
4.467816484361116225e-01
1.736293036050224337e-01
0.000000000000000000e+00
0.000000000000000000e+00
0.000000000000000000e+00
1.769156776200368486e-01
1.484014997961809135e+00
6.992723903388461393e-01
0.000000000000000000e+00
2.776562873056502290e-01
7.941778393709936212e-01
0.000000000000000000e+00
7.793958702483072543e-01
0.000000000000000000e+00
0.000000000000000000e+00
0.000000000000000000e+00
0.000000000000000000e+00
0.000000000000000000e+00
8.466179437908082361e-01
1.305602960268664910e-02
0.000000000000000000e+00
0.000000000000000000e+00
8.145302047464939577e-01
5.394432209395316757e-01
2.304484975616944153e-01
0.000000000000000000e+00
4.094171602228574569e-01
0.000000000000000000e+00
0.000000000000000000e+00
0.000000000000000000e+00
0.000000000000000000e+00
0.000000000000000000e+00
1.790574948096683494e+00
0.000000000000000000e+00
0.000000000000000000e+00
4.745980127303784379e-01
4.447543703871042475e-01
0.000000000000000000e+00
0.000000000000000000e+00
0.000000000000000000e+00
0.000000000000000000e+00
1.094549236582237128e+00
0.000000000000000000e+00
5.197553202993449029e-01
0.000000000000000000e+00
0.000000000000000000e+00
0.000000000000000000e+00
8.382369858096597182e-02
0.000000000000000000e+00
1.241037058751641720e+00
6.683338052685240394e-01
1.468356416488689087e+00
0.000000000000000000e+00
0.000000000000000000e+00
0.000000000000000000e+00
0.000000000000000000e+00
0.000000000000000000e+00
9.688074464173752898e-02
0.000000000000000000e+00
0.000000000000000000e+00
3.383430951974116252e-01
0.000000000000000000e+00
1.182412479740413414e+00
8.066792335058799168e-02
1.084032522586670044e+00
