# Ensemble C, m = 1000.0, lambda = [  3.02363290e-08  -2.01498310e-08   0.00000000e+00   3.67753501e-09]
1.792265078182356586e+00
2.243759048921157628e+00
2.766264534899091632e-01
1.614861430860387026e-01
3.141341240472911966e+00
1.470321075483937312e+00
1.188987717016895207e+00
6.633486751198500730e-01
1.658772958302592304e-01
1.491843985079294832e+00
1.412183319589387365e+00
5.200180778858612962e-01
4.818155759736620358e-01
5.627320749470475780e-01
0.000000000000000000e+00
0.000000000000000000e+00
6.501463274734444742e-01
1.384062844818618743e+00
1.366381374452238395e+00
1.287020991158145944e-01
8.429511974981318545e-01
0.000000000000000000e+00
9.956989868018238932e-01
0.000000000000000000e+00
0.000000000000000000e+00
0.000000000000000000e+00
1.329114044901485325e+00
0.000000000000000000e+00
0.000000000000000000e+00
0.000000000000000000e+00
9.021875175291520499e-01
1.483004729027958213e+00
1.639134202483078617e+00
1.404641158672491841e+00
2.925757396872947225e-01
1.297161885153613525e+00
5.006430366000942378e-01
3.029773076640945639e+00
1.160789717806841370e+00
2.313639522978820029e+00
0.000000000000000000e+00
1.735777433789156943e+00
7.867475402191436151e-01
1.872904365139131944e+00
2.778727714344233490e-01
1.582516387335378916e+00
2.783002403885701526e-01
2.795201218016057365e-01
5.644313379093478522e-01
0.000000000000000000e+00
3.045733040724237783e-01
0.000000000000000000e+00
0.000000000000000000e+00
0.000000000000000000e+00
2.031018002726907301e-01
1.384874302056761097e+00
5.690089174846052478e-01
9.418491242298978605e-01
6.180613288522878064e-03
1.275597049234734881e-01
2.862800486303475722e+00
1.007035354164895313e+00
1.367325701291606022e+00
0.000000000000000000e+00
4.586689328480982875e-01
2.050495014734985411e+00
2.159314284898237624e+00
0.000000000000000000e+00
1.949167463187254368e-01
0.000000000000000000e+00
1.144801203370135356e+00
8.664338116564923586e-01
0.000000000000000000e+00
0.000000000000000000e+00
1.193892685161164202e+00
2.600975715138188482e-01
9.654284076944075199e-01
0.000000000000000000e+00
2.653240821022695983e-01
1.049834428445557633e+00
1.710598599122662211e+00
2.845145276027891135e-01
8.555435863689789810e-01
0.000000000000000000e+00
4.769297319583133410e-01
0.000000000000000000e+00
1.143534688282504153e+00
0.000000000000000000e+00
1.068791276127208700e+00
7.005976441529125909e-01
1.114421267781081415e+00
3.793999846652822416e-01
1.876840204688974501e+00
7.589099913887161764e-01
1.773665095497078958e+00
1.452334325701616580e+00
0.000000000000000000e+00
1.726596997774151765e+00
0.000000000000000000e+00
5.123849989056259435e-01
