# Ensemble C, m = 1000.0, c_n/c_p = 0.845161290323, f = -0.97
# lambda = [  1.61298329e-08  -1.32233411e-08   0.00000000e+00   3.31408167e-09]
#  
0.000000000000000000e+00
0.000000000000000000e+00
0.000000000000000000e+00
4.326789286961918446e-01
0.000000000000000000e+00
7.366709341995647878e-03
2.709155511402079886e-01
0.000000000000000000e+00
2.040433804569365073e+00
1.004078126703926044e+00
0.000000000000000000e+00
3.213870350619683625e-01
1.163729170969868054e+00
0.000000000000000000e+00
0.000000000000000000e+00
4.660286153833515521e-01
1.896995277213146203e+00
0.000000000000000000e+00
1.213848058813776776e-02
1.432570786147641329e+00
6.215534567152888323e-01
1.016384752062680086e-01
0.000000000000000000e+00
6.257327527295286629e-01
4.113349632240038689e-01
1.081403935679743113e-02
0.000000000000000000e+00
0.000000000000000000e+00
1.273313267578746411e+00
0.000000000000000000e+00
0.000000000000000000e+00
2.564580375160560588e-01
9.887142035669698181e-01
3.806050303263864842e-01
1.502794746845381502e+00
1.573406533856249956e+00
7.051764139479442806e-01
0.000000000000000000e+00
4.172319372205843258e-01
0.000000000000000000e+00
1.538596678698200305e-02
0.000000000000000000e+00
0.000000000000000000e+00
3.696161277125409872e-01
7.456922601569679898e-01
1.639557143214004586e+00
1.205905530135005232e+00
1.630037315998172698e+00
1.705003062665574998e+00
1.469487539831932255e+00
1.913981141580049394e+00
1.832762145451180658e+00
1.472720977554254018e+00
1.492402081028240124e+00
1.279187815463781776e-02
0.000000000000000000e+00
9.663935356860862136e-01
0.000000000000000000e+00
2.185423683200669043e+00
5.654583710509433203e-01
2.350504971435535273e-01
7.168023227697309929e-01
5.414418888222811109e-03
1.256633380918567244e+00
0.000000000000000000e+00
0.000000000000000000e+00
6.305264528451904882e-01
4.652460109901588869e-01
7.488049578333322298e-01
0.000000000000000000e+00
2.609725191365683261e-01
9.302391710702726524e-01
0.000000000000000000e+00
1.752243790400269230e+00
7.084713258208038544e-01
1.680573253147479518e+00
3.949841839576047620e-01
0.000000000000000000e+00
0.000000000000000000e+00
1.152227144420846727e+00
3.935516883340769434e-01
1.202725294264149536e+00
5.001406684707792039e-01
2.200558696468754294e-01
1.538743454322550663e+00
1.337583338712214909e+00
2.738251082846169915e+00
7.977147502492892839e-01
0.000000000000000000e+00
1.735754410215923915e+00
8.442986282659721287e-01
5.662995334957986460e-01
5.130351592130595433e-03
0.000000000000000000e+00
3.680859120220970615e-01
1.581429849955501732e+00
0.000000000000000000e+00
3.792392005861132676e-01
2.023563033705430669e+00
0.000000000000000000e+00
