# Ensemble C, m = 1000.0, c_n/c_p = 0.664516129032, f = -0.985652173913
# lambda = [  3.15272646e-08  -2.06497835e-08   0.00000000e+00   3.53619705e-09]
#  
2.957927145375845779e+00
1.891071070867893944e+00
8.473962248802193731e-01
9.683863705645499032e-01
1.081464589582852076e+00
1.629111818000132494e+00
3.488826032544146027e+00
9.472241287968014012e-01
1.746339952162875742e+00
2.041585493513206728e+00
3.785498453315196410e-01
1.866293617139647365e+00
1.291678878344621584e+00
3.004532424409650737e+00
0.000000000000000000e+00
0.000000000000000000e+00
5.681041594064335509e-01
0.000000000000000000e+00
9.122302991127860805e-01
0.000000000000000000e+00
1.624570467623013492e+00
1.338472060501336935e+00
1.672532930440256971e+00
1.301641345889653856e+00
9.774467944351880044e-01
0.000000000000000000e+00
9.219599765691929294e-01
2.593191359220349546e-02
2.395608895486268874e+00
1.380440920675362948e+00
5.631596589580460943e-01
1.999888661096081099e+00
9.041662805795883107e-02
2.013839404937150412e+00
4.858769889180890034e-01
8.975013145065550146e-01
3.514671796646615803e-02
1.329717046941077729e+00
2.177941729283223271e+00
2.217635541046300229e+00
1.649901810664071711e+00
1.510408976219881128e+00
3.190020180506609737e+00
3.640343247106863966e+00
5.101128126869695079e-01
1.130565048190278254e+00
0.000000000000000000e+00
2.936990055589878690e+00
1.544635926487725408e+00
2.071113979889078471e-01
1.584277340271378065e-01
9.124318130704397456e-01
0.000000000000000000e+00
2.974715701536401635e+00
0.000000000000000000e+00
2.709519138647374703e+00
5.471363549788377245e-01
1.393076782757430410e+00
0.000000000000000000e+00
3.538744526454630890e+00
1.172175406015758314e+00
0.000000000000000000e+00
9.165551729161827144e-01
0.000000000000000000e+00
2.533609430836259446e-01
1.971134201279518994e+00
8.085274764932502689e-02
1.485161116541760640e+00
1.676365147785526588e+00
2.456410794853324031e+00
4.390131991835940495e-01
7.336180445025034524e-01
9.314223109126201772e-01
3.199567892080527276e+00
0.000000000000000000e+00
2.652854557398542368e-01
1.903659430856388113e+00
6.940940025054197493e-01
1.506632041676637446e+00
2.007001327620859588e+00
1.092975232618048631e+00
1.601698952020583988e+00
2.614729100249160720e-01
5.288234211056185297e-01
2.104560653069716736e+00
2.705288081475563100e-01
6.132859705059761080e-01
1.252659401363343417e+00
1.091311811389328978e+00
2.030057941632942509e+00
0.000000000000000000e+00
1.933889635071867896e-01
1.650675586019341168e+00
3.910088831967652556e+00
9.799058297480311985e-01
9.089515636690491673e-01
1.327991195108872313e+00
1.020308274857132824e+00
2.251060600787831767e+00
2.223234087532645731e+00
