# Ensemble C, m = 1000.0, lambda = [  1.03386975e-08  -9.42736754e-09   0.00000000e+00   3.14615993e-09]
1.495547489060269561e-02
1.847883378610128413e-01
1.904407807489448823e+00
6.253126843892052866e-01
0.000000000000000000e+00
1.754919473772660110e+00
0.000000000000000000e+00
0.000000000000000000e+00
5.902951323863162569e-01
1.757157592446612737e+00
4.708559565041212092e-01
1.165687189922365086e+00
0.000000000000000000e+00
1.051521372496214690e+00
0.000000000000000000e+00
0.000000000000000000e+00
4.662281843252711472e-03
8.027600955125020477e-01
0.000000000000000000e+00
7.895322668124266086e-01
9.864085027937672390e-01
0.000000000000000000e+00
0.000000000000000000e+00
0.000000000000000000e+00
2.831379480422874587e-02
2.273961546696952940e+00
2.099191398156291244e-01
3.846904187463009907e-03
2.287362668994941561e+00
1.461923032791882182e+00
1.657283624926654042e+00
9.533808979685205465e-01
0.000000000000000000e+00
0.000000000000000000e+00
1.715900635070034763e+00
4.873861647872080316e-01
1.771708332584541745e+00
0.000000000000000000e+00
0.000000000000000000e+00
0.000000000000000000e+00
0.000000000000000000e+00
0.000000000000000000e+00
7.465408080507620614e-01
1.238342111457439554e+00
2.290414550113392345e+00
1.969931600890043738e-02
1.527605938422417653e+00
0.000000000000000000e+00
1.577015569666219419e-01
2.167702803903082953e-01
1.209018757487139708e-03
0.000000000000000000e+00
0.000000000000000000e+00
0.000000000000000000e+00
1.109745507249300545e+00
0.000000000000000000e+00
1.100164526407833243e+00
0.000000000000000000e+00
0.000000000000000000e+00
7.242150207799932238e-01
6.519914208396927480e-01
7.039241144157987184e-01
0.000000000000000000e+00
0.000000000000000000e+00
2.605623998521430784e-01
0.000000000000000000e+00
9.167842935255809955e-01
0.000000000000000000e+00
0.000000000000000000e+00
5.593161068372676237e-01
0.000000000000000000e+00
5.403284176537143102e-01
0.000000000000000000e+00
0.000000000000000000e+00
0.000000000000000000e+00
0.000000000000000000e+00
0.000000000000000000e+00
4.063980183366222403e-04
1.480649540674948250e+00
0.000000000000000000e+00
7.817836668775814957e-01
0.000000000000000000e+00
0.000000000000000000e+00
0.000000000000000000e+00
1.157889200504712779e+00
1.017217159042685282e+00
0.000000000000000000e+00
0.000000000000000000e+00
1.235292615885524636e+00
8.152233041226440990e-01
0.000000000000000000e+00
0.000000000000000000e+00
0.000000000000000000e+00
0.000000000000000000e+00
0.000000000000000000e+00
0.000000000000000000e+00
1.313020183876474567e+00
0.000000000000000000e+00
0.000000000000000000e+00
3.074801649387821911e-02
