# Ensemble C, m = 1000.0, lambda = [  2.08085254e-08  -1.30942201e-08   0.00000000e+00   3.52004146e-09]
5.811010736164715640e-01
2.398441641564662330e+00
2.742365272218381111e-01
1.097948693335577097e+00
0.000000000000000000e+00
0.000000000000000000e+00
1.889987099270293402e+00
2.494211706192710043e+00
5.176183220197060342e-01
0.000000000000000000e+00
2.267817972539989679e-01
2.792109222342933350e-01
1.883045848807468170e+00
0.000000000000000000e+00
1.074686410267793102e+00
5.988969299845154914e-01
0.000000000000000000e+00
0.000000000000000000e+00
1.579622963479077047e-01
1.713575547064736526e-01
2.011450810695322389e+00
8.765431366716747857e-03
0.000000000000000000e+00
9.393872691065324743e-01
0.000000000000000000e+00
1.327087441694837722e+00
0.000000000000000000e+00
1.200715987813802066e+00
8.495223812095136218e-01
8.043729044285792273e-01
1.566999721368969589e-01
0.000000000000000000e+00
3.714064652392424365e-03
0.000000000000000000e+00
2.669971833712705855e+00
0.000000000000000000e+00
6.265450461151546024e-01
7.271561328027579263e-01
0.000000000000000000e+00
1.134224691032768684e+00
3.522184850171745096e-01
8.750077422162934049e-01
1.147131243923265931e+00
6.889629116170451484e-01
1.888710398671991308e+00
3.664992530495299050e-01
1.200002265588030227e-02
7.173436782829138991e-01
1.002787749541211193e+00
0.000000000000000000e+00
1.384307368308663966e+00
0.000000000000000000e+00
7.118642775036284620e-01
2.009698325437011324e+00
1.103318953164327265e+00
0.000000000000000000e+00
2.904474198403516824e-02
6.774120279445117188e-01
1.209157227115727151e+00
1.389235464052251956e+00
1.988998471485637465e+00
9.432904562420457717e-02
0.000000000000000000e+00
0.000000000000000000e+00
3.900992870118794031e-01
3.699828985400954173e-01
0.000000000000000000e+00
2.577812770012267718e-01
0.000000000000000000e+00
2.960717500209671282e+00
8.105376768866221493e-01
0.000000000000000000e+00
1.266734516950927869e+00
2.093941740260250040e-01
7.333280781930645587e-01
4.872687130247527199e-01
0.000000000000000000e+00
9.347897150033745994e-01
2.055307410195874152e+00
0.000000000000000000e+00
1.665814226732633685e+00
3.040980972683520189e-01
3.690002220137112432e-01
1.748641367887853626e+00
1.634485874499827796e-01
0.000000000000000000e+00
3.517206820846769527e-02
3.320628049409518057e-01
0.000000000000000000e+00
2.196207156644176539e-01
1.889802455807498838e+00
4.991534721412925757e-01
1.558519061610391887e+00
6.313699930400609173e-01
3.096659563278010840e-01
2.900833851099105409e+00
7.296553501390837249e-02
0.000000000000000000e+00
0.000000000000000000e+00
0.000000000000000000e+00
