# Ensemble C, m = 1000.0, lambda = [  3.07631676e-08  -2.42594866e-08   0.00000000e+00   2.72508356e-09]
2.702631092531648349e+00
1.817617557312753540e+00
2.237752299590483496e+00
1.971773105541482440e+00
1.621417190536946107e+00
1.387425699011044067e+00
6.586096853393534900e-01
1.818621709889937765e+00
9.254093941859531380e-01
2.202417473252383573e+00
1.085784664853582493e+00
6.494433377760345794e-01
2.398838663297922835e+00
1.074604307840987039e+00
1.683697498425642092e+00
1.705526152496404713e+00
9.704975122079306793e-01
2.074005720021437682e+00
6.497964897401486972e-01
1.415274017067107870e+00
1.798125733955608707e+00
1.525529796071181998e+00
2.387432459796645201e+00
2.325771420211403928e+00
2.311162903045424155e+00
1.446165748310666688e+00
2.396523931450853073e+00
2.054337963711773796e+00
1.074843733520265188e+00
1.246438336785379519e+00
2.368621362606620373e+00
1.074752418932962916e+00
1.414060739091259622e-01
1.016724355373870070e+00
1.089522624216338942e+00
1.474969642514590618e+00
1.611496308973853875e+00
2.043519481067029631e+00
2.266234435530374736e+00
1.010285661680397212e-01
2.454677871885763807e+00
1.229206809543757606e+00
2.322912241331694716e+00
1.055376299587875044e+00
0.000000000000000000e+00
1.936424816081722788e+00
1.498947479612350975e+00
1.128452731740733572e+00
2.570188902601908687e+00
1.145571575417182686e+00
2.315383390598109603e+00
1.733389015064286331e+00
1.898002030089224634e+00
2.275645962485251861e+00
2.738269726235368573e+00
8.531455302773183202e-01
1.094289354807385983e+00
9.760294205930319933e-01
2.370027235480221428e+00
1.872252259803207863e+00
8.083253437364866859e-04
1.917813600055576329e+00
2.288269769884053506e+00
2.469819302144694362e+00
1.611414498667374184e+00
1.238202888974686777e+00
1.991538545535984195e+00
1.149550782880847111e+00
1.715539051687728023e+00
9.551601480680120826e-01
1.493858267823013897e+00
1.144583434282769208e+00
8.796377249734582682e-01
2.430831321882841678e+00
2.118091801796636364e+00
2.482135043050241574e+00
1.031477466523011532e+00
2.489846559142680160e+00
2.016792142679899591e+00
2.524086749366768245e+00
2.924754746217212986e+00
0.000000000000000000e+00
2.300170528055973662e+00
2.824172142220434889e+00
1.364302823740611625e+00
5.037974957896232571e-03
2.370405733777862789e+00
1.449373859485218741e-01
2.071766164008853828e+00
0.000000000000000000e+00
2.097331176941288788e+00
5.785886540485499774e-01
3.452122684442799905e-01
9.932229430911895252e-01
3.737539914992203949e-01
2.698146761602036925e+00
7.392417257911375605e-01
2.197951207369884585e+00
3.497844447715443561e-01
2.568347032754830561e+00
