# Ensemble C, m = 1000.0, lambda = [  1.43077890e-08  -1.15741442e-08   0.00000000e+00   3.50215203e-09]
0.000000000000000000e+00
0.000000000000000000e+00
1.678441716948365414e+00
1.071455222752721426e+00
0.000000000000000000e+00
3.089271862088511789e-01
0.000000000000000000e+00
0.000000000000000000e+00
0.000000000000000000e+00
0.000000000000000000e+00
6.070258677683013637e-01
0.000000000000000000e+00
0.000000000000000000e+00
0.000000000000000000e+00
1.153346529552867761e+00
7.557769939377171342e-01
2.359978992342488535e+00
4.359815395990543907e-01
7.878599450890994005e-01
0.000000000000000000e+00
0.000000000000000000e+00
0.000000000000000000e+00
8.026103350971912700e-03
1.372210908205272251e+00
0.000000000000000000e+00
0.000000000000000000e+00
0.000000000000000000e+00
0.000000000000000000e+00
1.922643333132078247e+00
2.071192333812416075e-01
3.512950458574133905e-01
0.000000000000000000e+00
0.000000000000000000e+00
6.040375971761395048e-03
4.952138046713079333e-01
0.000000000000000000e+00
5.812480189039878065e-01
1.684705828270838035e+00
0.000000000000000000e+00
1.451438453133283790e+00
0.000000000000000000e+00
3.697759778651868445e-01
0.000000000000000000e+00
0.000000000000000000e+00
0.000000000000000000e+00
0.000000000000000000e+00
0.000000000000000000e+00
8.689135476800526892e-01
0.000000000000000000e+00
5.340292886262574396e-02
1.115280376100268311e+00
0.000000000000000000e+00
0.000000000000000000e+00
0.000000000000000000e+00
0.000000000000000000e+00
1.339664267837909151e+00
0.000000000000000000e+00
0.000000000000000000e+00
0.000000000000000000e+00
0.000000000000000000e+00
0.000000000000000000e+00
1.085703550301668319e+00
1.120144306030359305e+00
0.000000000000000000e+00
0.000000000000000000e+00
0.000000000000000000e+00
7.592767270989132511e-01
0.000000000000000000e+00
1.191856864232108792e+00
1.772728371004153258e+00
0.000000000000000000e+00
5.497998324476615316e-03
7.289400879158828284e-01
0.000000000000000000e+00
2.832624840098440632e-03
1.867454608329113697e+00
7.342712231373199616e-01
5.993933005965191851e-01
7.235987796442713282e-01
0.000000000000000000e+00
0.000000000000000000e+00
1.305438025576765693e+00
0.000000000000000000e+00
1.630028580990977360e+00
2.722323698552937474e-02
4.926435089644797677e-02
0.000000000000000000e+00
0.000000000000000000e+00
1.381628840688274851e+00
0.000000000000000000e+00
1.303871944355575963e+00
4.246509966406431524e-01
0.000000000000000000e+00
5.682227767418223108e-01
0.000000000000000000e+00
0.000000000000000000e+00
5.704052497127799493e-01
6.046462413964368565e-01
8.755721563838464450e-02
2.994135138658140377e-02
