# Ensemble C, m = 1000.0, lambda = [  2.22097856e-08  -1.37777688e-08   0.00000000e+00   3.37705116e-09]
9.485622380000260367e-01
0.000000000000000000e+00
1.698681185023011908e+00
1.442730980381211614e+00
0.000000000000000000e+00
0.000000000000000000e+00
0.000000000000000000e+00
9.743519884270185338e-01
9.843597687361385074e-01
1.538070916906977059e+00
0.000000000000000000e+00
3.246422247366708702e-01
3.895327307460749733e-01
3.958314659791757791e-03
0.000000000000000000e+00
6.252023678947510321e-01
0.000000000000000000e+00
0.000000000000000000e+00
0.000000000000000000e+00
5.254217249299082404e-01
0.000000000000000000e+00
1.190893795724776272e+00
0.000000000000000000e+00
0.000000000000000000e+00
0.000000000000000000e+00
7.797554264979135175e-01
4.879331249629993983e-01
1.004396069699769051e-01
1.636424871214359478e-01
7.593777566009718427e-01
1.926879055571757871e+00
1.904038687623050008e-01
7.679060022972458155e-01
0.000000000000000000e+00
1.575624350294619891e+00
0.000000000000000000e+00
1.202998835666303945e+00
0.000000000000000000e+00
0.000000000000000000e+00
1.680199235461508511e+00
3.624154280608450907e-01
0.000000000000000000e+00
7.946346428730086675e-01
0.000000000000000000e+00
1.500281351805655916e+00
3.218779405726000409e+00
4.562700520465012288e-01
3.774087906109833135e-01
7.969259023953748633e-01
0.000000000000000000e+00
1.535851330828985895e-01
0.000000000000000000e+00
1.183168432302786455e+00
0.000000000000000000e+00
0.000000000000000000e+00
9.243453656584975642e-01
3.080346727530368423e+00
4.167719189222374165e-01
0.000000000000000000e+00
1.793980012174506422e+00
0.000000000000000000e+00
0.000000000000000000e+00
0.000000000000000000e+00
0.000000000000000000e+00
8.554914709385718075e-01
1.618161285772741653e+00
1.918455818203979257e+00
6.421903539648345927e-01
0.000000000000000000e+00
3.657216517025179137e-01
6.475062526691492959e-01
1.690971948120457979e-02
1.241357745051727912e+00
0.000000000000000000e+00
0.000000000000000000e+00
0.000000000000000000e+00
8.415583924515335212e-01
0.000000000000000000e+00
1.514182137434276765e+00
0.000000000000000000e+00
0.000000000000000000e+00
3.179389524239872866e-01
1.404842617288887818e-01
1.213777834207319994e+00
2.074322226756486032e+00
9.606379159199016637e-01
4.007681596953707182e-01
9.888259057027658575e-03
1.932574265972143213e+00
5.070281887948119293e-01
1.667983213870410042e+00
0.000000000000000000e+00
0.000000000000000000e+00
1.260234657851840634e+00
0.000000000000000000e+00
1.010408812151557312e+00
0.000000000000000000e+00
0.000000000000000000e+00
5.947328161254035461e-02
3.108488300283744343e-01
