# Ensemble C, m = 1000.0, c_n/c_p = 0.845161290323, f = -0.984347826087
# lambda = [  1.93108581e-08  -1.60653339e-08   0.00000000e+00   2.87632133e-09]
#  
2.817117358146581929e-01
7.516528553692241044e-01
8.213551567449024482e-01
9.200422364322242696e-01
0.000000000000000000e+00
7.620810579260016704e-01
2.088113919874870217e-01
1.193731082489158712e+00
1.849356824215249162e+00
1.802855466549404095e+00
0.000000000000000000e+00
2.064891393857297253e+00
0.000000000000000000e+00
7.690778496425366706e-01
8.251112206981638941e-01
9.478504131251168641e-01
1.870441324401957317e+00
0.000000000000000000e+00
0.000000000000000000e+00
6.833061188483053883e-01
0.000000000000000000e+00
0.000000000000000000e+00
3.117039439292982814e-02
2.333401316685946303e-01
0.000000000000000000e+00
8.814977819711452556e-01
0.000000000000000000e+00
1.187818151164673708e+00
4.347321917872206676e-01
0.000000000000000000e+00
0.000000000000000000e+00
3.846156808356239187e-01
0.000000000000000000e+00
0.000000000000000000e+00
2.951173427555622841e-01
5.405352822281229708e-01
1.371914488744903515e+00
2.516031467620285511e+00
1.584992140536557015e+00
0.000000000000000000e+00
5.455488023570526090e-01
1.720989174845126701e+00
7.029644592548222048e-01
3.771200166343284810e-01
0.000000000000000000e+00
9.548306003480628856e-01
0.000000000000000000e+00
1.232085072089912137e+00
0.000000000000000000e+00
1.151718648666732125e+00
1.433154132130927350e+00
1.527756163999658634e+00
1.938936520951840770e+00
2.207170619328353123e+00
5.722787859941426136e-01
2.436828761245580566e+00
8.007385302388493331e-01
7.130946993938458434e-01
0.000000000000000000e+00
0.000000000000000000e+00
0.000000000000000000e+00
0.000000000000000000e+00
7.426659919063339776e-01
4.299613662208554010e-01
0.000000000000000000e+00
2.501446828678549443e-03
0.000000000000000000e+00
0.000000000000000000e+00
2.800718717453796192e+00
0.000000000000000000e+00
0.000000000000000000e+00
1.395848698009947986e-01
6.582556076990825344e-01
0.000000000000000000e+00
0.000000000000000000e+00
3.009798866290078201e-01
9.509003700971502271e-01
5.258685929265344283e-01
1.468216287761525130e-01
1.081068574266651483e+00
3.756669303469361565e-01
1.370105399648351208e+00
0.000000000000000000e+00
5.892446068503690570e-01
0.000000000000000000e+00
3.375706315193974238e-01
6.126005815200669113e-01
4.113361256758047424e-01
5.019309322013331132e-01
1.015248150047076914e+00
1.240065771420521545e-01
3.050651444158227199e-01
3.605717531369675433e-01
5.245249259514793705e-01
0.000000000000000000e+00
2.804750679345396902e-01
8.063282071519546623e-02
2.313349732419428317e+00
1.240322800291160821e+00
7.421388627808213068e-01
