# Ensemble C, m = 1000.0, c_n/c_p = 0.703225806452, f = -0.948571428571
# lambda = [  1.69861174e-08  -1.13307579e-08   0.00000000e+00   3.78137125e-09]
#  
8.206703739935788944e-02
0.000000000000000000e+00
0.000000000000000000e+00
0.000000000000000000e+00
1.634735362462127473e+00
1.650237652471709282e+00
2.610816075122023072e+00
3.327847181643436514e+00
1.814615494455499300e+00
0.000000000000000000e+00
0.000000000000000000e+00
0.000000000000000000e+00
4.352271451852003814e+00
6.361031759122185436e-01
0.000000000000000000e+00
1.308154987277636350e+00
1.529581555752974387e+00
0.000000000000000000e+00
1.112563255023774900e-01
1.281098645724300766e+00
0.000000000000000000e+00
4.085794990352292766e-01
5.380481062257289615e-01
0.000000000000000000e+00
0.000000000000000000e+00
2.449943528035137152e+00
0.000000000000000000e+00
4.161978087678653293e-01
8.903384637939251167e-01
0.000000000000000000e+00
1.909074215997014490e-01
0.000000000000000000e+00
0.000000000000000000e+00
1.105589075633089724e+00
3.265127471322920805e+00
2.521132686203340634e-01
0.000000000000000000e+00
1.404895160345578153e+00
6.755667979211249508e-01
8.667027427205459267e-01
2.085252724056659179e+00
1.366644692444857867e+00
1.329019885625522424e+00
5.603801418070056828e-01
5.345678886213737213e-01
2.893283288264042241e+00
9.621537799692396753e-01
1.595998987107206890e+00
3.205171293442246050e-01
2.277413605230446780e+00
1.425089167494113740e+00
0.000000000000000000e+00
0.000000000000000000e+00
1.259445768799479781e-01
1.094048292545385728e-02
1.946793387971942790e+00
0.000000000000000000e+00
1.883225123913614629e+00
0.000000000000000000e+00
0.000000000000000000e+00
0.000000000000000000e+00
3.085941551604268803e-03
0.000000000000000000e+00
2.236858763743057033e+00
1.454549781473953640e+00
0.000000000000000000e+00
0.000000000000000000e+00
3.380599103882793166e-01
0.000000000000000000e+00
0.000000000000000000e+00
0.000000000000000000e+00
9.351332267817448196e-01
0.000000000000000000e+00
7.820670050842160048e-01
0.000000000000000000e+00
1.139487405394654651e+00
0.000000000000000000e+00
1.676637362111643714e+00
5.204213423850687636e-01
2.110631260110772622e+00
0.000000000000000000e+00
1.053275820924923362e-01
0.000000000000000000e+00
0.000000000000000000e+00
1.712239025838120654e-01
5.493888362777253898e-01
3.068194168396148669e+00
3.401520916551901141e+00
0.000000000000000000e+00
1.738684568349892823e+00
0.000000000000000000e+00
2.327120120939687009e+00
0.000000000000000000e+00
1.754339504626901691e+00
1.349528280843370898e-01
0.000000000000000000e+00
1.001060391385299786e+00
2.947506509210335857e+00
9.096283570977662380e-01
2.376823792944356833e-02
