# Ensemble C, m = 1000.0, c_n/c_p = 0.767741935484, f = -0.97652173913
# lambda = [  2.22009141e-08  -1.66443958e-08   0.00000000e+00   3.67172274e-09]
#  
1.734514249545345388e+00
1.451302231211820393e-01
1.432089830299784483e-01
9.708215987055127671e-01
1.838249976207452896e+00
0.000000000000000000e+00
2.268592243843587375e-01
0.000000000000000000e+00
6.386394941324469166e-01
5.575178344078991072e-02
3.654547280386745145e-01
8.719952344147483547e-01
2.442686316729391294e+00
1.257810199110521499e+00
1.961186067648703624e+00
2.372266889919008470e+00
0.000000000000000000e+00
2.562900599079253716e+00
3.049351278165612911e+00
6.534979231622912721e-01
2.151962111209265949e+00
1.416417354091590974e+00
1.672657316732711008e+00
1.051979477649185757e+00
1.365929153279929475e-01
1.163997236387995349e+00
1.603672389193870451e+00
2.356244382181297947e+00
2.971655305034626604e+00
1.313622349361889263e+00
6.903677205904141800e-01
2.069732764888267518e+00
0.000000000000000000e+00
2.635577709942883984e-01
1.069125607728453442e+00
2.678723347271562805e+00
2.466203005260096393e-01
1.746561768879654197e+00
0.000000000000000000e+00
7.018895824279078877e-01
1.595472444216761820e+00
9.792380341573958535e-01
2.274890743894062428e-01
9.966315433152139747e-02
6.428557576278889907e-02
1.861317844671448007e+00
3.268700220958583591e-01
0.000000000000000000e+00
1.482314091655166255e+00
0.000000000000000000e+00
2.010001617504044269e+00
6.332622788338428121e-02
3.509624642658643268e+00
1.935436944497163303e+00
0.000000000000000000e+00
2.671515530629375301e-01
2.259013410038288594e-01
2.910238273360954420e-01
1.336757110951148686e+00
0.000000000000000000e+00
0.000000000000000000e+00
4.668185649520846248e-01
1.403540076326885044e+00
3.267017404498350208e-01
3.194206129790468918e-01
7.227417896846791145e-03
3.152309398046611477e+00
5.592087717575305872e-02
6.718107367194805501e-01
0.000000000000000000e+00
1.328153836994787895e-01
0.000000000000000000e+00
0.000000000000000000e+00
7.259526774723787379e-02
1.056146925765517164e+00
0.000000000000000000e+00
9.397196140348608451e-02
2.526289482194007174e+00
2.567094245932437957e+00
2.000786074851187202e+00
0.000000000000000000e+00
0.000000000000000000e+00
1.673068150246639574e+00
0.000000000000000000e+00
9.582698571300182766e-02
1.593376968893847889e-01
1.027711684486590560e+00
0.000000000000000000e+00
5.151210594466660853e-01
2.509935940285004108e+00
1.418178551759485373e+00
0.000000000000000000e+00
1.103372391149506776e-01
2.169561278243992586e+00
0.000000000000000000e+00
2.153576888282954238e-01
0.000000000000000000e+00
1.011471789145578226e+00
4.518408494431744304e-02
2.687887569983129943e+00
