# Ensemble C, m = 1000.0, lambda = [  1.38356440e-08  -1.24932518e-08   0.00000000e+00   2.61745153e-09]
1.908746776264797385e+00
1.414458782879120857e+00
1.881633528018830104e+00
1.291167538687747474e+00
1.196591535047941912e+00
1.922857838942042541e+00
3.520750768475058856e-01
4.271497546476314966e-01
1.498479576329371010e+00
1.468024137986064515e-01
9.776540028216945677e-01
3.499994268989068957e-01
4.481018938810832908e-01
0.000000000000000000e+00
7.703125525554711528e-01
1.425890639106262459e+00
9.170144105289035341e-01
0.000000000000000000e+00
0.000000000000000000e+00
0.000000000000000000e+00
2.095866772361091979e+00
0.000000000000000000e+00
1.242403345285462368e+00
0.000000000000000000e+00
0.000000000000000000e+00
0.000000000000000000e+00
1.174148974230322835e-02
0.000000000000000000e+00
0.000000000000000000e+00
0.000000000000000000e+00
0.000000000000000000e+00
1.247134052595527010e+00
1.510949304115738023e+00
0.000000000000000000e+00
0.000000000000000000e+00
6.979548173953942225e-01
2.332056076340716544e+00
3.142825950522838523e-03
6.162478423914623249e-02
0.000000000000000000e+00
1.368311761071226762e+00
0.000000000000000000e+00
8.882115036338728356e-03
0.000000000000000000e+00
0.000000000000000000e+00
0.000000000000000000e+00
0.000000000000000000e+00
0.000000000000000000e+00
0.000000000000000000e+00
1.091409317525092737e+00
0.000000000000000000e+00
0.000000000000000000e+00
0.000000000000000000e+00
0.000000000000000000e+00
2.558341986031833354e-02
0.000000000000000000e+00
9.266687305292548027e-01
0.000000000000000000e+00
1.147777243632798205e+00
3.996842614120392767e-01
7.886190031003653678e-01
4.524792712968566666e-01
0.000000000000000000e+00
1.308094635986466366e-02
0.000000000000000000e+00
0.000000000000000000e+00
4.185762186147523600e-01
0.000000000000000000e+00
2.104104674271461750e+00
1.826031783897680505e+00
0.000000000000000000e+00
0.000000000000000000e+00
0.000000000000000000e+00
0.000000000000000000e+00
1.013346447971371633e+00
0.000000000000000000e+00
1.002571631465010160e+00
0.000000000000000000e+00
0.000000000000000000e+00
1.787184600560807857e+00
2.960444576053979482e+00
0.000000000000000000e+00
1.597919485355747682e-02
6.099189094706686590e-03
1.860353412794306216e+00
0.000000000000000000e+00
0.000000000000000000e+00
2.009718378716031317e+00
0.000000000000000000e+00
4.206385157680754827e-01
0.000000000000000000e+00
2.597466360899930660e+00
0.000000000000000000e+00
7.876006811164007471e-02
1.971128395896519780e+00
1.006496747763291566e+00
7.787667427697074762e-01
1.648397008300213074e-01
0.000000000000000000e+00
1.739867475718063661e+00
