# Ensemble C, m = 1000.0, lambda = [  2.02219932e-08  -1.22211663e-08   0.00000000e+00   3.28534358e-09]
0.000000000000000000e+00
1.162192976249543985e+00
1.733390316966309630e+00
5.198729098056249498e-01
1.142285327967378139e+00
8.955151593831859325e-01
0.000000000000000000e+00
1.814270777980738991e+00
3.987880561757534692e-01
2.517693352062324585e-01
0.000000000000000000e+00
8.320455091201428566e-01
1.257190711648409120e+00
6.115342800986101057e-01
0.000000000000000000e+00
1.091498010414093223e+00
9.166256680597056894e-01
1.183553555933997803e+00
0.000000000000000000e+00
2.175140607242001423e+00
6.490750704489866019e-01
9.286211934299496429e-01
0.000000000000000000e+00
1.247742459694993755e+00
8.890075609811750601e-01
0.000000000000000000e+00
6.234058881538382391e-01
9.490576650833008054e-01
2.548469504386564832e+00
4.677234610796269787e-01
1.224351172127342124e+00
1.937840829859201586e+00
0.000000000000000000e+00
9.425846834658354600e-01
0.000000000000000000e+00
0.000000000000000000e+00
2.640089120577453485e-01
1.606902323317521919e+00
0.000000000000000000e+00
1.607586133804914885e+00
3.511842983331223134e-01
9.531763728129801772e-01
2.522592046826083734e-01
1.911000570092619144e+00
5.750813541444397270e-01
0.000000000000000000e+00
1.400768138451072842e+00
9.639782986766286532e-01
0.000000000000000000e+00
0.000000000000000000e+00
2.504809009829553901e+00
1.812745423811450984e-01
6.737302256359802011e-02
0.000000000000000000e+00
0.000000000000000000e+00
8.952562230315816993e-01
4.594865555947094671e-02
3.930696272535266073e-02
1.714868846034847572e+00
6.200485833153195347e-01
4.113125901492909464e-01
6.567139698988032626e-01
2.983164525766209343e-02
2.523229827365737421e+00
0.000000000000000000e+00
0.000000000000000000e+00
0.000000000000000000e+00
7.553138851342934279e-01
5.112472883829477510e-01
0.000000000000000000e+00
0.000000000000000000e+00
9.121393009466580507e-03
1.414756656799256440e+00
1.850115820008380318e-01
5.691000627475059082e-01
0.000000000000000000e+00
0.000000000000000000e+00
0.000000000000000000e+00
1.519331178948023497e+00
0.000000000000000000e+00
4.193321383667855673e-01
6.546932409137431463e-01
0.000000000000000000e+00
0.000000000000000000e+00
4.060438949711134282e-01
4.197030478363135697e-01
9.216771777787664544e-01
1.316641822496051439e+00
1.879404486259482754e-01
3.832311910390711063e-01
1.053064441409076180e+00
0.000000000000000000e+00
5.489577660463249714e-02
1.343304798085761975e+00
3.788008286710174422e-01
2.868011845604333754e+00
8.874864082031983514e-01
1.202304006430237937e+00
3.012459521053501454e+00
9.740872527091376520e-01
