# Ensemble C, m = 1000.0, lambda = [  1.64537886e-08  -1.07255954e-08   0.00000000e+00   3.73836170e-09]
0.000000000000000000e+00
5.510926579158298422e-01
7.055816117062060355e-01
6.619130370441847488e-02
1.313390948473409203e+00
0.000000000000000000e+00
3.085183554149910634e-01
0.000000000000000000e+00
2.263600625014059009e+00
1.267393963029288084e+00
0.000000000000000000e+00
0.000000000000000000e+00
0.000000000000000000e+00
1.316105589400021092e+00
1.017443424187353340e+00
6.207197631441095931e-01
0.000000000000000000e+00
0.000000000000000000e+00
3.926635928544544574e-01
4.889906125650491098e-01
1.612894483060736572e+00
1.501284723217264805e+00
1.294374151339654055e+00
5.629126116616219866e-01
8.349827017862103684e-01
0.000000000000000000e+00
1.135670495135039149e+00
2.016174820059841166e-01
8.976495443952912101e-01
4.474272465733893367e-01
0.000000000000000000e+00
2.666679649621689907e-01
1.152811524374701246e+00
0.000000000000000000e+00
1.185998304858460806e+00
0.000000000000000000e+00
8.964424815572759053e-01
0.000000000000000000e+00
6.600051683509393641e-01
4.350371250433590076e-01
2.553880196621275966e-01
0.000000000000000000e+00
2.045792060889553898e+00
0.000000000000000000e+00
0.000000000000000000e+00
1.555674468497128017e-02
3.505255779035429398e-01
0.000000000000000000e+00
0.000000000000000000e+00
5.978678546364598612e-01
1.934454365589795444e+00
2.056597629927458204e+00
0.000000000000000000e+00
6.940449303376268197e-01
2.160373836736329267e-01
0.000000000000000000e+00
0.000000000000000000e+00
0.000000000000000000e+00
0.000000000000000000e+00
1.912669410319486785e+00
1.433831621086478325e+00
2.670958942155974292e+00
3.779880726636919430e-01
6.759889357037949242e-01
0.000000000000000000e+00
0.000000000000000000e+00
0.000000000000000000e+00
7.449520061798313719e-01
5.987103016835307878e-01
2.197715468124171512e+00
0.000000000000000000e+00
0.000000000000000000e+00
7.286088309413601971e-01
0.000000000000000000e+00
0.000000000000000000e+00
0.000000000000000000e+00
4.376594666895279873e-01
2.207457014892358682e+00
0.000000000000000000e+00
0.000000000000000000e+00
1.172482294662429592e+00
1.878092479137758897e+00
5.545383900901541541e-01
3.161745239474104685e-01
0.000000000000000000e+00
1.568303971322980717e+00
0.000000000000000000e+00
0.000000000000000000e+00
0.000000000000000000e+00
4.070701823539878833e-02
0.000000000000000000e+00
0.000000000000000000e+00
6.387386538178937423e-01
1.530756889397393294e+00
1.597975756980763162e-01
6.872044281968552569e-03
0.000000000000000000e+00
0.000000000000000000e+00
0.000000000000000000e+00
0.000000000000000000e+00
