# Ensemble C, m = 1000.0, c_n/c_p = 0.793548387097, f = -0.994782608696
# lambda = [  3.19741093e-08  -2.52406220e-08   0.00000000e+00   2.58848922e-09]
#  
8.546612778323399162e-01
2.324770810078146344e+00
3.092330130695079227e+00
1.751769048840858822e+00
2.363879259589078963e+00
2.097207149446935315e+00
2.508076779139312151e+00
2.366019366346807651e+00
2.206467290323144148e+00
2.614442239027757964e+00
1.263486601968663248e+00
2.033381210548277807e+00
1.981597965809505757e+00
1.597891163719663110e+00
2.287853747823922923e+00
7.401209850606803586e-01
2.860749182424149328e+00
1.621170394632310607e+00
1.161049553716446692e+00
1.532973327369703487e+00
2.407990344301335295e+00
1.591975834248812172e+00
3.522821197870351639e+00
1.441294953347061814e+00
1.348464115216377657e+00
2.833102313510282855e+00
2.323804809640342750e+00
1.387174687401665496e+00
2.229232203698824133e+00
1.679360451750614436e+00
1.205865781007386062e+00
1.885532301684282208e+00
5.636733190516872716e-01
2.643251071972087196e+00
1.162066686662261317e+00
2.208875766036811683e+00
2.756105275443119229e+00
1.147583392072504038e+00
2.086411144131164352e+00
3.118310869050300860e-01
2.459160356986638263e+00
1.241069017148990650e+00
1.339951561011811787e+00
3.368619606850523418e+00
2.578231563073785537e+00
2.403178755605609673e+00
1.680372520523929936e+00
1.965811524333629934e-01
3.523443526958086824e+00
1.342097403550387646e+00
1.140323317709806439e+00
2.524049639906595477e+00
2.270607841299774776e+00
2.313240357634803956e+00
1.908413765352248159e+00
1.250483605037516543e+00
2.207744458152911093e+00
2.614312433690146875e+00
1.944937442783282178e+00
0.000000000000000000e+00
1.712850504588305789e+00
1.076711231694682303e+00
0.000000000000000000e+00
1.928355327284711374e+00
2.473079237814167275e+00
1.596667641959646389e+00
1.639669296405922738e+00
1.299622768298344555e+00
0.000000000000000000e+00
2.379678208447308041e+00
1.112328226424916355e+00
2.264990596118641619e+00
7.153514935495338678e-01
1.690291318059106374e+00
2.217855878357859467e+00
1.583827674061975221e+00
1.985298943381910597e+00
0.000000000000000000e+00
2.226605876594654809e+00
0.000000000000000000e+00
1.518800027108700990e+00
2.267472555853280003e+00
0.000000000000000000e+00
2.377148929154895285e+00
1.947122239961451839e+00
4.869889490508330088e-01
7.745773218969237428e-01
8.461817171400870530e-01
2.068425954203910511e+00
2.482793276715929309e+00
1.593172967138037688e+00
1.427917813248360979e+00
2.340152052010211925e+00
1.524236903973851698e+00
1.851939770032421162e+00
0.000000000000000000e+00
2.051508639424127090e+00
7.867508620363855565e-01
1.485387157203934105e+00
1.235840636993721375e+00
