# Ensemble C, m = 1000.0, lambda = [  2.51524386e-08  -1.66340784e-08   0.00000000e+00   3.69139438e-09]
0.000000000000000000e+00
8.321106300753291496e-01
0.000000000000000000e+00
0.000000000000000000e+00
1.120755788736677250e+00
2.025773222599812851e+00
9.994115765291876619e-01
1.097357833847771413e+00
1.093684252200623624e-01
1.707349840167178279e-01
1.430492179186308555e+00
2.781243306892736467e+00
0.000000000000000000e+00
1.094875357836885499e+00
0.000000000000000000e+00
0.000000000000000000e+00
4.264696670624754660e-01
9.071067327231343569e-01
1.371208203572228168e+00
0.000000000000000000e+00
9.259622497640631611e-01
1.695641573549907966e+00
1.149745622214457086e+00
2.007307357075698295e+00
0.000000000000000000e+00
0.000000000000000000e+00
0.000000000000000000e+00
1.132225867398003682e+00
1.138892212468195719e+00
5.014597355182790483e-01
1.725704919072651000e+00
2.967849542166137167e-01
7.080368045689801049e-01
2.709342706721218796e+00
0.000000000000000000e+00
7.951876695258554006e-01
2.735689132699011594e+00
1.995509518442597718e+00
2.769005913871930846e-01
1.819824894573833785e+00
1.005290149755889151e-01
2.208305291057084396e-01
6.891918162815775517e-01
0.000000000000000000e+00
1.051037089292047533e+00
0.000000000000000000e+00
0.000000000000000000e+00
0.000000000000000000e+00
2.222405263504711570e+00
6.602669274622094192e-04
0.000000000000000000e+00
1.192652444843017356e+00
9.161946731835906785e-03
6.785582712201987388e-01
1.412751116462912959e+00
2.700983203882628025e+00
1.836786026371953762e+00
5.787643355402921630e-01
8.205593832941843191e-02
1.972949969158832584e+00
0.000000000000000000e+00
2.306329599028440203e-01
3.568218819446226653e-01
1.370590022184694945e+00
2.020305517158829112e+00
8.913950559825779552e-01
0.000000000000000000e+00
1.954524384252657399e+00
1.932022364751053711e+00
0.000000000000000000e+00
1.348101060434625298e+00
7.115315278778853829e-03
0.000000000000000000e+00
0.000000000000000000e+00
6.561480737200053870e-01
1.077995663558687367e+00
1.169722672216989112e+00
9.155263735705196915e-01
9.823229050068735813e-01
0.000000000000000000e+00
7.795796579237719293e-01
9.869661399011657732e-01
0.000000000000000000e+00
0.000000000000000000e+00
4.524198678382573835e-01
1.792052491162881234e+00
1.229652648380236357e+00
3.479836530341249290e-01
0.000000000000000000e+00
1.569246893077478111e+00
2.869576347939092331e-01
1.760461862287415524e+00
1.652311986568064217e+00
0.000000000000000000e+00
1.005921400238683150e+00
2.394244963570147711e+00
3.288982592878144651e-01
7.712509444206202547e-01
6.196391065650665997e-01
8.798873797539994573e-03
