# Ensemble C, m = 1000.0, lambda = [  2.24283595e-08  -1.55998284e-08   0.00000000e+00   3.82365384e-09]
1.865930493621843711e+00
0.000000000000000000e+00
0.000000000000000000e+00
9.910332124948979526e-01
2.276611105151734371e+00
4.100803917451420477e-01
4.214800458533218275e-01
5.703595315891121231e-01
1.100898624656279523e+00
8.667803480793843107e-01
3.608050797105942231e-01
9.700703276747530968e-01
2.862477884687490093e+00
0.000000000000000000e+00
3.139764409916672577e-02
0.000000000000000000e+00
2.770645583726153438e-01
5.017122573641589200e-01
0.000000000000000000e+00
0.000000000000000000e+00
4.069120861580041160e-01
1.359169022107846458e-01
9.346417134305821106e-01
8.731810656959623218e-01
0.000000000000000000e+00
8.590075192006503269e-01
1.553105283187946641e-02
1.191522731997182394e+00
2.068601361564153862e+00
2.152642636733524295e+00
0.000000000000000000e+00
5.586067289047120799e-01
1.014535309812112374e+00
1.777180273250110520e+00
2.922959007514899787e-02
7.429307873956195740e-01
1.331257025797419669e+00
8.582628648501202662e-01
2.617298471875567634e-01
2.668995334801091524e+00
0.000000000000000000e+00
6.229910527363152761e-01
8.268501179210928642e-01
5.002453089450793478e-01
7.119043029064626993e-02
1.374322371869188375e+00
0.000000000000000000e+00
5.940982141088702040e-01
3.687355000786665116e-01
0.000000000000000000e+00
0.000000000000000000e+00
8.057923000419778825e-01
1.652358530644033596e-01
0.000000000000000000e+00
1.149281186755426454e+00
1.914683418291839745e+00
1.192253536816134218e+00
1.649908652823686706e-01
8.033691482157575559e-01
7.370803043055003112e-01
1.640459618189297197e+00
7.588910856143342709e-01
9.155361157563305374e-01
0.000000000000000000e+00
0.000000000000000000e+00
8.726073125189625079e-01
0.000000000000000000e+00
2.111590961010533452e+00
0.000000000000000000e+00
1.686513862635083960e-01
0.000000000000000000e+00
0.000000000000000000e+00
0.000000000000000000e+00
4.915884385807486323e-01
1.065657010833445550e+00
1.464637722374479978e+00
0.000000000000000000e+00
2.960713390778533682e+00
0.000000000000000000e+00
1.096050216967111135e+00
0.000000000000000000e+00
0.000000000000000000e+00
5.413361229823585585e-01
1.667912153911322026e-01
2.807317733325906950e-01
0.000000000000000000e+00
1.070393721331356351e-01
0.000000000000000000e+00
2.790024769716051289e-01
1.695222051786445139e+00
1.203652192090497001e-02
2.603502142310010203e+00
5.165768567247661647e-01
1.995371182769356322e+00
9.293144935956969555e-01
0.000000000000000000e+00
3.648815922906024078e-01
0.000000000000000000e+00
7.552501412543727310e-01
9.026851024025596137e-01
