# Ensemble C, m = 1000.0, lambda = [  1.43614990e-08  -1.37710561e-08   0.00000000e+00   9.75590902e-10]
5.833138438433169704e-01
0.000000000000000000e+00
1.094372821918279781e+00
0.000000000000000000e+00
0.000000000000000000e+00
0.000000000000000000e+00
0.000000000000000000e+00
0.000000000000000000e+00
0.000000000000000000e+00
0.000000000000000000e+00
0.000000000000000000e+00
0.000000000000000000e+00
0.000000000000000000e+00
0.000000000000000000e+00
0.000000000000000000e+00
0.000000000000000000e+00
0.000000000000000000e+00
0.000000000000000000e+00
0.000000000000000000e+00
5.281253172316439093e-01
3.792313480079188004e-01
0.000000000000000000e+00
0.000000000000000000e+00
2.336398539185730872e-01
0.000000000000000000e+00
1.057891612198163411e+00
5.179756255950161703e-02
0.000000000000000000e+00
0.000000000000000000e+00
6.889292988310397048e-01
0.000000000000000000e+00
0.000000000000000000e+00
1.635393216479882339e-01
0.000000000000000000e+00
9.925185458387170145e-01
0.000000000000000000e+00
0.000000000000000000e+00
1.879779595504987189e+00
4.625611988365040950e-01
1.766561177442653452e-01
7.370028475042735873e-03
0.000000000000000000e+00
0.000000000000000000e+00
5.621951577399159072e-01
1.407835108266438651e+00
9.110633747560064055e-01
0.000000000000000000e+00
0.000000000000000000e+00
0.000000000000000000e+00
0.000000000000000000e+00
0.000000000000000000e+00
0.000000000000000000e+00
0.000000000000000000e+00
0.000000000000000000e+00
0.000000000000000000e+00
1.719932859784024437e+00
0.000000000000000000e+00
0.000000000000000000e+00
4.754309585795034043e-01
7.888234666869314848e-01
0.000000000000000000e+00
0.000000000000000000e+00
0.000000000000000000e+00
0.000000000000000000e+00
0.000000000000000000e+00
0.000000000000000000e+00
1.080877919900497419e+00
2.146443526841548544e-01
0.000000000000000000e+00
1.282807225171767040e-01
0.000000000000000000e+00
0.000000000000000000e+00
0.000000000000000000e+00
9.118778174411002260e-03
0.000000000000000000e+00
0.000000000000000000e+00
5.592611112421834729e-01
0.000000000000000000e+00
4.074948857825273496e-01
0.000000000000000000e+00
0.000000000000000000e+00
3.480480503801056669e-01
0.000000000000000000e+00
0.000000000000000000e+00
0.000000000000000000e+00
9.055134578400989009e-02
4.696421528650327609e-02
0.000000000000000000e+00
2.012838832344175266e+00
0.000000000000000000e+00
0.000000000000000000e+00
1.676976580840369158e+00
0.000000000000000000e+00
0.000000000000000000e+00
0.000000000000000000e+00
1.646267656935874069e+00
0.000000000000000000e+00
0.000000000000000000e+00
0.000000000000000000e+00
0.000000000000000000e+00
