# Ensemble C, m = 1000.0, c_n/c_p = 0.625806451613, f = -1.0
# lambda = [  5.06785052e-08  -3.17149355e-08   0.00000000e+00   0.00000000e+00]
#  
7.068011250778054588e-01
0.000000000000000000e+00
0.000000000000000000e+00
0.000000000000000000e+00
8.104438884353896144e-01
0.000000000000000000e+00
9.900095317161609065e-01
0.000000000000000000e+00
0.000000000000000000e+00
0.000000000000000000e+00
7.235713218645701827e-01
1.156343450831884168e+00
7.586002119063011140e-01
0.000000000000000000e+00
0.000000000000000000e+00
6.938710368580830457e-01
0.000000000000000000e+00
3.678045764400739159e-02
0.000000000000000000e+00
7.914676910218845229e-01
1.251057168031233680e+00
5.879930357460867452e-01
0.000000000000000000e+00
0.000000000000000000e+00
8.164886108555438060e-01
0.000000000000000000e+00
0.000000000000000000e+00
0.000000000000000000e+00
0.000000000000000000e+00
0.000000000000000000e+00
0.000000000000000000e+00
0.000000000000000000e+00
7.485805510035125065e-01
2.309515011833049303e-02
1.624453804576398153e-01
1.381277362971471634e+00
7.153972496525201619e-01
0.000000000000000000e+00
0.000000000000000000e+00
0.000000000000000000e+00
0.000000000000000000e+00
2.176238535590933054e+00
0.000000000000000000e+00
0.000000000000000000e+00
0.000000000000000000e+00
1.085757143652538614e+00
2.327769790799257554e-01
0.000000000000000000e+00
0.000000000000000000e+00
0.000000000000000000e+00
6.233627173359878038e-01
0.000000000000000000e+00
0.000000000000000000e+00
3.925135243372080973e-01
1.126001748980327344e+00
1.645565779560617781e+00
0.000000000000000000e+00
7.868212586035242539e-01
6.872256285470618176e-01
0.000000000000000000e+00
1.914182851982914879e-01
0.000000000000000000e+00
2.376134896901918869e-01
1.368671236909794198e-01
2.343767593821907358e+00
1.355459015094407693e+00
1.650110935266934753e+00
0.000000000000000000e+00
3.608496126899932710e-01
4.112884646691676860e-01
1.437112764351184735e+00
0.000000000000000000e+00
1.130762595228781198e+00
7.179997258559541740e-01
0.000000000000000000e+00
1.112281367592409698e+00
0.000000000000000000e+00
1.353581162633691770e+00
0.000000000000000000e+00
0.000000000000000000e+00
1.448974667232181712e+00
0.000000000000000000e+00
5.103671235208796508e-01
0.000000000000000000e+00
0.000000000000000000e+00
1.963297449039465015e-01
0.000000000000000000e+00
0.000000000000000000e+00
2.187703185545014861e+00
0.000000000000000000e+00
0.000000000000000000e+00
0.000000000000000000e+00
1.307907217978490633e-02
1.225865040611773926e+00
0.000000000000000000e+00
0.000000000000000000e+00
5.540057212909379469e-01
0.000000000000000000e+00
0.000000000000000000e+00
0.000000000000000000e+00
