# Ensemble C, m = 1000.0, c_n/c_p = 0.6, f = -0.977826086957
# lambda = [  2.24963196e-08  -1.31984929e-08   0.00000000e+00   2.82668845e-09]
#  
4.414821288283187206e-01
0.000000000000000000e+00
6.272836481868142577e-01
1.981604892567745191e+00
2.810017268163241266e-01
1.038053382690417914e+00
0.000000000000000000e+00
0.000000000000000000e+00
1.111564586227941964e+00
4.615316861718498642e-01
8.242388246828707965e-01
0.000000000000000000e+00
0.000000000000000000e+00
0.000000000000000000e+00
1.482966068969770124e+00
1.657479860143110106e-02
2.867420193275100893e+00
0.000000000000000000e+00
0.000000000000000000e+00
2.212991930901910820e+00
7.844737585415244574e-01
2.122824666645912184e-01
0.000000000000000000e+00
5.435688153204293327e-01
0.000000000000000000e+00
1.681046020555110598e-01
1.183155386291746547e+00
1.354016344739692457e+00
7.889381513167226245e-01
0.000000000000000000e+00
0.000000000000000000e+00
5.971208102809010265e-01
2.038334209163894961e+00
9.277274771562558087e-01
1.616541358992052313e+00
0.000000000000000000e+00
1.755251571889670181e+00
1.425707724141828982e-02
1.218919264601306285e+00
0.000000000000000000e+00
8.475100819502281446e-01
1.201336287443066642e+00
0.000000000000000000e+00
2.006037872471476025e+00
0.000000000000000000e+00
4.246082989750943337e-01
0.000000000000000000e+00
0.000000000000000000e+00
1.381571960856630144e+00
0.000000000000000000e+00
1.658797933384399126e-01
1.580863315436131344e+00
5.269115699055196833e-01
0.000000000000000000e+00
9.673232468020586117e-01
6.556138323929726619e-01
0.000000000000000000e+00
1.205778069798808305e+00
0.000000000000000000e+00
0.000000000000000000e+00
5.047164953239601237e-01
0.000000000000000000e+00
1.128548728657716715e+00
0.000000000000000000e+00
1.824796152216918710e+00
0.000000000000000000e+00
1.607423760837708993e-02
1.221538314231298994e+00
0.000000000000000000e+00
0.000000000000000000e+00
3.182190898601575113e-01
0.000000000000000000e+00
0.000000000000000000e+00
7.600187002378904211e-01
0.000000000000000000e+00
8.357815448003540482e-01
0.000000000000000000e+00
2.373710220256763481e+00
0.000000000000000000e+00
0.000000000000000000e+00
0.000000000000000000e+00
1.380430218578302837e+00
0.000000000000000000e+00
0.000000000000000000e+00
3.663206798510745266e-01
1.404126755179292640e+00
0.000000000000000000e+00
1.578007883149849522e-01
3.797181570422185626e-01
1.894205630108984073e-01
7.757158038496286823e-01
1.391872618392324013e+00
4.440107858234819127e-01
0.000000000000000000e+00
0.000000000000000000e+00
2.770117772306786019e+00
2.798868860048464927e-02
3.413229039794776765e-01
0.000000000000000000e+00
0.000000000000000000e+00
