# Ensemble C, m = 1000.0, lambda = [  2.09638196e-08  -1.53693538e-08   0.00000000e+00   3.76716250e-09]
1.826425392919059698e+00
1.891837812329270063e+00
1.182053075539952064e-01
7.504429088173832918e-01
0.000000000000000000e+00
9.476370789111028259e-01
0.000000000000000000e+00
1.603441521150557936e+00
5.814270112932087287e-01
0.000000000000000000e+00
0.000000000000000000e+00
4.320307701240039266e-01
3.468688990130637806e-01
1.256563446728434563e+00
2.250740178885643150e+00
3.263813782733619995e-01
1.286818959144155450e+00
0.000000000000000000e+00
1.135580566804868408e+00
9.043353946180824332e-01
0.000000000000000000e+00
9.504538925540831906e-01
0.000000000000000000e+00
0.000000000000000000e+00
0.000000000000000000e+00
0.000000000000000000e+00
2.150255450611781693e+00
1.457604038389595180e+00
0.000000000000000000e+00
0.000000000000000000e+00
1.738545234487463897e+00
1.100854296653823949e+00
0.000000000000000000e+00
6.429363289150109573e-01
0.000000000000000000e+00
3.717756914130995183e-01
6.248574448655830338e-01
9.508495681531351496e-01
2.518509586371178721e-02
4.572316890524489308e-01
0.000000000000000000e+00
1.901854138156643614e+00
6.113619659129725104e-02
6.476918246173620775e-01
0.000000000000000000e+00
2.571073713229603097e+00
0.000000000000000000e+00
2.172451297567177253e+00
1.428316379531221925e+00
0.000000000000000000e+00
2.050519417644949272e+00
0.000000000000000000e+00
6.021535332950658237e-01
0.000000000000000000e+00
0.000000000000000000e+00
0.000000000000000000e+00
7.072840969235651976e-01
4.448729441949214047e-01
4.876859757799130723e-01
1.725709900163934218e+00
4.063968145997203241e-01
0.000000000000000000e+00
2.815408478614918941e+00
0.000000000000000000e+00
1.235186594451659126e+00
1.703409837570766028e+00
7.884399668033062469e-02
2.107289185174081148e+00
8.314670973788802488e-01
0.000000000000000000e+00
5.836187677953097452e-01
0.000000000000000000e+00
0.000000000000000000e+00
2.291668448169886574e+00
5.690046239937264216e-01
0.000000000000000000e+00
0.000000000000000000e+00
0.000000000000000000e+00
3.316732922638589431e-01
1.560486381854162996e+00
2.096928340464425666e+00
0.000000000000000000e+00
3.788410081003932284e-01
1.548598382865898349e-01
1.584606522570580323e+00
1.390229344364746211e+00
0.000000000000000000e+00
7.147711310622931191e-02
1.236824606022462358e+00
0.000000000000000000e+00
1.808023847750491075e+00
1.401662410055562580e+00
1.484883192421925457e+00
1.430800400460344068e+00
2.351544957332153685e-01
1.035651184512631273e+00
1.132457867363071413e+00
0.000000000000000000e+00
1.466749952166553461e+00
5.502099993811856438e-01
