# Ensemble C, m = 1000.0, lambda = [  1.15175577e-08  -1.09257968e-08   0.00000000e+00   2.55397341e-09]
1.951057400717954415e+00
0.000000000000000000e+00
0.000000000000000000e+00
0.000000000000000000e+00
1.307439967104569778e+00
0.000000000000000000e+00
1.451387775378284173e-01
1.386285446352931716e+00
2.494727898212792727e+00
1.199226075685962289e+00
2.273515635171818594e-01
0.000000000000000000e+00
0.000000000000000000e+00
5.472501294917109238e-01
6.607437347487076229e-01
8.616660040404292564e-01
1.005352690374853530e+00
0.000000000000000000e+00
1.265987093976799205e+00
0.000000000000000000e+00
0.000000000000000000e+00
2.348928230592181587e-01
2.035251320698987065e+00
0.000000000000000000e+00
0.000000000000000000e+00
0.000000000000000000e+00
0.000000000000000000e+00
1.375431761192982272e+00
1.762901806739057387e+00
9.913108043690982418e-01
1.289805622134983398e+00
9.602066012276275764e-01
0.000000000000000000e+00
0.000000000000000000e+00
0.000000000000000000e+00
0.000000000000000000e+00
6.425691855404241926e-02
0.000000000000000000e+00
0.000000000000000000e+00
1.033729341845121441e+00
0.000000000000000000e+00
0.000000000000000000e+00
1.232281024801778369e+00
9.139898222530431493e-01
0.000000000000000000e+00
0.000000000000000000e+00
0.000000000000000000e+00
0.000000000000000000e+00
1.990855959832024347e+00
2.891940429620203923e-01
0.000000000000000000e+00
0.000000000000000000e+00
0.000000000000000000e+00
0.000000000000000000e+00
0.000000000000000000e+00
0.000000000000000000e+00
0.000000000000000000e+00
0.000000000000000000e+00
2.124135523648217116e+00
0.000000000000000000e+00
0.000000000000000000e+00
1.298332665896563709e+00
0.000000000000000000e+00
2.568854596758097797e-01
0.000000000000000000e+00
5.361089545989628641e-02
0.000000000000000000e+00
1.437425727650970764e+00
0.000000000000000000e+00
4.977246581335956904e-02
7.445324365757678420e-01
0.000000000000000000e+00
5.462548621274182503e-01
4.262116941327759312e-01
9.984600728645776080e-01
3.742643163413433838e-01
0.000000000000000000e+00
0.000000000000000000e+00
0.000000000000000000e+00
5.625560410147379953e-01
0.000000000000000000e+00
0.000000000000000000e+00
7.020098621552558482e-01
0.000000000000000000e+00
1.958579376963623719e+00
1.147227366050550978e+00
4.773221902617787449e-01
0.000000000000000000e+00
0.000000000000000000e+00
0.000000000000000000e+00
1.612522017825420914e-02
6.086118496143005929e-01
1.116333101984434251e+00
0.000000000000000000e+00
0.000000000000000000e+00
0.000000000000000000e+00
0.000000000000000000e+00
1.295224603845765987e+00
1.720045872932093323e+00
2.946635396755431860e-02
