# Ensemble C, m = 1000.0, c_n/c_p = 0.78064516129, f = -0.980434782609
# lambda = [  2.29795711e-08  -1.75879127e-08   0.00000000e+00   3.53116655e-09]
#  
2.903241916633020558e+00
2.103576021624642856e+00
2.008207808351242019e+00
1.899473931855617248e-01
0.000000000000000000e+00
2.868526013617277215e+00
3.985761406525951678e-01
2.582152395469614614e-01
9.724450374132251884e-01
9.290628482952683065e-01
1.974064877668455953e+00
2.483297188774095332e+00
0.000000000000000000e+00
1.271682823427084053e+00
1.648438835365960919e+00
1.824250912851838713e+00
0.000000000000000000e+00
1.008307015317327249e+00
1.356619484799462594e+00
1.177794014312680826e+00
1.792355743420656622e-01
7.086773529764619495e-01
1.790502355884669716e-01
0.000000000000000000e+00
0.000000000000000000e+00
2.466043908589705680e+00
0.000000000000000000e+00
0.000000000000000000e+00
1.889649382256483934e+00
0.000000000000000000e+00
3.212374889084603780e+00
4.430652498428417352e-01
2.430629802381611526e+00
1.300058096698173626e+00
2.954119596156583150e+00
0.000000000000000000e+00
2.299919581599480511e-01
1.212286578435359141e+00
1.308844988903554274e+00
1.411433227072237173e+00
2.689555563876369959e+00
1.685841916618936731e-02
2.291318642158828744e+00
1.324729457359948848e+00
1.079586851928316715e+00
1.211264517663594553e+00
3.855755473943832112e-01
2.318034815658262193e+00
1.460747167714804062e+00
1.276597536864812366e+00
1.565150835379820748e-01
6.136842835099263205e-01
1.805097809830618905e-01
6.191892127776017496e-01
8.828161467714489008e-02
3.894218958043761947e-01
3.517355692267264633e+00
1.708909652839009530e+00
9.844213039663155529e-01
0.000000000000000000e+00
1.069129792663592760e+00
3.011588644444718188e+00
0.000000000000000000e+00
7.724744583251619279e-01
2.334830436874808512e+00
1.787578381115542125e+00
4.310837942079071700e-02
1.914473380853809026e+00
1.767039660095464315e+00
2.678427166813911242e+00
0.000000000000000000e+00
1.211609087673852558e+00
1.015861666614099379e+00
2.970965055601421656e-01
4.430132753365739751e-01
2.006083723680665842e-01
9.458149738187288103e-03
2.098188256034255073e+00
3.823933201420112171e-01
0.000000000000000000e+00
0.000000000000000000e+00
7.329225739346625357e-01
7.313493020259878019e-01
0.000000000000000000e+00
1.430421304434535523e+00
1.968150259998700635e+00
1.141856825635903405e+00
0.000000000000000000e+00
6.627375478207293558e-01
1.301866733676429466e-01
1.694365260665935846e+00
0.000000000000000000e+00
3.031603792024540667e+00
8.447264814781619835e-01
0.000000000000000000e+00
0.000000000000000000e+00
0.000000000000000000e+00
1.847795613148752514e+00
1.624410945944048557e+00
2.277662683992168091e+00
