# Ensemble C, m = 1000.0, lambda = [  1.37158779e-08  -1.26064403e-08   0.00000000e+00   2.38993195e-09]
0.000000000000000000e+00
0.000000000000000000e+00
5.888906331490578738e-01
5.512575840965083795e-01
0.000000000000000000e+00
0.000000000000000000e+00
4.593116136729815530e-02
1.277552502534740952e+00
2.273579814065682214e+00
2.218932366010541724e-01
5.295876274328783495e-01
0.000000000000000000e+00
0.000000000000000000e+00
6.483042631448414361e-02
2.368250696216989581e+00
2.000493289111608952e+00
4.222578369644474638e-01
1.534583713443248509e+00
1.214321505938454671e+00
0.000000000000000000e+00
0.000000000000000000e+00
1.237731012149952299e-02
7.669371865512714104e-02
0.000000000000000000e+00
0.000000000000000000e+00
0.000000000000000000e+00
0.000000000000000000e+00
0.000000000000000000e+00
6.893322737820650747e-01
1.938216967920079803e+00
0.000000000000000000e+00
0.000000000000000000e+00
1.305644178931142374e+00
0.000000000000000000e+00
0.000000000000000000e+00
0.000000000000000000e+00
0.000000000000000000e+00
3.447243334111261825e-01
1.334139314353450123e+00
7.576297711834254489e-01
0.000000000000000000e+00
0.000000000000000000e+00
0.000000000000000000e+00
0.000000000000000000e+00
1.070543584337397963e-01
0.000000000000000000e+00
0.000000000000000000e+00
4.307326329104675389e-01
0.000000000000000000e+00
7.018861900031995171e-01
1.441439958864760285e-01
0.000000000000000000e+00
0.000000000000000000e+00
0.000000000000000000e+00
0.000000000000000000e+00
0.000000000000000000e+00
1.561235835053568777e-01
0.000000000000000000e+00
1.611849628870743456e-01
5.243312016317122071e-01
0.000000000000000000e+00
0.000000000000000000e+00
1.107664641834879005e+00
2.166409230859297708e+00
0.000000000000000000e+00
0.000000000000000000e+00
2.020862252667258996e-01
1.311147394613130679e+00
0.000000000000000000e+00
9.762779322968059281e-01
1.269898499240306178e+00
3.567556686155972656e-01
0.000000000000000000e+00
0.000000000000000000e+00
0.000000000000000000e+00
5.078699157450243806e-01
0.000000000000000000e+00
1.985203916437920268e+00
5.429265651012671334e-01
0.000000000000000000e+00
1.428853093497094440e+00
0.000000000000000000e+00
1.417584811611795281e+00
1.172946870864196800e+00
1.443782323323874461e+00
0.000000000000000000e+00
0.000000000000000000e+00
0.000000000000000000e+00
9.764542781291761786e-01
1.689272919347282631e+00
0.000000000000000000e+00
1.249071695709826069e-02
0.000000000000000000e+00
1.581836233905674627e+00
0.000000000000000000e+00
0.000000000000000000e+00
1.340026203665805049e-01
0.000000000000000000e+00
0.000000000000000000e+00
0.000000000000000000e+00
