# Ensemble C, m = 1000.0, lambda = [  1.66532268e-08  -1.19778910e-08   0.00000000e+00   3.81413226e-09]
0.000000000000000000e+00
1.698239979714989190e+00
0.000000000000000000e+00
1.203105925935035181e+00
1.963719098801566032e+00
7.948531428202305626e-01
8.295245319206826506e-01
2.541070908156190189e+00
4.396019899702480749e-01
1.441263905080564012e+00
1.123201804212186072e+00
1.199626350679428369e-02
2.139756478336247714e+00
0.000000000000000000e+00
9.287926804938068104e-01
0.000000000000000000e+00
1.450958445259599161e+00
0.000000000000000000e+00
0.000000000000000000e+00
6.120620879099024358e-02
2.686398536897065259e-02
0.000000000000000000e+00
0.000000000000000000e+00
0.000000000000000000e+00
0.000000000000000000e+00
0.000000000000000000e+00
1.463553774212024372e+00
2.434692090510062634e+00
0.000000000000000000e+00
0.000000000000000000e+00
0.000000000000000000e+00
0.000000000000000000e+00
4.720240163766175473e-02
1.460046264289569518e+00
0.000000000000000000e+00
0.000000000000000000e+00
8.401276475918361131e-01
2.277044658128227539e+00
3.646155087738258693e-01
1.226147000066693415e+00
7.500658737242775764e-01
0.000000000000000000e+00
1.263724319551982278e+00
0.000000000000000000e+00
0.000000000000000000e+00
0.000000000000000000e+00
1.995180133616235807e+00
1.164458875313980624e+00
0.000000000000000000e+00
0.000000000000000000e+00
0.000000000000000000e+00
0.000000000000000000e+00
0.000000000000000000e+00
6.712411033492542423e-01
0.000000000000000000e+00
0.000000000000000000e+00
0.000000000000000000e+00
0.000000000000000000e+00
9.067896305766145471e-01
7.928666783171273158e-01
0.000000000000000000e+00
2.222257667904126599e+00
0.000000000000000000e+00
0.000000000000000000e+00
2.286864604697425030e+00
1.037601123777121215e+00
0.000000000000000000e+00
0.000000000000000000e+00
6.791855266085359277e-01
0.000000000000000000e+00
1.999135323017749544e+00
0.000000000000000000e+00
0.000000000000000000e+00
1.320877809648107304e+00
9.456830301602811018e-01
3.251083081639423444e-02
0.000000000000000000e+00
1.190207235096977900e+00
6.476844323635856382e-01
8.842462212539634048e-03
3.590830309861090669e-02
0.000000000000000000e+00
0.000000000000000000e+00
3.821410697008233853e-02
0.000000000000000000e+00
0.000000000000000000e+00
9.516052098762056710e-01
8.434360921576533610e-01
0.000000000000000000e+00
9.208793864421098707e-01
5.000218169839433235e-01
0.000000000000000000e+00
0.000000000000000000e+00
7.854232591080928180e-03
0.000000000000000000e+00
1.405207645013857309e+00
0.000000000000000000e+00
2.697442902694850431e-01
7.350874735983005115e-01
6.110228442783809111e-02
