# Ensemble C, m = 1000.0, c_n/c_p = 0.845161290323, f = -0.952857142857
# lambda = [  1.38250542e-08  -1.11335646e-08   0.00000000e+00   3.54527254e-09]
#  
0.000000000000000000e+00
1.297201869320724121e+00
9.278322274277421844e-01
0.000000000000000000e+00
1.312810572765815031e+00
2.944598623863283748e-01
8.900484356835662858e-01
6.070634899233292581e-01
8.502958536169302750e-01
0.000000000000000000e+00
0.000000000000000000e+00
0.000000000000000000e+00
1.998180726134535456e+00
8.585903370007152979e-01
0.000000000000000000e+00
5.237684685508379179e-01
0.000000000000000000e+00
0.000000000000000000e+00
4.128835441697000785e-01
0.000000000000000000e+00
1.023008337665444051e-01
0.000000000000000000e+00
4.964776466777048869e-01
0.000000000000000000e+00
1.393158055315901311e+00
2.727179217563776570e-01
4.538989042669597795e-01
2.675920977875342999e+00
1.525873437964655022e+00
8.069543665963345713e-01
1.775471597057260098e+00
0.000000000000000000e+00
1.670152785206007184e-01
2.294272904408457270e-01
0.000000000000000000e+00
0.000000000000000000e+00
9.835895432369677616e-02
8.297562344568003567e-01
0.000000000000000000e+00
3.552417583336641149e-01
5.136019348397082712e-02
7.792059582256589678e-01
2.518120954728869432e+00
6.446907760991650305e-01
8.116012075825992378e-01
1.428720669468197091e+00
1.137811235943007704e+00
9.921547272036652654e-01
7.424356209589995093e-01
2.294896748968315581e-02
2.909825806990620073e-02
1.040668535476375167e+00
1.147733111494726455e+00
9.023639579738003402e-02
0.000000000000000000e+00
0.000000000000000000e+00
1.163744226575325058e+00
1.853425637111387969e+00
0.000000000000000000e+00
0.000000000000000000e+00
0.000000000000000000e+00
7.307183527539193868e-01
8.443370322954966145e-01
5.672725496652202271e-01
6.652170682328898410e-01
1.764886289679481246e+00
0.000000000000000000e+00
7.953441333069126706e-01
8.796732751812641471e-01
4.384954195720863757e-01
3.541775338987674382e-01
8.935570718291785397e-01
6.531008120483080548e-01
7.618427560236467055e-01
1.964143470101971101e-01
1.678119819496481924e-01
1.666717922647102501e+00
9.112446867681552876e-01
0.000000000000000000e+00
0.000000000000000000e+00
1.174359921214958025e+00
1.958035153026562059e+00
4.177517682054803227e-01
1.830874615896609381e+00
6.778284863255431558e-01
1.241846437491598731e+00
1.036859172223164371e+00
1.711721213421931953e+00
1.369834579588797396e+00
0.000000000000000000e+00
7.237923386677483917e-01
4.155881035377773092e-01
1.371734881194704769e+00
2.079264767638034639e-01
1.346563615883714871e+00
0.000000000000000000e+00
9.427059323386577372e-01
2.115739360131271951e+00
4.721206100223813706e-01
1.299078484751580609e+00
