# Ensemble C, m = 1000.0, c_n/c_p = 0.806451612903, f = -0.996086956522
# lambda = [  3.07464252e-08  -2.46984783e-08   0.00000000e+00   2.19139168e-09]
#  
4.498296022978499065e-01
0.000000000000000000e+00
0.000000000000000000e+00
1.441861808859719041e+00
1.514701579377053298e+00
5.238983344426491051e-01
6.221540831293732587e-01
1.659922627209819312e+00
7.985804029564708140e-01
2.023411112820060254e+00
2.055033699333828512e+00
6.380358815018289942e-01
9.363415885651662496e-01
2.154717219751058899e+00
1.505687597223443364e+00
2.284381980500340692e-01
5.356160658323284585e-01
9.423169032336086159e-01
1.785989411608538191e+00
0.000000000000000000e+00
0.000000000000000000e+00
4.654548533651406417e-02
1.732668785372184495e+00
6.466229648489131288e-01
1.759963230595389616e+00
0.000000000000000000e+00
8.893117127266575439e-01
1.956381532954893476e+00
2.849440488558188100e-01
1.850792129353067583e+00
6.501142236097939842e-01
1.461711711202134722e+00
1.384407109552073578e+00
1.296413013350195209e+00
1.788660195144941900e+00
3.996577255638896209e-01
1.736763525414188436e+00
1.457116876652200244e+00
1.183091650357596780e+00
0.000000000000000000e+00
9.732371457094033396e-01
0.000000000000000000e+00
1.235439662905498892e+00
0.000000000000000000e+00
1.901622648171925611e+00
1.974703372922518296e+00
1.709944190150995746e+00
1.780879242273112784e+00
1.990038500696456603e-01
1.463689006426440287e+00
1.229879182090925838e+00
1.829875494434725525e+00
1.389824107603820913e+00
7.384523422787870883e-01
2.148238957196237475e+00
1.608115999275326669e+00
2.009489757778201824e+00
1.653964177588171935e+00
1.447111958761287509e+00
7.143773136303422922e-01
2.551432602191945787e+00
1.592894410069648714e+00
1.638628331944159244e+00
1.691832534386650710e+00
4.899934472983456801e-02
1.987371181039151002e+00
1.361948465202809100e+00
2.269992202520932256e+00
1.165477584810912015e+00
2.107562616345932671e-01
2.008565629818864551e+00
1.443270165486368217e+00
9.879151557897887515e-02
2.644543307279012101e+00
8.932140381113430339e-01
1.860394419593919491e+00
1.211851903415171128e+00
1.409588639939816979e+00
1.654852126573231885e+00
1.108856901983496179e+00
1.142507221379563731e+00
7.373500100611152241e-01
1.136991771180384081e+00
0.000000000000000000e+00
1.463575304426307122e+00
8.293511694029868098e-01
1.891452977108150302e+00
1.300379902894640782e+00
1.103912525059602912e+00
2.078928323529477762e+00
9.213322137105751652e-01
6.944118757086076288e-01
9.957668955524410226e-01
1.915489011020953702e+00
1.118554504874832656e+00
1.615737855523917021e+00
1.163715839090464943e+00
5.250313941655487815e-01
1.870630141076027986e+00
7.818153455242132788e-01
