# Ensemble C, m = 1000.0, lambda = [  1.37268498e-08  -1.28556376e-08   0.00000000e+00   2.05194206e-09]
1.995098189868067529e-01
0.000000000000000000e+00
2.652888953882702738e-01
4.000010724647272697e-01
0.000000000000000000e+00
6.244594320277269128e-01
0.000000000000000000e+00
0.000000000000000000e+00
1.923577218987990056e+00
0.000000000000000000e+00
9.134217589686036698e-01
0.000000000000000000e+00
8.513787807217515491e-01
1.109359292782748696e+00
2.348129065344595756e-01
1.702581818635033883e+00
0.000000000000000000e+00
0.000000000000000000e+00
0.000000000000000000e+00
0.000000000000000000e+00
2.330721783824833082e+00
0.000000000000000000e+00
0.000000000000000000e+00
0.000000000000000000e+00
0.000000000000000000e+00
1.640900204547592889e+00
0.000000000000000000e+00
0.000000000000000000e+00
2.527532351795897636e+00
1.507911214787830634e+00
9.046200858693589364e-01
6.289355209062044150e-01
1.160744104420047274e+00
0.000000000000000000e+00
3.755443042132713405e-01
9.755549147104062291e-01
0.000000000000000000e+00
0.000000000000000000e+00
5.788491133518568477e-01
1.109808239732119839e+00
0.000000000000000000e+00
0.000000000000000000e+00
1.946876150912396630e-01
1.878306986508607279e+00
0.000000000000000000e+00
1.239379567593250187e+00
4.715991304245492066e-01
0.000000000000000000e+00
8.183921206862643238e-02
0.000000000000000000e+00
0.000000000000000000e+00
0.000000000000000000e+00
0.000000000000000000e+00
0.000000000000000000e+00
0.000000000000000000e+00
0.000000000000000000e+00
2.564679154863238608e-01
0.000000000000000000e+00
0.000000000000000000e+00
1.553386920718968334e+00
1.361047127611919150e+00
0.000000000000000000e+00
0.000000000000000000e+00
0.000000000000000000e+00
0.000000000000000000e+00
0.000000000000000000e+00
0.000000000000000000e+00
1.816217900634727656e+00
0.000000000000000000e+00
0.000000000000000000e+00
5.030926996832610354e-02
0.000000000000000000e+00
0.000000000000000000e+00
1.183488185651138114e+00
0.000000000000000000e+00
0.000000000000000000e+00
0.000000000000000000e+00
0.000000000000000000e+00
4.739816760908852067e-02
0.000000000000000000e+00
0.000000000000000000e+00
5.138902907528560826e-01
0.000000000000000000e+00
0.000000000000000000e+00
6.229615226117375393e-01
0.000000000000000000e+00
0.000000000000000000e+00
1.197284559226995171e+00
0.000000000000000000e+00
6.833949350580205417e-02
0.000000000000000000e+00
0.000000000000000000e+00
0.000000000000000000e+00
0.000000000000000000e+00
0.000000000000000000e+00
0.000000000000000000e+00
0.000000000000000000e+00
1.043244240167948006e-01
0.000000000000000000e+00
9.933714522184862450e-02
