# Ensemble C, m = 1000.0, lambda = [  1.65744236e-08  -1.04003363e-08   0.00000000e+00   3.62499396e-09]
1.214430389748015982e+00
0.000000000000000000e+00
9.242641375602045350e-01
0.000000000000000000e+00
1.211736535952445903e+00
1.571448379716395172e+00
0.000000000000000000e+00
5.246992827279244320e-01
2.640680133554493270e-01
8.337018286145089219e-01
8.406768982921024591e-01
0.000000000000000000e+00
0.000000000000000000e+00
2.117402560432221637e-01
1.029024400471230782e+00
0.000000000000000000e+00
6.551415291014114350e-01
1.260315805270807887e+00
0.000000000000000000e+00
1.466473801731947024e-01
0.000000000000000000e+00
1.298315624714220906e+00
8.120483699725463689e-01
0.000000000000000000e+00
0.000000000000000000e+00
0.000000000000000000e+00
0.000000000000000000e+00
3.021313417539951196e+00
2.341551366159485767e-02
2.405974987517707664e+00
4.998874516096132314e-01
1.965688846286170799e+00
4.455344800705071107e-01
0.000000000000000000e+00
0.000000000000000000e+00
8.282837044816958594e-01
7.239567314297838951e-01
0.000000000000000000e+00
0.000000000000000000e+00
1.157338696960316327e+00
1.182435144661897336e-01
5.038114476432810074e-01
5.206457230170694617e-01
0.000000000000000000e+00
0.000000000000000000e+00
8.937734068277353172e-01
8.608034180711205963e-01
0.000000000000000000e+00
1.284801187544447387e+00
2.962627835356892447e-01
1.592848139241296312e+00
0.000000000000000000e+00
7.152583883662365638e-01
0.000000000000000000e+00
1.589448187140536928e-01
0.000000000000000000e+00
0.000000000000000000e+00
1.522320026124273640e-01
0.000000000000000000e+00
0.000000000000000000e+00
8.486486763331397842e-01
7.820949072043044126e-01
0.000000000000000000e+00
1.632121916663411776e+00
2.646344453893057502e-01
1.620867153602186583e+00
0.000000000000000000e+00
2.266562748044726183e-01
0.000000000000000000e+00
9.962634166906787492e-01
0.000000000000000000e+00
0.000000000000000000e+00
0.000000000000000000e+00
0.000000000000000000e+00
0.000000000000000000e+00
8.648437253674403635e-01
1.196086922172493239e+00
0.000000000000000000e+00
4.160531890561624535e-01
5.858566596013700667e-02
9.845065258885955517e-01
1.814038508346946243e-01
1.710927826150880460e+00
0.000000000000000000e+00
4.055358655693725445e-01
4.920304348521059579e-01
0.000000000000000000e+00
0.000000000000000000e+00
1.004263999853644007e+00
1.481757826351404184e+00
1.455852420546571491e+00
0.000000000000000000e+00
0.000000000000000000e+00
4.781878422787106397e-01
8.695314353579569611e-01
5.309518235985660750e-01
1.830485587507087453e-01
8.993162796498469502e-01
0.000000000000000000e+00
4.921459718317894860e-01
