# Ensemble C, m = 1000.0, lambda = [  2.48175185e-08  -1.80217214e-08   0.00000000e+00   3.77571693e-09]
1.195126033896744211e+00
5.140124644603458748e-01
2.704424859395285097e+00
1.129573074426300838e+00
0.000000000000000000e+00
1.754055506175440371e-01
0.000000000000000000e+00
0.000000000000000000e+00
2.634336882050614115e+00
1.992651436114781127e+00
2.277900434496223703e+00
1.551496022173668665e+00
1.401310468324678538e-01
2.277414077207167598e+00
6.955864988383609893e-01
2.611324178737291501e-01
4.895466878386964260e-01
7.095009925789332872e-01
9.917149567916141439e-01
4.199066046014035547e-01
6.831530338300692007e-01
2.732208417710752180e+00
7.033224145407488415e-01
1.744410983631357881e-01
0.000000000000000000e+00
1.185468069746140607e+00
0.000000000000000000e+00
1.048969808104151413e+00
2.875589052565184822e+00
0.000000000000000000e+00
2.131088088682110637e+00
5.445557692603945205e-02
9.242012808302214888e-02
5.570680621263763427e-02
0.000000000000000000e+00
9.531138052869179145e-01
0.000000000000000000e+00
8.066222246587658740e-01
8.234868423623437073e-01
2.682891529052999768e+00
0.000000000000000000e+00
2.101260200708606529e+00
0.000000000000000000e+00
5.956716084187611004e-01
1.510331889109286729e+00
2.279193020609082965e-01
2.258599271491865124e-01
0.000000000000000000e+00
3.426955158137619251e-02
0.000000000000000000e+00
0.000000000000000000e+00
2.634856604656185888e-02
6.730822613101949958e-01
1.803425478796616632e+00
2.255418527273624463e+00
1.066432704609945326e+00
0.000000000000000000e+00
1.732074975424838570e+00
2.347859945426232844e-02
1.449838714037051890e+00
3.989612431214292210e-01
1.708555950072079055e+00
1.604230035569876200e+00
9.348875423261546747e-01
1.304349113909206714e+00
0.000000000000000000e+00
0.000000000000000000e+00
1.913424491553340712e+00
1.879155763055769146e+00
4.782090598046804045e-03
8.559123253629361550e-01
0.000000000000000000e+00
9.304568520785944097e-01
1.066441895373418047e+00
4.942679953779468005e-01
2.591381640069740366e-01
1.882116330052597153e+00
1.335512650247309585e+00
1.417828016892588749e+00
2.443841067478933482e+00
1.635775444618721597e+00
1.587909067899935689e+00
0.000000000000000000e+00
7.032346584565093428e-01
8.751345748140146874e-01
0.000000000000000000e+00
1.352387226188817237e+00
1.409317158063062569e+00
7.063456544581722119e-01
6.146009174283650900e-01
8.556985754063653471e-02
1.903165406956535133e+00
2.623094534801105604e-02
2.231360675418450068e+00
1.016734155613428170e+00
0.000000000000000000e+00
0.000000000000000000e+00
0.000000000000000000e+00
2.771423195804622264e+00
1.479522026499829668e+00
