# Ensemble C, m = 1000.0, lambda = [  1.16077492e-08  -1.10254895e-08   0.00000000e+00   2.51273574e-09]
9.760015573853236814e-01
4.130882315134152272e-01
0.000000000000000000e+00
0.000000000000000000e+00
0.000000000000000000e+00
5.282275543603662804e-01
2.328297898906403152e+00
1.744739114649461074e-03
4.824921359594137038e-01
0.000000000000000000e+00
0.000000000000000000e+00
0.000000000000000000e+00
6.821973824300185951e-01
1.414886972079970828e+00
0.000000000000000000e+00
4.811301727600602041e-01
3.177549708555666430e-01
4.513538085120576832e-02
3.839095821846736922e-01
0.000000000000000000e+00
1.784447810464805162e+00
2.930268431398304063e-01
1.076113017976112918e+00
0.000000000000000000e+00
0.000000000000000000e+00
1.200919873128263760e+00
8.091747070360517588e-03
0.000000000000000000e+00
0.000000000000000000e+00
0.000000000000000000e+00
1.223380768200605262e+00
7.170919978692988916e-01
0.000000000000000000e+00
0.000000000000000000e+00
0.000000000000000000e+00
0.000000000000000000e+00
1.116097438351224685e-02
0.000000000000000000e+00
0.000000000000000000e+00
0.000000000000000000e+00
7.601188674794872036e-01
1.236819305124432944e+00
0.000000000000000000e+00
1.120920705865907419e+00
0.000000000000000000e+00
6.572256808949984430e-01
1.229933547449558962e+00
6.347613986059379432e-01
0.000000000000000000e+00
4.278516833281882925e-01
0.000000000000000000e+00
8.878003239389055112e-01
1.099158356857543817e+00
0.000000000000000000e+00
0.000000000000000000e+00
0.000000000000000000e+00
0.000000000000000000e+00
5.856142360728718542e-03
0.000000000000000000e+00
0.000000000000000000e+00
4.995201040989183383e-01
0.000000000000000000e+00
0.000000000000000000e+00
0.000000000000000000e+00
0.000000000000000000e+00
0.000000000000000000e+00
2.556128595376638141e-03
0.000000000000000000e+00
3.946203599297125608e-01
0.000000000000000000e+00
0.000000000000000000e+00
0.000000000000000000e+00
1.912007136839984467e+00
1.980795416779537854e+00
0.000000000000000000e+00
0.000000000000000000e+00
0.000000000000000000e+00
2.079979147182939581e-01
1.132859985378336098e+00
3.206726962467544850e-01
0.000000000000000000e+00
1.707376585737636843e+00
0.000000000000000000e+00
9.528205987638228569e-01
0.000000000000000000e+00
0.000000000000000000e+00
0.000000000000000000e+00
0.000000000000000000e+00
0.000000000000000000e+00
8.744640885299029831e-01
5.650706851472114302e-03
1.810547265684252505e-01
0.000000000000000000e+00
0.000000000000000000e+00
0.000000000000000000e+00
2.644443722513315276e+00
0.000000000000000000e+00
0.000000000000000000e+00
0.000000000000000000e+00
0.000000000000000000e+00
