# Ensemble C, m = 1000.0, lambda = [  1.69893023e-08  -1.37329737e-08   0.00000000e+00   3.36607148e-09]
1.941405439191388638e+00
0.000000000000000000e+00
0.000000000000000000e+00
1.237113698607555934e+00
8.523307530890575356e-02
2.992544677470980463e-02
1.314066417490305394e+00
2.734785277408396942e-01
1.690088443863261736e+00
2.608594027914556412e-01
2.436822322894587334e+00
1.970205983889212309e+00
1.047976743977891090e+00
6.110063761981784358e-01
1.181215063420331335e+00
1.642019853001432717e+00
1.178662640576854770e+00
1.858379118746260827e+00
1.364796722524002304e+00
0.000000000000000000e+00
2.469649119987931407e-01
1.694123371253994925e+00
0.000000000000000000e+00
3.200769197023549673e-01
0.000000000000000000e+00
3.263236793210486653e-01
3.992975823399453478e-02
1.291242856417527785e+00
0.000000000000000000e+00
0.000000000000000000e+00
1.895330154499093034e+00
7.120571579907085044e-03
4.977519670199454516e-01
0.000000000000000000e+00
1.686698205249106852e+00
8.685628801063299820e-01
0.000000000000000000e+00
2.340604688624675411e+00
9.660911015049287176e-01
0.000000000000000000e+00
1.237712894403620645e+00
0.000000000000000000e+00
2.409811933177437471e+00
1.230595842214443847e+00
4.943686658444120807e-01
1.370052893411461081e+00
1.509339933537112044e+00
1.209028587813294031e+00
6.805389949336064781e-01
1.024680937009220028e+00
7.289960616804384008e-01
1.455614971236752542e+00
0.000000000000000000e+00
0.000000000000000000e+00
1.992646149255139054e+00
0.000000000000000000e+00
0.000000000000000000e+00
0.000000000000000000e+00
9.547460673219274607e-01
0.000000000000000000e+00
0.000000000000000000e+00
1.718439587892812703e+00
6.269962664183387213e-01
0.000000000000000000e+00
9.171034069559740043e-02
0.000000000000000000e+00
0.000000000000000000e+00
0.000000000000000000e+00
5.840467247466096801e-02
0.000000000000000000e+00
1.486426888408921565e+00
2.124285835533955336e+00
1.049769580499475552e+00
0.000000000000000000e+00
1.324462522369273199e+00
1.688882502464317925e+00
1.289215097415424172e+00
1.332597753536077345e+00
1.937377413279010252e+00
1.070775076664032266e+00
1.154982598759949131e+00
0.000000000000000000e+00
7.335067730268706176e-01
1.527191510478727920e+00
1.693570286658331536e+00
1.761910534478015933e+00
8.146870302231830063e-01
2.684493695590534301e+00
7.229197591034582961e-03
3.904100782534115632e-01
9.236334765005385083e-01
9.733097121296276910e-01
2.560053486722128291e+00
6.677101635011821745e-01
2.210929942837723594e+00
4.381737526781420700e-01
4.530800643432220109e-01
1.234459060463527352e-01
9.889510864287121006e-01
1.355567953198371367e-01
