# Ensemble C, m = 1000.0, lambda = [  2.73036914e-08  -1.65044209e-08   0.00000000e+00   2.76555040e-09]
0.000000000000000000e+00
0.000000000000000000e+00
0.000000000000000000e+00
2.018185120288785717e-01
5.257262301590598375e-01
0.000000000000000000e+00
0.000000000000000000e+00
2.296596891898035064e+00
0.000000000000000000e+00
4.023642950277309671e-01
1.797930125485829977e+00
2.370048720481851001e-01
1.026700738442057670e+00
0.000000000000000000e+00
7.145951057104293902e-01
1.493722012575574354e+00
6.604070271283223326e-01
0.000000000000000000e+00
2.191517444185400176e+00
1.811659787166286284e+00
0.000000000000000000e+00
6.235837341701268022e-01
7.112727390736088562e-02
8.995889133475083455e-01
0.000000000000000000e+00
0.000000000000000000e+00
5.351600836690045826e-02
2.008213135500952484e-02
2.896398742018734485e+00
3.362545434884140483e-01
5.896719909531904502e-01
0.000000000000000000e+00
1.164262179447371315e+00
0.000000000000000000e+00
0.000000000000000000e+00
1.864551396244890302e+00
1.675622432843074439e+00
6.196965006288224220e-01
0.000000000000000000e+00
1.244368339212623908e+00
0.000000000000000000e+00
1.893057484887533115e-01
1.092928006569161781e+00
7.302173134913944041e-01
0.000000000000000000e+00
1.519260862854645566e-01
1.129343044296167164e-01
0.000000000000000000e+00
0.000000000000000000e+00
7.201355086979652764e-01
1.716536463679766644e+00
1.272562696292187434e+00
7.892562396088935728e-01
2.250951266177123877e-01
7.629932441889271111e-01
5.932966470420302646e-02
1.368636930613340796e+00
6.332693104815544372e-01
1.151005538322650734e+00
2.697735082010100371e-01
5.609107309207743697e-01
4.730730355595171854e-01
1.234908030242446664e+00
3.882194250688583148e-01
0.000000000000000000e+00
7.237976460629675923e-01
9.484447222134406719e-01
0.000000000000000000e+00
8.249905086488382167e-02
7.661623114349704056e-02
3.485674195231565631e-01
6.775413731721096067e-01
2.261997173339576950e+00
1.953876637982329134e+00
7.246659080250057450e-01
0.000000000000000000e+00
8.020511764508964081e-01
0.000000000000000000e+00
0.000000000000000000e+00
6.385243859427939261e-01
0.000000000000000000e+00
0.000000000000000000e+00
0.000000000000000000e+00
2.655732502900646885e+00
1.067454053157338212e+00
0.000000000000000000e+00
0.000000000000000000e+00
0.000000000000000000e+00
6.307591747548095817e-01
0.000000000000000000e+00
9.102017237353103862e-01
0.000000000000000000e+00
1.054491948853828687e+00
0.000000000000000000e+00
5.562460334836379916e-01
0.000000000000000000e+00
5.261470876111455919e-01
2.216662456064196096e+00
2.952743551903768693e-01
6.634849121683349393e-01
