# Ensemble C, m = 1000.0, c_n/c_p = 0.961290322581, f = -0.985652173913
# lambda = [  1.29752038e-08  -1.22939783e-08   0.00000000e+00   2.10529712e-09]
#  
0.000000000000000000e+00
2.205682879399193941e-01
0.000000000000000000e+00
0.000000000000000000e+00
7.509566298202453583e-01
4.866915609200138659e-01
0.000000000000000000e+00
0.000000000000000000e+00
0.000000000000000000e+00
0.000000000000000000e+00
0.000000000000000000e+00
0.000000000000000000e+00
0.000000000000000000e+00
1.802344391986898109e-01
1.464055124838255839e+00
1.107537207221112929e+00
3.953144721821701957e-01
7.538873642522800900e-01
0.000000000000000000e+00
8.018583177271838558e-01
0.000000000000000000e+00
0.000000000000000000e+00
0.000000000000000000e+00
0.000000000000000000e+00
1.990119185611030739e+00
2.521705554110698078e+00
0.000000000000000000e+00
4.761077610221401968e-01
7.299441488725071370e-01
1.434558859299049083e-01
0.000000000000000000e+00
1.066418754206426511e+00
1.016073429387671201e+00
0.000000000000000000e+00
6.510319041812236973e-01
1.238043763510171313e+00
0.000000000000000000e+00
3.698180122021679783e-01
0.000000000000000000e+00
1.008998690100615159e+00
0.000000000000000000e+00
1.015398109348668143e+00
0.000000000000000000e+00
0.000000000000000000e+00
0.000000000000000000e+00
5.140877274720672130e-01
0.000000000000000000e+00
0.000000000000000000e+00
0.000000000000000000e+00
2.597706192848360796e-01
1.250857593335319429e+00
0.000000000000000000e+00
0.000000000000000000e+00
1.129404885222534016e+00
1.832911670732173093e+00
1.042510740326548557e+00
0.000000000000000000e+00
3.376881788429902387e-01
6.747930714381213980e-03
0.000000000000000000e+00
1.293981415159470405e+00
0.000000000000000000e+00
0.000000000000000000e+00
0.000000000000000000e+00
0.000000000000000000e+00
1.284533749488676879e-01
1.263059158910330604e+00
5.832788615469849391e-01
7.390704980620730995e-03
0.000000000000000000e+00
0.000000000000000000e+00
0.000000000000000000e+00
3.139591365418031299e-01
0.000000000000000000e+00
8.141281150858749316e-02
1.392805883907720421e+00
8.031221137703270507e-03
0.000000000000000000e+00
4.778682600775148726e-01
8.407299466823837664e-01
0.000000000000000000e+00
0.000000000000000000e+00
1.816080681528378094e+00
2.379757152426653644e+00
0.000000000000000000e+00
6.170929903334541056e-01
0.000000000000000000e+00
3.644076186036322440e-01
0.000000000000000000e+00
0.000000000000000000e+00
0.000000000000000000e+00
0.000000000000000000e+00
2.444771835778555946e+00
5.354512895597960398e-01
0.000000000000000000e+00
1.575296933022415580e+00
6.588285397220687567e-02
1.039153097239147866e-01
0.000000000000000000e+00
2.458720297170806923e-01
