# Ensemble C, m = 1000.0, c_n/c_p = 1.0, f = -0.984347826087
# lambda = [  1.14741447e-08  -1.12945494e-08   0.00000000e+00   2.02216483e-09]
#  
2.203080674887626655e-02
0.000000000000000000e+00
0.000000000000000000e+00
0.000000000000000000e+00
0.000000000000000000e+00
0.000000000000000000e+00
1.238106325058808022e+00
4.168618893876069875e-01
1.339610360469420391e-01
6.800951408817484944e-01
2.308264001365106510e-01
3.367046110176916685e-01
3.213206983043768172e-01
0.000000000000000000e+00
4.765433165750261324e-01
2.619218513344857002e-01
0.000000000000000000e+00
0.000000000000000000e+00
7.938351850128760878e-01
1.376425531994698526e+00
9.906199012531438641e-02
0.000000000000000000e+00
0.000000000000000000e+00
1.930328238190952117e+00
8.668255134464175615e-01
0.000000000000000000e+00
8.382464674492519086e-01
9.687182834970720080e-01
0.000000000000000000e+00
1.662926636308635908e-01
0.000000000000000000e+00
0.000000000000000000e+00
1.069644453170013554e+00
1.851777649044588497e-02
0.000000000000000000e+00
0.000000000000000000e+00
0.000000000000000000e+00
1.297238116686023623e+00
0.000000000000000000e+00
0.000000000000000000e+00
0.000000000000000000e+00
0.000000000000000000e+00
1.235308157099156146e-01
1.339604526098755910e+00
0.000000000000000000e+00
2.723391888680475881e-01
0.000000000000000000e+00
7.544776831760845459e-01
0.000000000000000000e+00
6.769513195200644873e-01
1.023897466961034786e+00
0.000000000000000000e+00
7.298060235848394944e-03
0.000000000000000000e+00
6.823952608126623298e-01
0.000000000000000000e+00
1.165620605581352831e-01
6.588285397220687567e-02
0.000000000000000000e+00
0.000000000000000000e+00
5.969189546574831251e-01
0.000000000000000000e+00
0.000000000000000000e+00
3.495752979735908816e-01
7.052022592892555064e-01
0.000000000000000000e+00
5.117612076684746603e-01
0.000000000000000000e+00
0.000000000000000000e+00
0.000000000000000000e+00
8.894359610621008772e-01
0.000000000000000000e+00
9.853286189415764174e-01
0.000000000000000000e+00
2.172393182895233921e-01
0.000000000000000000e+00
0.000000000000000000e+00
4.961840792447945736e-01
0.000000000000000000e+00
1.184627926091650352e+00
8.829148684131213898e-01
1.126310081057286805e+00
0.000000000000000000e+00
7.523855894243467457e-01
0.000000000000000000e+00
0.000000000000000000e+00
1.062202065608700119e+00
0.000000000000000000e+00
0.000000000000000000e+00
0.000000000000000000e+00
0.000000000000000000e+00
0.000000000000000000e+00
0.000000000000000000e+00
3.736855696867625309e-01
1.076161192519857979e+00
0.000000000000000000e+00
9.082671196275864112e-02
1.515588744211866512e+00
0.000000000000000000e+00
1.899206954698066330e+00
