# Ensemble C, m = 1000.0, lambda = [  1.96308788e-08  -1.72860970e-08   0.00000000e+00   1.50124547e-09]
0.000000000000000000e+00
1.813553710176377454e+00
0.000000000000000000e+00
1.169772149956284313e+00
1.763330723323434324e+00
0.000000000000000000e+00
0.000000000000000000e+00
0.000000000000000000e+00
0.000000000000000000e+00
3.644980024357237780e-01
1.302453798928963902e-01
1.516347976453974677e+00
0.000000000000000000e+00
0.000000000000000000e+00
0.000000000000000000e+00
1.400806247174505303e-01
0.000000000000000000e+00
1.302575043480486139e+00
1.017605802882173727e+00
6.333734433058809676e-01
4.104068911543946596e-01
0.000000000000000000e+00
5.444630802717815854e-01
0.000000000000000000e+00
4.818837271993615112e-01
0.000000000000000000e+00
0.000000000000000000e+00
3.831517831778293859e-01
1.367623088621258809e+00
1.299433550414267113e+00
7.540250648082347240e-01
1.998209841891032790e+00
0.000000000000000000e+00
8.628969601878416773e-01
7.447530723198844682e-02
6.123074629295810478e-01
1.392930561547385482e+00
7.156730049325030762e-01
3.913378165151782384e-01
3.889127569452311556e-02
6.835461175916566212e-01
0.000000000000000000e+00
0.000000000000000000e+00
9.214036707392903036e-01
0.000000000000000000e+00
0.000000000000000000e+00
4.294992409405081618e-02
0.000000000000000000e+00
0.000000000000000000e+00
6.066865968624870695e-03
0.000000000000000000e+00
0.000000000000000000e+00
8.018811554730745361e-02
6.555803424622380637e-01
0.000000000000000000e+00
1.099341195469305532e+00
0.000000000000000000e+00
9.521887951318863674e-01
0.000000000000000000e+00
0.000000000000000000e+00
0.000000000000000000e+00
0.000000000000000000e+00
9.820800518908979759e-01
1.136054544402372191e+00
0.000000000000000000e+00
1.362684548776036841e+00
1.402390035146571234e-01
0.000000000000000000e+00
1.359458159549225220e+00
8.911514914478194660e-01
0.000000000000000000e+00
1.296727836565071401e+00
0.000000000000000000e+00
0.000000000000000000e+00
0.000000000000000000e+00
4.795874001326342340e-01
6.385485725584728878e-02
1.720586246268972275e+00
8.604207731173129092e-01
0.000000000000000000e+00
0.000000000000000000e+00
0.000000000000000000e+00
8.545014726690980389e-02
1.998141020729954143e+00
0.000000000000000000e+00
1.160620660651509706e+00
0.000000000000000000e+00
2.145358927704243523e+00
0.000000000000000000e+00
1.634772439746864148e+00
4.756317656763390800e-01
5.949597643199805441e-01
0.000000000000000000e+00
1.140665731872791078e+00
0.000000000000000000e+00
1.533904125094763815e+00
3.660449025453647032e-01
0.000000000000000000e+00
0.000000000000000000e+00
4.283034602617079023e-01
