# Ensemble C, m = 1000.0, c_n/c_p = 0.883870967742, f = -0.97652173913
# lambda = [  1.53108125e-08  -1.32150565e-08   0.00000000e+00   2.91521686e-09]
#  
0.000000000000000000e+00
0.000000000000000000e+00
4.596142614865483811e-01
1.052137172811462351e+00
2.083717177932134845e+00
9.050463454999461144e-01
5.045347073418571249e-01
0.000000000000000000e+00
9.102843204230275376e-01
1.039282460953689036e+00
0.000000000000000000e+00
0.000000000000000000e+00
1.614050815861290677e-01
1.833052706390166708e+00
1.149182362320829709e+00
1.494127065363882068e+00
0.000000000000000000e+00
5.545230683028186114e-01
0.000000000000000000e+00
4.097324813559250489e-01
0.000000000000000000e+00
0.000000000000000000e+00
2.544299473719337512e-01
0.000000000000000000e+00
0.000000000000000000e+00
1.196319036038320238e+00
7.804031462133720343e-02
5.506218477066496808e-01
1.839066753703564094e+00
0.000000000000000000e+00
0.000000000000000000e+00
1.530576204954127828e+00
0.000000000000000000e+00
0.000000000000000000e+00
6.044298330892279303e-01
1.704954511550841323e+00
0.000000000000000000e+00
0.000000000000000000e+00
1.229530276982468306e+00
5.932744888893062285e-01
9.380477965660816153e-01
1.209505705972394152e+00
0.000000000000000000e+00
1.335860097077086417e+00
0.000000000000000000e+00
1.484438880244155046e+00
0.000000000000000000e+00
1.722628789889187884e-01
4.970794975538397331e-01
1.083496551569447658e-01
2.207386834896596373e+00
4.611575389328275709e-01
2.615012283949428862e-01
0.000000000000000000e+00
0.000000000000000000e+00
1.693231924901050789e+00
2.109042189828884251e+00
3.239404854234579911e-01
5.175770587856745042e-01
0.000000000000000000e+00
2.785466812321335528e-01
6.818222139074187060e-01
0.000000000000000000e+00
2.052217908807767444e+00
8.395545803074445645e-01
1.859876134468391395e+00
1.495380673791834036e+00
0.000000000000000000e+00
0.000000000000000000e+00
5.460649089423900149e-01
0.000000000000000000e+00
0.000000000000000000e+00
0.000000000000000000e+00
1.244574033634899823e+00
0.000000000000000000e+00
2.101746533978571918e+00
7.900889222381348720e-01
2.494190291169711582e+00
0.000000000000000000e+00
1.248920169855775031e+00
0.000000000000000000e+00
7.258791081158988412e-02
1.361469943845341479e+00
9.424780248246925618e-01
0.000000000000000000e+00
0.000000000000000000e+00
4.897358694856268069e-01
1.013298182937513170e+00
5.727581571048668829e-01
0.000000000000000000e+00
1.530308331632501684e+00
0.000000000000000000e+00
9.380795102084922912e-03
1.395352219508974034e-01
0.000000000000000000e+00
2.274864699313702054e+00
5.975542847996045959e-01
1.470880817486931669e+00
3.380540455558772583e-01
2.414133276756501356e+00
