# Ensemble C, m = 1000.0, lambda = [  2.16247604e-08  -1.26504848e-08   0.00000000e+00   2.88307612e-09]
3.052644559995203455e-01
1.207690977475683602e-01
2.272929655043962605e+00
3.674044933932038570e-01
4.146382717191063327e-01
2.100306183001817040e+00
9.866419950890809032e-01
0.000000000000000000e+00
4.688786476953148985e-01
1.605267443916803760e+00
0.000000000000000000e+00
4.119011346370224369e-02
0.000000000000000000e+00
0.000000000000000000e+00
0.000000000000000000e+00
3.859774658947384696e-01
1.125706455248722149e+00
4.136526910845817473e-01
0.000000000000000000e+00
2.453682970526226415e-01
2.156675599503766527e+00
4.206123734352765764e-01
4.610437840550722366e-01
2.110351662007758478e+00
5.421968427397028459e-03
0.000000000000000000e+00
0.000000000000000000e+00
2.501677696062736857e-03
9.870932093057167567e-01
0.000000000000000000e+00
2.807223828186866110e-01
4.988149666274416805e-01
1.189987214104386126e+00
9.525816298257065995e-01
2.351743829435181121e-01
3.510176093263497887e-01
0.000000000000000000e+00
0.000000000000000000e+00
3.786300045430544131e-03
1.090193655423483121e-01
2.236987160515414796e+00
6.425634975479440625e-01
0.000000000000000000e+00
0.000000000000000000e+00
0.000000000000000000e+00
1.451979187798739579e+00
0.000000000000000000e+00
4.641610106814977182e-02
0.000000000000000000e+00
4.997387739853297872e-01
2.729660550161626897e+00
0.000000000000000000e+00
0.000000000000000000e+00
4.623260485078004023e-02
1.727093727829498992e-01
5.281257757569596256e-01
1.675198768979135666e+00
2.045669850377811461e-01
0.000000000000000000e+00
0.000000000000000000e+00
1.651744868092308804e+00
3.063326161776599665e+00
0.000000000000000000e+00
1.764366929917091098e-01
0.000000000000000000e+00
0.000000000000000000e+00
0.000000000000000000e+00
3.651490301673739336e-01
3.807521680282751064e-01
1.769913859242597365e+00
1.931267607388194252e+00
0.000000000000000000e+00
0.000000000000000000e+00
5.473024660555424470e-01
3.800131980644494978e-01
1.259180283728194905e+00
0.000000000000000000e+00
0.000000000000000000e+00
1.110000672947959899e+00
0.000000000000000000e+00
1.132686911629077642e+00
7.210184977025406727e-01
2.618001951295779062e+00
1.705999349736254223e+00
0.000000000000000000e+00
9.146218379167415577e-03
2.228520626418066808e+00
1.144849487216677231e+00
0.000000000000000000e+00
0.000000000000000000e+00
0.000000000000000000e+00
0.000000000000000000e+00
0.000000000000000000e+00
1.276332469719585028e+00
0.000000000000000000e+00
7.726815854988872134e-01
0.000000000000000000e+00
9.865496874748539424e-01
0.000000000000000000e+00
3.505517194014244886e-01
