# Ensemble B, m = 50.0, c_n/c_p = 0.896774193548, f = -0.97652173913
# lambda = [  4.54065215e-09  -3.97633761e-09   0.00000000e+00   8.77172676e-10]
#  
0.000000000000000000e+00
0.000000000000000000e+00
1.783269971139606752e-02
1.503714971878062245e+00
1.109779352463576174e+00
4.993368489527060250e-01
4.887631344418333357e-02
1.207612880825614576e+00
1.072312230418918766e+00
0.000000000000000000e+00
0.000000000000000000e+00
0.000000000000000000e+00
1.075604032662582865e+00
1.827867077195865497e-01
0.000000000000000000e+00
4.717800272474848566e-01
0.000000000000000000e+00
5.200668470561760071e-01
5.060617258106676619e-01
9.719288557622860480e-01
0.000000000000000000e+00
1.128739522239779802e+00
1.381726962979162199e+00
5.851948984297263845e-01
3.246988028925902880e-01
0.000000000000000000e+00
0.000000000000000000e+00
2.287162988052892754e+00
0.000000000000000000e+00
1.832415805160841682e+00
6.323722557807056610e-01
5.526763603165038008e-01
1.221023199765902123e-01
1.397989787725536281e+00
4.010635216926827229e-01
0.000000000000000000e+00
6.546230671833429549e-01
1.821717353411132778e-01
8.821544131534601310e-04
1.829947570266121204e+00
0.000000000000000000e+00
5.183332345123808915e-01
2.037471858210110620e-01
3.091001438281336666e-01
1.137751061942065059e-02
0.000000000000000000e+00
2.000161705166954462e+00
6.590224987606049800e-02
1.124683401210545795e-02
0.000000000000000000e+00
5.616220144664993974e-01
3.582887417002287855e-01
0.000000000000000000e+00
3.668570781553452953e-01
0.000000000000000000e+00
1.491425196849586410e+00
3.975777644358330920e-01
1.088700655185934840e+00
2.836533471123789951e-01
7.506888430583181782e-01
1.514892355013414793e+00
2.919985512169877007e-01
0.000000000000000000e+00
0.000000000000000000e+00
1.576104797704736438e+00
4.781418308672481625e-03
0.000000000000000000e+00
1.413020754363141646e-02
7.506888430583181782e-01
0.000000000000000000e+00
0.000000000000000000e+00
0.000000000000000000e+00
0.000000000000000000e+00
9.904824993746685902e-01
3.986062342569567929e-01
0.000000000000000000e+00
0.000000000000000000e+00
5.313975469424309095e-02
1.026099205876417342e+00
1.241818190846054160e+00
6.869563674410942289e-01
0.000000000000000000e+00
0.000000000000000000e+00
1.020628578379949136e+00
2.040363243321566156e+00
1.931257496934908113e+00
4.298884267527192105e-01
0.000000000000000000e+00
1.191706639590402794e+00
4.906517143814739246e-01
5.366773723897733453e-03
5.783476803217676432e-01
1.238457418791717862e-01
1.953450688723321615e+00
0.000000000000000000e+00
0.000000000000000000e+00
4.234670438925524638e-01
0.000000000000000000e+00
0.000000000000000000e+00
1.250494320143367144e+00
