# Ensemble B, m = 50.0, lambda = [  7.57715889e-09  -5.09991678e-09   0.00000000e+00   1.16228338e-09]
2.829081369608210141e-03
8.456038383828706761e-01
0.000000000000000000e+00
0.000000000000000000e+00
2.144450780398866385e+00
0.000000000000000000e+00
3.361771805693840043e-01
7.137740706857510775e-02
0.000000000000000000e+00
0.000000000000000000e+00
1.726494309717762299e+00
2.043063082682083920e+00
1.206664589811862420e+00
9.193510515366853583e-03
0.000000000000000000e+00
1.045883960446643224e+00
0.000000000000000000e+00
9.280865955361851105e-01
1.420035514632734586e+00
0.000000000000000000e+00
1.519547049082332554e-02
9.137935887030176341e-01
5.705343097070213476e-01
0.000000000000000000e+00
0.000000000000000000e+00
4.262791870781568737e-01
0.000000000000000000e+00
6.518618161980704873e-01
1.154269742457053383e+00
0.000000000000000000e+00
9.794678972392377725e-01
6.638569173074013001e-03
1.295451387847373015e+00
4.590407276383614565e-01
2.343901484153372572e-01
0.000000000000000000e+00
0.000000000000000000e+00
1.133233835850253612e+00
1.655071029280057449e+00
1.471989707160574756e+00
0.000000000000000000e+00
1.761190517116003162e+00
1.112416979763021785e-01
1.291100898009258202e+00
2.326953391702593077e-01
5.797017564115801713e-01
7.595802015280128661e-01
7.352030742689390497e-01
0.000000000000000000e+00
1.008773297683167591e+00
1.659616624407828755e+00
1.081534477026117491e+00
0.000000000000000000e+00
5.533327002069034911e-02
0.000000000000000000e+00
1.685456395318732703e+00
2.226792481294513681e+00
5.130727412128273102e-01
1.766877487687820159e-01
3.806318625677096446e-01
0.000000000000000000e+00
2.954991372394361049e-01
6.133920677991541170e-01
0.000000000000000000e+00
9.611643424689574333e-01
0.000000000000000000e+00
3.004019332053530222e-01
7.676293879902612582e-01
1.571808637142115161e+00
0.000000000000000000e+00
0.000000000000000000e+00
0.000000000000000000e+00
2.800072095827087493e-01
1.300539725390870982e-01
8.093874884319921525e-01
6.273792429335630638e-01
2.087520342298314624e+00
0.000000000000000000e+00
0.000000000000000000e+00
8.485817715173152864e-01
3.521778370291469562e-01
2.922049276338434254e-01
6.457511577855945366e-03
1.516061012820388409e+00
8.626570757920197785e-01
1.308514045901345124e+00
1.788939578141158115e+00
2.836605833165385393e-01
1.044725262619488303e-02
0.000000000000000000e+00
1.095496727098906664e+00
7.653492957634168148e-01
6.112749863558721852e-01
1.290243601359757596e-02
6.889445055913577809e-01
5.038556315117151962e-01
1.220845908494756049e+00
1.022889645889291793e-02
1.244868429025730860e-01
1.741696195831868299e-01
