# Ensemble B, m = 50.0, c_n/c_p = 0.625806451613, f = -1.0
# lambda = [  1.56546968e-08  -9.79681023e-09   0.00000000e+00   0.00000000e+00]
#  
1.069069391344082298e+00
6.543931188252009035e-01
0.000000000000000000e+00
0.000000000000000000e+00
0.000000000000000000e+00
0.000000000000000000e+00
8.427634833274053050e-02
1.064672542298966684e+00
2.497480722295479794e+00
1.783096347499924850e+00
3.850465424666777992e-01
0.000000000000000000e+00
3.493808712682135165e-02
0.000000000000000000e+00
5.827272211713229177e-01
2.151223373554838336e-01
0.000000000000000000e+00
1.394984916288892762e+00
0.000000000000000000e+00
0.000000000000000000e+00
2.039098882148631997e+00
4.883008750458540104e-01
1.169432091295127485e+00
1.441026542195230187e+00
1.457129564884169781e+00
8.530415706493519323e-01
0.000000000000000000e+00
0.000000000000000000e+00
0.000000000000000000e+00
0.000000000000000000e+00
5.619759732877674940e-01
0.000000000000000000e+00
0.000000000000000000e+00
0.000000000000000000e+00
5.150927831684300878e-02
7.101301816260443545e-01
5.473541445686308515e-01
0.000000000000000000e+00
0.000000000000000000e+00
8.882833107862638800e-01
7.081510547419090917e-01
0.000000000000000000e+00
0.000000000000000000e+00
0.000000000000000000e+00
0.000000000000000000e+00
7.308065444804415778e-01
0.000000000000000000e+00
0.000000000000000000e+00
0.000000000000000000e+00
9.774005655319386587e-01
0.000000000000000000e+00
1.433740033955765103e+00
0.000000000000000000e+00
5.692532713707746383e-01
0.000000000000000000e+00
0.000000000000000000e+00
0.000000000000000000e+00
0.000000000000000000e+00
0.000000000000000000e+00
1.735025958436363425e+00
7.653610834961758203e-01
0.000000000000000000e+00
0.000000000000000000e+00
1.139566425587110743e+00
9.479669489194211818e-02
1.369328488545051625e+00
1.988565245041486129e+00
0.000000000000000000e+00
0.000000000000000000e+00
0.000000000000000000e+00
6.815725521359008443e-01
0.000000000000000000e+00
1.195117534320031538e+00
0.000000000000000000e+00
1.514763942862290269e-01
0.000000000000000000e+00
5.603099149875488960e-01
0.000000000000000000e+00
5.504550780210794025e-01
0.000000000000000000e+00
0.000000000000000000e+00
0.000000000000000000e+00
4.245747928658714920e-02
3.468295229195473284e-01
0.000000000000000000e+00
0.000000000000000000e+00
0.000000000000000000e+00
5.627103794768230083e-01
0.000000000000000000e+00
0.000000000000000000e+00
0.000000000000000000e+00
1.768220937978687513e+00
0.000000000000000000e+00
1.248550934516105659e+00
7.826642724647893401e-02
2.013177215985079371e+00
2.148532152122870076e-01
0.000000000000000000e+00
0.000000000000000000e+00
6.496391711234672517e-01
