# Ensemble B, m = 50.0, lambda = [  1.39488176e-08  -9.21128166e-09   0.00000000e+00   1.03470913e-09]
3.488361022540930612e-01
0.000000000000000000e+00
1.133824014900060684e+00
1.219012972745012746e+00
1.368872581981893877e+00
1.696930032700403990e+00
5.147699816664345063e-01
0.000000000000000000e+00
0.000000000000000000e+00
1.079017762073314346e+00
1.793994889349376454e+00
1.071549643214449343e+00
0.000000000000000000e+00
0.000000000000000000e+00
6.079103922972158014e-02
1.868481864913098978e+00
3.558989832294535693e-01
0.000000000000000000e+00
4.901875023814526999e-01
1.082511248328760223e+00
8.078166344052164494e-01
0.000000000000000000e+00
0.000000000000000000e+00
0.000000000000000000e+00
0.000000000000000000e+00
3.811976033118303908e-01
5.883334467893091002e-01
3.234948115850241890e-01
1.582264220698007762e+00
8.509894427453830179e-01
1.116697061206620711e+00
0.000000000000000000e+00
0.000000000000000000e+00
9.260481880340141192e-01
8.785728068973485128e-01
0.000000000000000000e+00
5.475150842618243807e-01
3.002538272289208554e-01
1.493248699870799001e+00
0.000000000000000000e+00
1.565268529901923333e+00
6.914507187039722891e-02
3.355727393149471882e-01
1.376010892423719323e+00
1.777458143733140261e+00
2.089232153331979536e+00
1.260360897617283094e+00
7.916612216197074087e-03
1.250705467006259786e-01
0.000000000000000000e+00
0.000000000000000000e+00
2.253055118379274600e-03
5.802482749742911006e-01
0.000000000000000000e+00
0.000000000000000000e+00
1.662834971300942044e+00
2.790202212295892492e-01
1.028084066659959550e+00
0.000000000000000000e+00
1.738008155954519740e+00
1.634715557847809642e+00
5.556258348445482220e-02
1.887344016118251977e+00
0.000000000000000000e+00
1.164036123715903592e+00
0.000000000000000000e+00
1.446319940133403037e+00
8.181731451619667084e-01
0.000000000000000000e+00
1.466365252086073045e+00
8.855449922257596293e-03
3.704751031053983290e-01
3.683354118245265596e-01
1.086039849131306800e+00
5.353565913262984255e-01
1.483536253462380383e+00
4.483049290056138059e-01
1.039557596773884152e+00
0.000000000000000000e+00
1.171703163610713805e+00
1.185254520841904746e+00
0.000000000000000000e+00
7.008651490513323479e-01
1.059171211635560494e+00
0.000000000000000000e+00
1.014985270679733764e+00
1.565966130501433629e+00
9.334278165906182423e-01
0.000000000000000000e+00
0.000000000000000000e+00
9.886743681851707377e-01
0.000000000000000000e+00
0.000000000000000000e+00
0.000000000000000000e+00
0.000000000000000000e+00
4.855087840957536538e-01
4.230324861149886151e-01
6.360815444583385603e-02
4.697115925666128788e-01
1.296212663271810950e+00
