# Ensemble B, m = 50.0, lambda = [  3.53109635e-09  -3.47371604e-09   0.00000000e+00   6.33986077e-10]
1.509794465286904641e+00
8.309594634820102188e-01
1.248298775624832879e-01
1.538645822463484691e+00
6.481622962499026253e-01
7.841099003292202330e-01
6.821668071365499797e-01
0.000000000000000000e+00
4.100649154753405745e-01
0.000000000000000000e+00
0.000000000000000000e+00
6.527946569970000112e-01
0.000000000000000000e+00
0.000000000000000000e+00
0.000000000000000000e+00
0.000000000000000000e+00
0.000000000000000000e+00
1.213338705560454249e-02
2.535032457683983331e-02
0.000000000000000000e+00
0.000000000000000000e+00
0.000000000000000000e+00
0.000000000000000000e+00
8.699930513946224631e-01
0.000000000000000000e+00
0.000000000000000000e+00
0.000000000000000000e+00
1.220037856246485447e-01
3.454837803109901961e-01
2.665459342773583984e-01
0.000000000000000000e+00
0.000000000000000000e+00
7.586829885774650784e-01
0.000000000000000000e+00
0.000000000000000000e+00
0.000000000000000000e+00
0.000000000000000000e+00
0.000000000000000000e+00
3.658893318602270961e-01
0.000000000000000000e+00
0.000000000000000000e+00
1.446333537154503579e-01
0.000000000000000000e+00
0.000000000000000000e+00
3.248872200990404746e-01
4.573580522764383316e-01
2.612812401335201096e-01
9.317474899657921528e-01
0.000000000000000000e+00
0.000000000000000000e+00
0.000000000000000000e+00
0.000000000000000000e+00
8.588657497115946837e-01
0.000000000000000000e+00
0.000000000000000000e+00
0.000000000000000000e+00
1.159045027982755993e+00
6.045580065419267277e-03
0.000000000000000000e+00
1.414977662594026631e-01
3.035092359061100642e-01
0.000000000000000000e+00
8.227741854080630191e-01
1.302733624801735157e+00
7.130724673238230116e-01
0.000000000000000000e+00
0.000000000000000000e+00
0.000000000000000000e+00
0.000000000000000000e+00
0.000000000000000000e+00
1.307923798409478700e+00
2.442735188547183522e+00
0.000000000000000000e+00
0.000000000000000000e+00
2.794155290791656143e-01
4.650704822991115761e-01
1.142462457443496060e-01
0.000000000000000000e+00
1.328002901869256736e+00
4.405367522016844645e-02
0.000000000000000000e+00
8.042154366967340096e-01
0.000000000000000000e+00
0.000000000000000000e+00
0.000000000000000000e+00
4.748480146583008432e-01
0.000000000000000000e+00
1.193000690972318534e+00
6.877935729465013415e-01
1.828312740233768663e+00
3.944809927517362591e-01
2.609659206464402526e-01
0.000000000000000000e+00
0.000000000000000000e+00
0.000000000000000000e+00
0.000000000000000000e+00
1.878122050479523075e+00
1.249315150935395469e+00
0.000000000000000000e+00
0.000000000000000000e+00
