# Ensemble B, m = 50.0, c_n/c_p = 0.651612903226, f = -1.0
# lambda = [  2.37856354e-08  -1.54990269e-08   0.00000000e+00   0.00000000e+00]
#  
1.205624964164300872e+00
0.000000000000000000e+00
1.843825824949032688e+00
0.000000000000000000e+00
2.049562878458988546e+00
0.000000000000000000e+00
1.112567684680017432e+00
2.421276372809526289e-02
7.299582261006775097e-01
0.000000000000000000e+00
0.000000000000000000e+00
0.000000000000000000e+00
7.502522190765735788e-01
9.560259884373673023e-02
1.174893247337039925e+00
0.000000000000000000e+00
0.000000000000000000e+00
2.626588817033658207e-01
0.000000000000000000e+00
0.000000000000000000e+00
0.000000000000000000e+00
8.314776254045427306e-01
2.546003546063631440e+00
7.101111127265755663e-01
3.945898852714200267e-01
0.000000000000000000e+00
8.752068935466646993e-01
0.000000000000000000e+00
0.000000000000000000e+00
1.077287068611183951e+00
7.930410735432941172e-01
0.000000000000000000e+00
1.090106800932272746e+00
0.000000000000000000e+00
6.469987940681640737e-01
0.000000000000000000e+00
1.704492600262458968e+00
2.582693473518395955e-01
0.000000000000000000e+00
0.000000000000000000e+00
1.465138738454161704e-01
0.000000000000000000e+00
1.185566797734215888e-01
1.034281951364496965e+00
6.138202437930320166e-01
0.000000000000000000e+00
3.145407697226284549e-01
0.000000000000000000e+00
1.636028941671076042e+00
3.883084929774529015e-01
6.632378313292375260e-01
1.626738805008572042e+00
5.352882370198747131e-01
0.000000000000000000e+00
1.207774876580546053e+00
1.225411532188465102e+00
6.018779917511721811e-01
0.000000000000000000e+00
0.000000000000000000e+00
0.000000000000000000e+00
0.000000000000000000e+00
0.000000000000000000e+00
0.000000000000000000e+00
0.000000000000000000e+00
0.000000000000000000e+00
0.000000000000000000e+00
3.048572090812245450e-01
0.000000000000000000e+00
2.042223258145545728e+00
0.000000000000000000e+00
0.000000000000000000e+00
0.000000000000000000e+00
0.000000000000000000e+00
1.891800019155321089e-01
0.000000000000000000e+00
0.000000000000000000e+00
1.828708768151282138e+00
7.780266742538379798e-01
0.000000000000000000e+00
0.000000000000000000e+00
0.000000000000000000e+00
2.309946023761438205e+00
1.359786378896403525e+00
5.022709635773421333e-01
3.257195360483819413e-02
3.458357968449143338e-01
0.000000000000000000e+00
5.804902600699148874e-01
0.000000000000000000e+00
1.303431614085968526e+00
1.485456414204820441e-01
4.570044789455240397e-01
0.000000000000000000e+00
0.000000000000000000e+00
2.010597366062489844e+00
0.000000000000000000e+00
0.000000000000000000e+00
0.000000000000000000e+00
0.000000000000000000e+00
5.713323802017398201e-01
