# Ensemble B, m = 50.0, c_n/c_p = 0.909677419355, f = -0.992173913043
# lambda = [  5.11384549e-09  -4.61554320e-09   0.00000000e+00   5.80859338e-10]
#  
0.000000000000000000e+00
3.004042920389828897e-01
9.791326109954839874e-01
0.000000000000000000e+00
1.276916589190661977e+00
9.659128116165414946e-02
4.132130029376774871e-01
0.000000000000000000e+00
0.000000000000000000e+00
4.304163017397265589e-01
7.103737982826612285e-01
5.002479086264965957e-01
1.337249866561679712e-01
0.000000000000000000e+00
6.753742474329805789e-01
0.000000000000000000e+00
7.895421397940199926e-01
8.749780171766317893e-02
0.000000000000000000e+00
6.352117310160314556e-01
7.178387215562931356e-01
0.000000000000000000e+00
1.326816311199013443e+00
0.000000000000000000e+00
0.000000000000000000e+00
1.536252107890537406e-02
0.000000000000000000e+00
8.884638899720187499e-01
9.696036909181700025e-01
0.000000000000000000e+00
0.000000000000000000e+00
0.000000000000000000e+00
0.000000000000000000e+00
0.000000000000000000e+00
3.270991137794422854e-01
1.887145147272449419e+00
1.317158902154770495e+00
0.000000000000000000e+00
0.000000000000000000e+00
4.450714857388040624e-01
4.516630918537894446e-01
1.647016520789049698e+00
3.841133650283525824e-01
0.000000000000000000e+00
2.772154591604485963e-01
1.255751392225953111e+00
0.000000000000000000e+00
0.000000000000000000e+00
0.000000000000000000e+00
0.000000000000000000e+00
0.000000000000000000e+00
1.138260977782938665e+00
0.000000000000000000e+00
0.000000000000000000e+00
2.447769246934001497e-01
0.000000000000000000e+00
8.176049977489762144e-01
0.000000000000000000e+00
0.000000000000000000e+00
0.000000000000000000e+00
0.000000000000000000e+00
2.522358173630073197e-01
1.027489365038777747e+00
1.293338298329178793e+00
1.195600203505418208e-01
1.200513718750046088e+00
0.000000000000000000e+00
0.000000000000000000e+00
2.424131236493999864e-01
0.000000000000000000e+00
1.030345085619763124e+00
1.023776142298792324e+00
5.649133982984400060e-01
0.000000000000000000e+00
0.000000000000000000e+00
1.253242274262195366e+00
0.000000000000000000e+00
0.000000000000000000e+00
2.635350510068532603e-01
0.000000000000000000e+00
0.000000000000000000e+00
0.000000000000000000e+00
0.000000000000000000e+00
2.797810705259120012e-01
2.380942517630123545e-01
1.057198983950694143e-01
9.633275240049569144e-01
0.000000000000000000e+00
0.000000000000000000e+00
3.261923744610273346e-01
3.097114370818007667e-01
0.000000000000000000e+00
1.002304621492673631e+00
0.000000000000000000e+00
5.271509263070198736e-01
0.000000000000000000e+00
7.568106025567146178e-01
1.016308333204158032e+00
2.593507769270982255e+00
6.994469169153132437e-01
