# Ensemble B, m = 50.0, c_n/c_p = 0.625806451613, f = -0.94
# lambda = [  4.89185078e-09  -2.87767067e-09   0.00000000e+00   1.04445498e-09]
#  
2.586723597424427368e-01
0.000000000000000000e+00
0.000000000000000000e+00
2.983600921678934981e-01
3.968344778999447486e-01
7.116852205768515842e-03
0.000000000000000000e+00
5.176538641342642855e-01
5.549568430887590748e-03
9.560857041215873459e-03
0.000000000000000000e+00
0.000000000000000000e+00
1.283527663142695063e+00
0.000000000000000000e+00
4.902328702327204968e-01
0.000000000000000000e+00
2.701828354163736123e-01
0.000000000000000000e+00
0.000000000000000000e+00
1.030006243948491162e+00
0.000000000000000000e+00
0.000000000000000000e+00
2.486591830326448926e-01
3.790797578670456747e-01
3.928286126441519199e-01
7.095500747214578130e-01
0.000000000000000000e+00
0.000000000000000000e+00
5.845334766564698192e-01
0.000000000000000000e+00
1.067205775230446907e+00
0.000000000000000000e+00
5.526248899984433915e-01
0.000000000000000000e+00
6.139017388789126395e-01
0.000000000000000000e+00
0.000000000000000000e+00
2.801411828411003446e-01
0.000000000000000000e+00
0.000000000000000000e+00
7.681462108003445088e-01
6.364593526608322005e-01
0.000000000000000000e+00
0.000000000000000000e+00
2.294897602663438452e+00
0.000000000000000000e+00
0.000000000000000000e+00
0.000000000000000000e+00
1.142310593630886828e+00
2.225746394093707448e+00
2.635178255870073705e-01
3.368338075428684020e-01
0.000000000000000000e+00
0.000000000000000000e+00
1.339561126124002577e+00
2.531144786376835487e-01
0.000000000000000000e+00
1.021231742843703882e+00
0.000000000000000000e+00
2.286619080401136817e+00
4.924453716430497452e-01
1.100047985368469927e+00
8.029588740323642115e-01
5.246205997476706129e-01
6.613049750485455215e-03
2.216546879647037505e-01
7.601114541445606054e-01
5.501492906417541073e-01
2.630627561305787232e-01
6.406501115364069410e-01
7.416279411287546308e-01
3.737953444874061448e-01
4.442117918468668075e-03
1.166009407455195490e-01
0.000000000000000000e+00
0.000000000000000000e+00
0.000000000000000000e+00
0.000000000000000000e+00
0.000000000000000000e+00
0.000000000000000000e+00
4.044680872380058689e-01
2.536189503629640574e-01
0.000000000000000000e+00
0.000000000000000000e+00
8.366411662357037954e-03
9.907235983165322279e-01
1.058170116460007915e+00
1.063998950241422659e+00
4.916661194563718418e-01
1.389665949262046674e+00
5.781411165138791164e-01
7.097094356016828698e-01
0.000000000000000000e+00
2.930371631773255429e-03
0.000000000000000000e+00
7.721776031976522632e-03
0.000000000000000000e+00
0.000000000000000000e+00
1.871006304538255005e+00
3.390965600553688120e-01
