# Ensemble B, m = 50.0, c_n/c_p = 0.625806451613, f = -0.998695652174
# lambda = [  1.42854116e-08  -8.92824200e-09   0.00000000e+00   4.56460117e-10]
#  
5.593445423830660790e-01
0.000000000000000000e+00
0.000000000000000000e+00
1.268408223022125247e-01
4.495436268495013599e-02
1.742058214198475008e-01
0.000000000000000000e+00
4.393654968394857807e-01
8.294069253456859414e-02
0.000000000000000000e+00
1.042255793411426268e+00
9.215511030935369385e-01
0.000000000000000000e+00
2.089900302274987354e-01
1.694563965747616086e-01
5.388625114148549722e-01
0.000000000000000000e+00
6.619973669917579573e-02
1.296550864152101745e-01
2.173741206060947895e-01
1.386448831994729014e+00
0.000000000000000000e+00
0.000000000000000000e+00
5.820144274959887509e-02
0.000000000000000000e+00
0.000000000000000000e+00
1.034143109631278978e+00
0.000000000000000000e+00
0.000000000000000000e+00
0.000000000000000000e+00
1.019811668731321619e-01
1.271329546559947676e+00
4.077087696880752343e-01
0.000000000000000000e+00
0.000000000000000000e+00
0.000000000000000000e+00
1.152297622949045142e+00
1.255019908890584013e+00
0.000000000000000000e+00
5.932039653296961035e-01
1.959152412941905508e-01
2.279301383487425170e+00
0.000000000000000000e+00
7.701588581183926863e-01
1.216038393129063699e+00
0.000000000000000000e+00
0.000000000000000000e+00
3.789234944564474628e-01
0.000000000000000000e+00
1.768532032780539387e+00
0.000000000000000000e+00
0.000000000000000000e+00
1.678260751319063937e+00
4.737667703574619665e-02
5.258272259578015140e-01
0.000000000000000000e+00
1.191104939604997970e+00
0.000000000000000000e+00
1.112362841306756556e+00
4.832916805660060766e-01
7.413964355121128724e-01
0.000000000000000000e+00
0.000000000000000000e+00
8.549230903757804034e-01
0.000000000000000000e+00
0.000000000000000000e+00
2.096438582551867491e-01
0.000000000000000000e+00
5.401172058110881302e-01
0.000000000000000000e+00
2.625749562612999632e+00
1.512380802115223855e+00
0.000000000000000000e+00
0.000000000000000000e+00
7.914444247293273005e-01
0.000000000000000000e+00
0.000000000000000000e+00
0.000000000000000000e+00
1.397939333087972136e+00
5.395238843207627449e-02
7.242385402623787716e-01
1.630567648077335230e+00
1.049592659297724356e-01
9.814645444767303717e-01
0.000000000000000000e+00
5.316643292524624309e-01
0.000000000000000000e+00
0.000000000000000000e+00
1.505864997935913108e+00
6.242081777086465610e-01
2.092028058269635338e+00
1.294169536890960259e+00
0.000000000000000000e+00
0.000000000000000000e+00
0.000000000000000000e+00
0.000000000000000000e+00
0.000000000000000000e+00
0.000000000000000000e+00
6.131187132417973418e-01
0.000000000000000000e+00
