# Ensemble B, m = 50.0, lambda = [  6.87061813e-09  -5.76322963e-09   0.00000000e+00   7.09847742e-10]
5.704357248503829636e-01
1.234836311293239675e+00
0.000000000000000000e+00
0.000000000000000000e+00
2.293071729266640713e+00
1.391746982191690130e+00
2.948610767753181983e-01
2.171777773975850645e-01
0.000000000000000000e+00
0.000000000000000000e+00
5.313668577556772687e-01
0.000000000000000000e+00
0.000000000000000000e+00
0.000000000000000000e+00
0.000000000000000000e+00
5.181044435432388129e-01
1.192344083499476515e+00
7.285922180406787518e-01
9.114474677334875041e-01
5.593694730801219706e-01
0.000000000000000000e+00
7.475141402320822914e-02
4.628841307519950266e-01
7.179832762822906389e-01
0.000000000000000000e+00
1.422089098071792623e-01
0.000000000000000000e+00
3.310693932351997937e-01
2.170626758832679748e+00
2.196722931871458950e+00
2.018743072302100927e+00
0.000000000000000000e+00
0.000000000000000000e+00
1.245064636250137857e+00
5.854057497472401478e-02
0.000000000000000000e+00
0.000000000000000000e+00
9.453332303151968929e-01
2.241905041037411284e+00
5.283298494607127083e-01
5.154348286996770501e-01
7.477624728147197475e-01
3.639066225972380497e-01
7.853304314231067673e-01
0.000000000000000000e+00
0.000000000000000000e+00
1.350593705649356657e-01
0.000000000000000000e+00
1.081528390626273817e+00
3.490089442602217762e-01
4.900244977216837716e-01
8.766056270129810590e-01
1.639555557138260733e+00
6.070491009574170427e-01
0.000000000000000000e+00
0.000000000000000000e+00
8.418192997518023635e-01
0.000000000000000000e+00
1.031071278694418725e+00
1.292989703610659236e+00
1.050300442056141703e+00
1.919232988106804871e-01
5.143103396795052351e-01
5.912960385287935328e-01
1.097710264422444126e+00
8.997420731751002432e-01
7.211857603048534848e-01
0.000000000000000000e+00
0.000000000000000000e+00
2.029828865079823796e-01
1.559782556923221986e+00
1.446854780494067072e-01
2.108684022316341000e+00
2.735123055093691691e-01
1.536989229911054800e+00
0.000000000000000000e+00
0.000000000000000000e+00
4.195846986501706732e-01
3.730972419813696761e-03
0.000000000000000000e+00
6.140692933840332657e-01
0.000000000000000000e+00
0.000000000000000000e+00
7.939316719349839291e-01
0.000000000000000000e+00
0.000000000000000000e+00
0.000000000000000000e+00
0.000000000000000000e+00
1.347254508417114804e+00
5.959309982057011679e-01
9.551296474703006023e-01
1.511112016998200115e-02
5.102493021718014221e-01
1.755843031636156459e-01
0.000000000000000000e+00
1.967961262399928524e+00
9.202868699703063982e-01
2.419782290356255139e+00
0.000000000000000000e+00
0.000000000000000000e+00
