# Ensemble B, m = 50.0, c_n/c_p = 0.677419354839, f = -0.952857142857
# lambda = [  5.54877176e-09  -3.58164268e-09   0.00000000e+00   1.14050620e-09]
#  
6.552589293767587808e-01
2.211950166648202210e+00
3.102949887930841477e-01
1.456941916195752196e+00
1.320736247983166356e+00
0.000000000000000000e+00
0.000000000000000000e+00
3.429307796515853046e-01
4.797344648619859542e-01
0.000000000000000000e+00
4.939485788861901483e-01
9.010383176101146099e-03
7.690305295905131011e-01
0.000000000000000000e+00
3.856074030279227904e-01
0.000000000000000000e+00
0.000000000000000000e+00
0.000000000000000000e+00
1.825891180892872390e-01
8.523646977205572017e-02
1.402127852019266152e+00
0.000000000000000000e+00
1.716678047672159091e-01
0.000000000000000000e+00
1.440027918118016892e+00
5.058453990136014926e-03
0.000000000000000000e+00
0.000000000000000000e+00
1.062144889487604660e+00
0.000000000000000000e+00
7.674787095552695337e-01
9.889621171078704087e-01
7.196655043835004095e-01
7.489126256187436104e-01
7.673107173406269466e-01
1.227980831907328874e+00
1.467741625002802364e+00
0.000000000000000000e+00
0.000000000000000000e+00
1.981494320974025225e+00
1.685855390619047434e+00
7.276788084397215473e-01
0.000000000000000000e+00
0.000000000000000000e+00
0.000000000000000000e+00
2.440323509091859300e-01
0.000000000000000000e+00
0.000000000000000000e+00
0.000000000000000000e+00
0.000000000000000000e+00
0.000000000000000000e+00
2.300257058246422570e+00
0.000000000000000000e+00
0.000000000000000000e+00
1.101104452824022868e-02
5.027765368326769790e-01
4.151027851062611962e-01
0.000000000000000000e+00
2.369404118923846170e+00
4.924453716430497452e-01
0.000000000000000000e+00
4.874602032599003598e-01
6.573332039608303923e-01
4.645040853589496033e-01
6.789386501488654801e-02
6.319569451173211450e-01
9.971791899240679824e-02
0.000000000000000000e+00
9.505912436651533515e-01
4.353498074729278966e-01
1.891667079620983571e+00
3.087966087045522154e-02
4.806136201455289414e-01
0.000000000000000000e+00
8.650255359523087995e-01
6.708795241135039333e-01
1.264619093024856422e+00
0.000000000000000000e+00
5.229286594600315308e-01
1.763466493734272111e+00
1.383956466163045462e-01
1.433459844254000748e+00
5.482492936202412182e-01
0.000000000000000000e+00
4.265241006155976594e-02
8.041181600111696470e-01
1.640833358221250871e-01
6.340091933422531412e-01
0.000000000000000000e+00
0.000000000000000000e+00
9.817021410537976056e-01
1.388926633330997973e-01
1.120199403844850394e+00
0.000000000000000000e+00
1.256092173893089969e-01
5.237430716265143449e-01
1.443214212658624707e+00
5.180869095120343992e-01
6.799743844795802517e-02
8.235663993438129271e-01
