# Ensemble B, m = 50.0, lambda = [  5.83853344e-09  -3.44042982e-09   0.00000000e+00   9.84271227e-10]
0.000000000000000000e+00
0.000000000000000000e+00
5.092049132382419074e-01
0.000000000000000000e+00
0.000000000000000000e+00
1.730158759395439949e+00
6.039641861417147650e-01
0.000000000000000000e+00
0.000000000000000000e+00
1.032709012964593054e+00
0.000000000000000000e+00
0.000000000000000000e+00
3.286843265792641078e-02
1.233843533985186092e+00
1.485944730663888214e+00
0.000000000000000000e+00
3.366332410629101907e-02
0.000000000000000000e+00
1.856362840781035750e+00
1.222073320853168527e-01
0.000000000000000000e+00
0.000000000000000000e+00
0.000000000000000000e+00
0.000000000000000000e+00
9.548551395106001927e-01
0.000000000000000000e+00
2.833891362621246413e-02
1.654141240305838201e+00
1.664731768561456215e+00
3.520740534000791570e-03
6.953843587913122182e-01
0.000000000000000000e+00
7.790574341303200742e-03
4.462386164676271916e-01
3.807903126558387363e-01
6.108357311995506189e-02
2.263755969686995217e-01
5.614095089524081539e-01
0.000000000000000000e+00
0.000000000000000000e+00
1.423638125930762506e-02
7.032318870844975756e-01
0.000000000000000000e+00
1.369873828832695872e-01
9.163468949768754923e-01
0.000000000000000000e+00
1.015659147634825565e+00
6.840508276405008470e-01
3.621545208221087827e-03
0.000000000000000000e+00
0.000000000000000000e+00
0.000000000000000000e+00
6.623659237326168236e-01
2.855139328812438815e-01
1.726615714267985435e+00
4.490922301317313604e-03
0.000000000000000000e+00
1.786449458351654140e+00
0.000000000000000000e+00
8.406494772014839745e-01
1.289457448232432135e+00
0.000000000000000000e+00
0.000000000000000000e+00
0.000000000000000000e+00
9.086312341265103884e-03
0.000000000000000000e+00
0.000000000000000000e+00
1.533677331674968780e+00
0.000000000000000000e+00
1.864532702919354801e-01
0.000000000000000000e+00
2.461579795360081313e+00
0.000000000000000000e+00
0.000000000000000000e+00
2.179631391380263128e-01
7.266337490498876450e-01
6.059229568450694714e-01
0.000000000000000000e+00
0.000000000000000000e+00
0.000000000000000000e+00
2.050528536606296637e+00
0.000000000000000000e+00
3.146792935730062246e-01
0.000000000000000000e+00
1.818253066002337937e+00
4.951528836579080495e-01
0.000000000000000000e+00
0.000000000000000000e+00
0.000000000000000000e+00
1.091177010032093886e+00
2.477076114024067799e+00
0.000000000000000000e+00
1.557795291259281623e+00
1.602710745669043702e-01
1.210735355067205976e+00
1.784128433219516863e+00
1.534169449389350959e-01
2.235909271752226368e-01
3.172241621656089056e-02
1.391437985776275754e+00
