# Ensemble B, m = 50.0, lambda = [  3.72387216e-09  -3.62527964e-09   0.00000000e+00   6.07467154e-10]
9.001725357192026378e-01
1.294860414863833499e-02
0.000000000000000000e+00
4.317224120483474925e-01
0.000000000000000000e+00
1.181408089084645008e+00
1.408434639338887351e+00
1.415130853160948998e+00
0.000000000000000000e+00
0.000000000000000000e+00
0.000000000000000000e+00
7.295108434673400755e-01
6.209325595663836017e-01
1.367493401074960424e+00
0.000000000000000000e+00
1.425528933512955065e-01
1.015682922378847941e+00
0.000000000000000000e+00
0.000000000000000000e+00
1.230907652600098101e-01
5.274953506608337506e-02
3.298438720172163635e-02
7.209686588615569214e-01
8.042154366967340096e-01
1.142179997900231836e+00
4.039123289031740782e-01
6.725504135536474193e-01
0.000000000000000000e+00
1.631517610915421690e+00
0.000000000000000000e+00
1.163737179500279773e+00
0.000000000000000000e+00
0.000000000000000000e+00
0.000000000000000000e+00
6.638196962568962967e-01
3.050769705546743042e-03
3.207585254554597837e-02
9.934780648193847208e-01
7.672642079915261704e-01
1.090459903927115497e-02
0.000000000000000000e+00
2.856226533535567436e-01
1.695005238999000019e-01
0.000000000000000000e+00
0.000000000000000000e+00
0.000000000000000000e+00
1.450644901560210309e+00
0.000000000000000000e+00
8.576544049690388860e-01
0.000000000000000000e+00
0.000000000000000000e+00
4.465164134209174129e-01
1.125608935272826905e+00
1.487441165864722137e-01
2.975631338461073860e-01
0.000000000000000000e+00
0.000000000000000000e+00
1.678586580076119716e+00
9.296339076886848130e-01
1.280755389563387192e+00
0.000000000000000000e+00
2.128286227347711557e-01
1.393860685236615327e+00
2.554641183905719259e-01
3.070023256126407918e-01
0.000000000000000000e+00
0.000000000000000000e+00
1.160223251408552647e+00
6.363510211667547378e-02
1.436750495330272992e+00
3.397648225678920886e-01
0.000000000000000000e+00
7.428262023757984389e-01
7.357682916962009489e-01
7.721971662098007227e-01
0.000000000000000000e+00
0.000000000000000000e+00
5.000997100790260941e-01
1.322424750765257340e+00
0.000000000000000000e+00
0.000000000000000000e+00
0.000000000000000000e+00
0.000000000000000000e+00
0.000000000000000000e+00
0.000000000000000000e+00
2.804130448887943716e-01
0.000000000000000000e+00
2.477671134976334177e-01
4.141565229984080498e-01
0.000000000000000000e+00
6.684617699138616365e-01
1.475477257295921552e-01
4.742538187764831076e-02
1.184537815367257656e-02
0.000000000000000000e+00
0.000000000000000000e+00
1.759306857372410771e-01
2.008125416021796283e+00
2.396448940022060103e-01
2.411794437496000143e-01
