# Ensemble B, m = 50.0, c_n/c_p = 0.909677419355, f = -0.998695652174
# lambda = [  5.56578657e-09  -5.05646636e-09   0.00000000e+00   2.58513964e-10]
#  
0.000000000000000000e+00
3.356539096193707911e-03
1.016695901969101590e-01
9.225623008047578733e-02
1.093047323288760975e+00
1.000020069563621217e+00
8.663052243629583149e-01
0.000000000000000000e+00
0.000000000000000000e+00
0.000000000000000000e+00
4.905713587064667314e-01
1.332313718495347743e+00
0.000000000000000000e+00
1.473827887580407281e-01
9.610602185364524042e-01
1.936349056953587722e+00
3.015633497983212785e-01
0.000000000000000000e+00
0.000000000000000000e+00
2.267056080494567638e+00
0.000000000000000000e+00
0.000000000000000000e+00
9.243852095904865340e-01
7.561235073879034596e-01
2.742173271545806368e-01
3.062455937479179324e-01
1.354734524966481501e+00
0.000000000000000000e+00
1.440379871778898702e+00
0.000000000000000000e+00
0.000000000000000000e+00
0.000000000000000000e+00
4.924770565977190095e-01
1.724777378158284247e+00
5.746067524610615207e-01
9.450795727748737551e-01
5.852523600300674721e-03
4.756141821795027008e-02
1.602534292864801202e+00
6.164494799841335054e-02
4.239484445533071577e-01
0.000000000000000000e+00
1.285189783647738393e+00
1.711396415286072559e+00
1.259507205140087127e-01
7.377461523747824712e-01
0.000000000000000000e+00
4.809746002415472010e-01
0.000000000000000000e+00
0.000000000000000000e+00
2.171806170331890939e+00
0.000000000000000000e+00
0.000000000000000000e+00
0.000000000000000000e+00
3.476324359881888815e-01
2.259964302471830333e+00
1.860958958290451104e+00
0.000000000000000000e+00
7.054723664605756506e-01
0.000000000000000000e+00
1.234862914696995162e+00
1.774404650206185818e-01
0.000000000000000000e+00
0.000000000000000000e+00
0.000000000000000000e+00
0.000000000000000000e+00
1.553108370029042229e+00
1.438775337936037957e+00
0.000000000000000000e+00
0.000000000000000000e+00
1.143190913614981596e+00
1.764433963345765743e+00
0.000000000000000000e+00
0.000000000000000000e+00
9.843210399916654252e-01
7.260096462436371745e-01
7.445016145659907325e-01
2.191083577895211576e+00
0.000000000000000000e+00
6.612114223636156307e-01
0.000000000000000000e+00
0.000000000000000000e+00
0.000000000000000000e+00
1.837762327961236786e-01
6.758400837130027483e-01
1.032118805819406182e+00
0.000000000000000000e+00
4.926425156401182948e-01
0.000000000000000000e+00
0.000000000000000000e+00
1.782825828704780680e+00
1.991329999456421973e+00
4.964547734560234016e-01
0.000000000000000000e+00
5.861574694750238956e-01
1.002089866731574075e+00
0.000000000000000000e+00
0.000000000000000000e+00
1.194682105962447061e+00
0.000000000000000000e+00
