# Ensemble B, m = 50.0, lambda = [  6.51844780e-09  -4.69117969e-09   0.00000000e+00   1.17572046e-09]
0.000000000000000000e+00
0.000000000000000000e+00
0.000000000000000000e+00
2.209163865399419002e+00
2.359736303282729541e-01
9.780090995362854533e-01
1.125119508337576901e+00
6.941059836739968958e-01
1.444961789789549034e+00
3.987968726980306577e-02
2.100887070267641654e+00
4.689584237704791381e-02
0.000000000000000000e+00
1.172904144504089530e+00
0.000000000000000000e+00
7.853905553995468303e-01
0.000000000000000000e+00
1.376055540653132070e+00
0.000000000000000000e+00
6.268955217125248280e-01
1.435628681864084211e+00
0.000000000000000000e+00
1.458212397377310676e+00
0.000000000000000000e+00
7.581458290096215746e-01
2.560581019681952390e-03
6.235856732324827068e-01
9.869443727142412914e-01
5.955771870495781828e-01
0.000000000000000000e+00
9.489746137499043277e-01
0.000000000000000000e+00
1.459925451579704880e+00
1.886242557790227981e+00
1.286974162529279653e+00
8.756698817704137161e-01
0.000000000000000000e+00
1.304596333633613048e+00
1.626901023907862065e+00
0.000000000000000000e+00
1.575872922788517982e+00
8.454402470509277123e-02
0.000000000000000000e+00
0.000000000000000000e+00
0.000000000000000000e+00
1.046942932571227614e+00
0.000000000000000000e+00
0.000000000000000000e+00
6.851910126330650330e-01
3.524012587767774152e-01
0.000000000000000000e+00
1.454265956739754784e-01
1.472704111843780250e+00
3.291344810422813794e-02
0.000000000000000000e+00
0.000000000000000000e+00
3.589371464037807713e-02
1.789054477327118864e-01
0.000000000000000000e+00
0.000000000000000000e+00
9.323769739551089897e-01
1.421712270896633712e-01
3.611200191343846844e-01
0.000000000000000000e+00
1.145668144933860780e-02
6.950536828610555107e-01
9.452594715954373283e-01
6.395773550159420395e-01
6.781368958113423995e-01
0.000000000000000000e+00
0.000000000000000000e+00
0.000000000000000000e+00
0.000000000000000000e+00
1.545386924853689337e+00
7.178998847638593528e-01
1.850913186302361457e-01
2.121919054225612500e-01
8.085389895648718503e-03
1.387660244549613342e+00
8.935041081172513389e-01
1.497077609269593379e-01
0.000000000000000000e+00
1.026683729258867750e+00
7.025414679766733839e-02
5.573304458740026279e-02
9.350472180697874114e-01
9.230168932760123290e-01
1.580449186773427162e+00
0.000000000000000000e+00
0.000000000000000000e+00
0.000000000000000000e+00
1.530916619530642009e-01
9.811709823849261436e-02
4.709987485222053016e-01
2.084039711946902518e+00
0.000000000000000000e+00
6.891165193875166406e-02
1.618336844993432666e-01
0.000000000000000000e+00
6.020376461985429539e-04
