# Ensemble B, m = 50.0, c_n/c_p = 0.793548387097, f = -0.986956521739
# lambda = [  7.78791241e-09  -6.09947552e-09   0.00000000e+00   9.94913590e-10]
#  
3.384995144722357380e-02
1.950181884104841945e+00
2.318582581676476906e+00
3.815981172031012673e-03
4.777156685509126310e-01
9.755972982212226530e-01
2.408374060673740935e+00
1.215058367829500996e-01
0.000000000000000000e+00
2.174568537964769177e-01
3.537021784676087854e+00
1.452782601416256814e+00
1.631494669823020827e+00
2.592851659667573028e+00
7.411592682294800838e-01
2.432756473953111009e-01
6.316766581167559957e-01
1.220393330385125541e+00
4.703742979581886363e-01
4.837379363740406113e-01
6.193163741680652867e-01
6.009480639859761109e-01
7.171737197635461580e-01
1.466291191520645132e+00
2.204110820031616846e+00
1.011361950590320413e+00
7.750845291551056171e-01
1.873898479175021503e+00
6.189997316841062691e-01
2.053779802734110760e+00
1.132672733720981428e+00
0.000000000000000000e+00
0.000000000000000000e+00
1.307754988635769333e+00
4.508227263963445752e-01
0.000000000000000000e+00
0.000000000000000000e+00
1.738221270184070688e+00
1.984196204589239398e+00
0.000000000000000000e+00
4.150121864170239205e-01
3.134316367767882583e-01
7.716292223547779328e-01
8.151731891689174558e-01
5.236858565425065448e-01
1.070423488838133652e+00
0.000000000000000000e+00
1.021425631441207349e+00
7.981287306351995958e-03
2.046880550156039424e-01
6.920984255804024654e-01
0.000000000000000000e+00
1.669494386465052438e-01
1.563724962482934577e+00
0.000000000000000000e+00
9.525208468840804521e-01
1.856134591502851983e+00
0.000000000000000000e+00
1.218892289162563924e-02
4.672264100155119615e-01
2.358968998929199312e+00
4.892639014007724163e-02
1.661590770364536507e+00
7.857874430983443625e-01
3.526747457327805146e-01
0.000000000000000000e+00
9.999186751356884395e-01
2.190215888289332447e-01
0.000000000000000000e+00
1.247874423691389900e+00
2.836315621900926676e-01
0.000000000000000000e+00
1.676626712070349579e-01
0.000000000000000000e+00
0.000000000000000000e+00
9.892107190392862570e-01
0.000000000000000000e+00
0.000000000000000000e+00
1.676187662416577684e+00
2.371392080151148107e+00
8.671344332605218641e-03
1.862429919407070644e-01
1.888775640079016549e+00
9.243958099958383690e-01
6.471202405411412562e-01
1.512431806856196381e+00
1.636620380234560912e+00
1.650155663085571600e+00
0.000000000000000000e+00
1.456634511971306223e+00
1.450597974366053755e+00
1.475145730149260537e+00
7.440712301952454588e-01
1.902748924939361874e+00
4.747120297063178174e-01
0.000000000000000000e+00
1.427299188886608450e+00
3.124456299144757754e-01
8.483116361321638710e-01
8.515229843629126272e-01
