# Ensemble B, m = 50.0, c_n/c_p = 0.845161290323, f = -0.972608695652
# lambda = [  5.12539435e-09  -4.21313166e-09   0.00000000e+00   1.00691709e-09]
#  
0.000000000000000000e+00
1.053745504704402647e+00
1.850256696464642303e+00
1.177355623073391561e-01
0.000000000000000000e+00
0.000000000000000000e+00
1.998041239166777061e-01
0.000000000000000000e+00
1.546750051725048536e+00
5.203627316363123034e-01
1.009315115178136324e+00
7.306975264203355858e-01
1.953450688723321615e+00
6.824066710232932209e-01
4.151398154596666057e-01
1.262144213027569961e+00
8.890577737032885342e-01
1.381200396808638819e+00
6.034653585502463002e-01
1.077683927720670898e+00
1.800564530339601621e+00
0.000000000000000000e+00
0.000000000000000000e+00
1.163539583971445607e-01
1.476610791813973145e-01
7.734546200688228179e-01
0.000000000000000000e+00
1.296102299309586682e-02
4.583813015314595063e-01
1.256285567397399106e-01
1.352677466963084552e+00
1.136261277914273116e+00
0.000000000000000000e+00
0.000000000000000000e+00
5.505952540915269866e-01
0.000000000000000000e+00
4.175116377918763333e-01
7.679916236376040442e-03
3.681738968188368322e-01
0.000000000000000000e+00
0.000000000000000000e+00
0.000000000000000000e+00
0.000000000000000000e+00
0.000000000000000000e+00
3.605415624004452146e-01
3.366467338376968876e-01
4.064088012099755232e-01
1.103713218831273046e+00
0.000000000000000000e+00
0.000000000000000000e+00
0.000000000000000000e+00
0.000000000000000000e+00
0.000000000000000000e+00
5.186534283854787875e-01
0.000000000000000000e+00
4.527977414448513538e-01
0.000000000000000000e+00
0.000000000000000000e+00
1.781682702863976120e+00
1.549013381813523216e+00
0.000000000000000000e+00
6.183884652866440401e-01
0.000000000000000000e+00
1.046126475395936062e+00
1.326663523707975578e+00
9.072149330255362409e-01
0.000000000000000000e+00
0.000000000000000000e+00
0.000000000000000000e+00
7.998544068925096395e-01
0.000000000000000000e+00
0.000000000000000000e+00
5.258551753524766115e-01
2.139405289022922041e+00
1.282773313915909652e+00
1.519753477519542262e+00
0.000000000000000000e+00
8.965358904701208331e-01
0.000000000000000000e+00
0.000000000000000000e+00
0.000000000000000000e+00
2.567510206046146326e-01
2.210049955217806283e-01
0.000000000000000000e+00
5.237576512984021271e-01
0.000000000000000000e+00
0.000000000000000000e+00
0.000000000000000000e+00
9.098028776328567213e-01
7.947333851413171946e-01
3.643449232858474440e-01
6.914662571502933758e-03
0.000000000000000000e+00
5.561229035649355446e-01
0.000000000000000000e+00
0.000000000000000000e+00
0.000000000000000000e+00
0.000000000000000000e+00
0.000000000000000000e+00
4.718357410404483976e-01
