# Ensemble B, m = 50.0, c_n/c_p = 0.948387096774, f = -0.996086956522
# lambda = [  4.59122351e-09  -4.33721873e-09   0.00000000e+00   3.84823103e-10]
#  
0.000000000000000000e+00
2.711321926765288270e-01
0.000000000000000000e+00
0.000000000000000000e+00
1.016760319823863279e+00
0.000000000000000000e+00
1.261125837456989363e+00
0.000000000000000000e+00
0.000000000000000000e+00
6.340623925167780950e-01
3.960279667584850061e-01
0.000000000000000000e+00
0.000000000000000000e+00
8.503650521164722864e-01
1.640477772819622482e+00
9.177334178931294550e-01
1.083851403177094275e+00
5.305159265416335979e-01
0.000000000000000000e+00
1.875438473315725330e-01
0.000000000000000000e+00
0.000000000000000000e+00
2.537084243665682082e-01
0.000000000000000000e+00
6.939756980179230261e-01
0.000000000000000000e+00
1.519106968770439270e+00
4.347742314911475225e-01
1.034091897759986445e+00
0.000000000000000000e+00
0.000000000000000000e+00
0.000000000000000000e+00
0.000000000000000000e+00
1.198069351003026028e+00
1.901277551702502677e+00
1.230302275442436644e+00
0.000000000000000000e+00
6.441628162131710078e-02
0.000000000000000000e+00
0.000000000000000000e+00
3.236265415569158366e-01
6.442276637041008946e-01
3.750769620472909627e-01
0.000000000000000000e+00
0.000000000000000000e+00
8.090827576767861684e-01
0.000000000000000000e+00
2.487942822392567588e-01
0.000000000000000000e+00
1.312866844946768315e-02
0.000000000000000000e+00
1.987881009372355567e+00
8.182814162887193099e-01
9.601547617931888157e-01
0.000000000000000000e+00
0.000000000000000000e+00
4.214826281466493296e-01
0.000000000000000000e+00
5.813724462925856651e-01
2.646228767395887860e-01
1.150049431136553446e+00
2.322403027988904911e-01
2.942203861053508951e-01
3.381323327838143822e-01
9.506183028317208294e-02
9.839317141770677067e-01
8.601009660717811034e-01
2.528628354358944286e+00
1.699313059744804510e+00
0.000000000000000000e+00
0.000000000000000000e+00
0.000000000000000000e+00
1.095234416333379812e+00
0.000000000000000000e+00
0.000000000000000000e+00
6.725403613729493690e-01
1.631363400051418500e-01
0.000000000000000000e+00
0.000000000000000000e+00
0.000000000000000000e+00
7.309255713400256704e-01
0.000000000000000000e+00
7.400903470669740747e-01
7.269067115311417249e-01
0.000000000000000000e+00
6.670948386010779885e-01
1.892393394989184408e-01
1.723816652557905726e+00
0.000000000000000000e+00
7.508628692387954162e-01
0.000000000000000000e+00
0.000000000000000000e+00
1.207613582317307532e+00
0.000000000000000000e+00
0.000000000000000000e+00
0.000000000000000000e+00
1.861736503375776425e-02
0.000000000000000000e+00
0.000000000000000000e+00
4.438459548792017539e-01
