# Ensemble B, m = 50.0, c_n/c_p = 0.81935483871, f = -0.990869565217
# lambda = [  7.56107831e-09  -6.13864118e-09   0.00000000e+00   8.35262324e-10]
#  
1.814383523408769516e+00
0.000000000000000000e+00
0.000000000000000000e+00
0.000000000000000000e+00
0.000000000000000000e+00
4.556982640294496845e-01
5.074111893337656110e-01
4.697078510900508097e-01
0.000000000000000000e+00
1.619222825926316833e+00
6.174732526273981614e-01
1.219008480540173966e+00
0.000000000000000000e+00
1.298014811548384273e+00
0.000000000000000000e+00
1.915288465502257509e+00
7.261395851775465093e-01
1.360164563955727601e+00
1.023957855793774518e+00
0.000000000000000000e+00
1.313387871351907155e+00
3.982624176284184081e-01
0.000000000000000000e+00
8.731002514195597142e-01
7.791337209862492230e-01
0.000000000000000000e+00
1.056506827160629491e+00
4.300775748593674841e-01
1.666062434316064600e+00
0.000000000000000000e+00
5.454764222606514057e-01
0.000000000000000000e+00
7.689508211091404810e-01
6.615371445690345631e-01
1.277138673530412660e+00
2.511217989305782883e+00
5.745031237603935859e-01
0.000000000000000000e+00
0.000000000000000000e+00
8.614712752355467851e-01
1.837375650918559700e+00
5.313101619560455235e-01
2.074375453590199037e+00
4.176090488329622374e-01
1.896479851878336342e+00
5.703585728866307318e-03
3.863773801239232981e-03
1.595623083901646755e+00
1.519417591318832805e+00
7.791788172286112646e-01
1.962683826337126902e+00
1.484938935036744789e-01
1.597432922465347627e+00
0.000000000000000000e+00
0.000000000000000000e+00
0.000000000000000000e+00
2.041448738074380653e+00
1.445003495013663652e+00
1.648034019926393423e+00
6.625706235152138968e-01
0.000000000000000000e+00
5.454764222606514057e-01
2.081008832243554707e+00
6.160644152637442805e-02
5.674783934491003379e-01
1.165410907732889467e-01
0.000000000000000000e+00
2.000744968984322192e+00
0.000000000000000000e+00
2.555186173791451854e+00
3.009799075880665309e-01
1.296427111667922905e+00
0.000000000000000000e+00
7.275871099077371729e-02
2.475073306227670022e-01
4.316863865308115944e-01
2.363980000310868856e+00
1.362840324408788995e+00
2.498350664395873277e+00
5.791413100085482935e-01
9.146436895788607746e-01
2.032473285097232907e+00
0.000000000000000000e+00
1.157219752418233494e+00
0.000000000000000000e+00
9.481819299279393709e-01
0.000000000000000000e+00
2.024813657086171670e+00
3.716196039995609546e+00
0.000000000000000000e+00
1.114168297188280032e+00
0.000000000000000000e+00
3.736500816040247974e-01
0.000000000000000000e+00
1.603030014990840524e-01
1.978227525046377888e+00
3.381788990213805968e-01
1.887748960506640650e+00
0.000000000000000000e+00
7.486147231259646651e-01
