# Ensemble B, m = 50.0, c_n/c_p = 0.638709677419, f = -0.994782608696
# lambda = [  1.27501437e-08  -8.10115161e-09   0.00000000e+00   8.30793457e-10]
#  
5.415693654729081263e-01
0.000000000000000000e+00
1.827953805840552004e+00
0.000000000000000000e+00
0.000000000000000000e+00
1.680696898654239435e+00
0.000000000000000000e+00
0.000000000000000000e+00
7.349103149284659242e-01
0.000000000000000000e+00
8.020763303078313200e-01
8.683711291075546512e-01
0.000000000000000000e+00
0.000000000000000000e+00
8.231758835273124131e-01
1.391382761577423244e+00
1.332111339118752014e+00
2.740432788922982921e-01
2.694768698260441853e-01
2.844143566869182238e-01
6.503291602929883730e-01
2.773363836259447601e-01
1.207413862929383797e+00
0.000000000000000000e+00
4.174888133343011010e-01
0.000000000000000000e+00
1.888889133943080001e+00
8.876214544571345844e-01
0.000000000000000000e+00
1.595023421996374147e+00
0.000000000000000000e+00
0.000000000000000000e+00
1.190932965938112709e+00
1.343730200932500285e-01
1.646929136217462342e-01
0.000000000000000000e+00
1.294409954348328062e+00
0.000000000000000000e+00
6.551194630328893709e-02
0.000000000000000000e+00
1.641355680592600175e+00
1.187902924742614275e+00
0.000000000000000000e+00
3.423135073515795601e-01
2.684472652188323316e-01
2.503731317373821263e-01
0.000000000000000000e+00
9.233826549992725508e-02
1.128511542905128895e+00
0.000000000000000000e+00
0.000000000000000000e+00
5.616963159543503226e-01
4.965071477597119420e-01
0.000000000000000000e+00
0.000000000000000000e+00
9.906429858903949004e-01
0.000000000000000000e+00
0.000000000000000000e+00
7.871395468235055093e-01
1.319807594478771939e+00
0.000000000000000000e+00
6.281453743126830247e-01
2.487002503988017033e+00
1.565128143853256049e-01
0.000000000000000000e+00
5.159086462443482901e-01
0.000000000000000000e+00
0.000000000000000000e+00
1.031638415936033670e+00
0.000000000000000000e+00
7.459802684859508926e-01
2.606733864358976138e+00
6.343879911773561142e-01
1.153829085269070465e+00
0.000000000000000000e+00
8.659953588085959053e-01
8.194128587495228544e-01
9.527136468334578279e-01
3.357080421487892985e-01
1.473752689016326389e+00
0.000000000000000000e+00
4.088100766186223978e-01
2.132311103244666495e-01
0.000000000000000000e+00
2.621892778717170303e-01
1.640898989266142083e+00
6.174565067684504305e-01
5.331223454037351539e-01
1.309665234476512286e+00
0.000000000000000000e+00
1.975454164643132282e+00
3.993673451193607837e-01
0.000000000000000000e+00
8.109798383464590366e-01
0.000000000000000000e+00
4.692686490664406129e-01
1.692029947497680764e-01
2.797104262304680455e-01
5.890908342379761464e-01
3.113279226601142757e-01
