# Ensemble B, m = 50.0, lambda = [  1.74178647e-08  -1.26505670e-08   0.00000000e+00   1.09866365e-09]
1.063975574653812872e+00
1.650858375662068944e+00
1.850992276225116751e+00
1.062644864266783173e+00
2.084559117323641964e+00
2.502484217618097695e+00
2.213603196927905969e+00
6.449090854281716023e-01
8.098138083439715418e-01
1.966874178732152867e+00
2.187632224579698192e+00
1.942194232694046008e+00
2.647869941249645365e+00
2.218958118381675781e+00
2.434689875014842020e+00
2.545658517497528806e+00
3.049806924650295681e-01
8.794882696312843473e-01
0.000000000000000000e+00
1.705521028746260326e+00
3.515191044807909893e-01
2.783837256978764163e+00
2.795284503028529155e+00
2.552575795121049040e+00
2.268954102185741117e+00
1.227566155648654345e+00
2.045344865767229958e+00
2.309691393878521737e+00
1.739451148010720649e+00
1.726138056605796667e+00
1.536719235310119558e+00
2.300352282120170067e+00
4.111357345885779391e-01
1.595141693139391137e+00
2.844804462037806569e-01
0.000000000000000000e+00
2.055024548666247064e+00
1.628050022430394428e+00
2.481054062006916361e+00
1.931318015463469928e+00
1.813358643535006864e+00
2.249545051487176206e+00
1.972890451617128171e+00
6.144761605233691748e-01
2.164017180962849896e+00
2.514939013021100789e-01
2.578527639665795679e+00
1.567867008691883557e+00
1.491280852180609795e+00
1.531002784351722878e+00
9.949850748556888780e-01
2.108355726832936039e+00
2.230264577333422427e+00
1.041236246433863810e+00
2.618409194023052944e+00
1.206518097462301098e+00
1.361369484598574875e+00
2.087946655142803642e+00
2.323477731940574387e+00
4.949579335953961379e-01
2.293753749372672068e+00
2.065964268131313730e+00
2.704014953238404573e+00
2.449268876775924753e+00
2.491096756454605377e+00
2.456174949141371133e+00
2.565962678837831579e+00
7.630976000342374332e-01
1.903807806579945305e+00
2.056219859993082544e+00
1.699077935241188220e+00
1.731378029555331821e+00
3.217022673618250561e-01
1.543309873451699010e+00
2.548043346483748639e+00
5.001337005664294733e-01
4.489835400294174828e-01
1.774485542463442700e+00
2.355078534771963383e+00
8.849719638678420486e-01
2.161058479051347625e+00
2.149729057999716808e+00
1.473435920037473146e+00
2.003782852760020550e+00
1.820730644089540551e+00
2.146219022601234983e+00
2.330670960873520325e+00
1.367203376287648320e+00
2.600753926145057626e+00
2.707218948109610945e+00
2.208230813340489540e+00
1.831923672109685430e+00
1.517383372831927257e+00
2.004594490558078590e+00
1.647795330121232249e+00
3.258967234986815953e-01
0.000000000000000000e+00
0.000000000000000000e+00
1.391839311692254277e+00
1.338949291708537048e+00
