# Ensemble B, m = 50.0, c_n/c_p = 0.883870967742, f = -0.973913043478
# lambda = [  4.61161996e-09  -3.96974455e-09   0.00000000e+00   9.24949655e-10]
#  
1.782416924781209389e+00
7.447142218865093755e-01
0.000000000000000000e+00
6.939701011699901390e-01
1.306309950716647794e+00
7.619122342317107277e-01
7.301605728548981045e-01
3.031922374229865103e-01
2.022670193613198553e+00
8.394705698187683307e-01
0.000000000000000000e+00
0.000000000000000000e+00
0.000000000000000000e+00
3.514626624846332037e-01
0.000000000000000000e+00
1.659692045039981245e+00
0.000000000000000000e+00
3.792394062276462918e-01
1.602863572616766985e-01
6.803937956973504786e-02
1.047805838905433218e+00
2.607732524916304140e-01
1.299791026633350999e+00
0.000000000000000000e+00
1.638260272420448138e-01
2.117374275267073891e+00
1.196655805189795529e+00
5.370527578378199163e-01
1.319872815183780634e+00
1.270693380442121212e+00
6.613618911028831260e-01
2.037392444147436699e+00
3.108303565960286452e-01
1.999569407104737628e+00
4.955709427864310457e-01
0.000000000000000000e+00
2.192161186632293202e+00
4.479898736759405087e-01
1.672294617827185137e+00
1.020660259599259073e-01
8.938107312060484810e-01
2.024559745628050411e+00
1.603798903718763658e+00
6.487064249944012040e-02
0.000000000000000000e+00
3.467657426051946601e-01
3.824061093261989508e-01
1.072643852896113525e+00
0.000000000000000000e+00
1.232827938091155762e+00
0.000000000000000000e+00
0.000000000000000000e+00
2.745085604566918080e-01
2.319154433449241992e+00
7.574905701864506069e-01
6.462426498110009250e-03
0.000000000000000000e+00
2.768833099574556034e+00
1.174180204413159956e+00
0.000000000000000000e+00
3.632697189219267209e-01
1.778682539935712847e-01
1.459103178463931672e+00
1.847995842941035693e+00
1.353831216681744110e+00
0.000000000000000000e+00
1.800564530339601621e+00
4.144090925040943008e-01
9.580620477586608841e-01
1.484030424655402136e+00
0.000000000000000000e+00
2.435129859493094351e+00
0.000000000000000000e+00
0.000000000000000000e+00
0.000000000000000000e+00
1.212832011041936386e+00
1.129631065476462304e+00
9.126331012743013060e-01
6.453633254461917101e-03
0.000000000000000000e+00
4.073757960494124308e-01
8.419852655845673148e-03
1.323266848614992552e+00
1.157552255265872493e-01
0.000000000000000000e+00
8.178846389779567128e-01
9.938091170877222380e-01
9.729455208280055611e-01
1.291251205579641292e-01
1.073774749739273338e+00
0.000000000000000000e+00
0.000000000000000000e+00
1.727959128479232276e-01
1.145823140050608452e-01
2.705126487846376548e-01
0.000000000000000000e+00
1.766764033092715902e+00
1.060521723323692767e+00
6.373893099813006113e-01
8.573085262866300127e-01
