# Ensemble B, m = 50.0, c_n/c_p = 0.987096774194, f = -0.977826086957
# lambda = [  3.52534740e-09  -3.40269695e-09   0.00000000e+00   7.28747156e-10]
#  
1.579874415547213751e+00
0.000000000000000000e+00
9.210613485704927106e-01
0.000000000000000000e+00
1.226255870898160412e-02
0.000000000000000000e+00
7.703097865799105604e-01
0.000000000000000000e+00
6.467543822016297295e-01
1.683687317548637097e+00
0.000000000000000000e+00
1.982793323164456334e+00
0.000000000000000000e+00
2.044203229065959970e+00
0.000000000000000000e+00
0.000000000000000000e+00
1.056361600659353264e-02
3.043017169862088367e-01
0.000000000000000000e+00
0.000000000000000000e+00
5.109233626461463507e-01
4.453376103914781226e-01
1.477415126438563542e+00
2.247855006869925454e+00
0.000000000000000000e+00
2.105394215501821265e-01
9.253281696144672885e-01
1.027655399017513016e+00
2.432587510367337558e+00
0.000000000000000000e+00
1.175066187854201694e+00
1.301526322139084257e+00
0.000000000000000000e+00
0.000000000000000000e+00
0.000000000000000000e+00
0.000000000000000000e+00
9.360126613981854804e-03
2.645777567601406588e+00
2.171403117819743211e-01
0.000000000000000000e+00
0.000000000000000000e+00
0.000000000000000000e+00
0.000000000000000000e+00
1.513858490686336988e-01
0.000000000000000000e+00
2.547160982791947692e+00
2.223048388679131626e-01
0.000000000000000000e+00
2.223846204382659231e+00
1.816523582966727890e+00
0.000000000000000000e+00
3.072042691203827336e-01
0.000000000000000000e+00
0.000000000000000000e+00
1.992893048767579334e+00
2.111000223675718601e+00
0.000000000000000000e+00
0.000000000000000000e+00
0.000000000000000000e+00
8.568550726992644195e-01
5.859330606788930133e-03
0.000000000000000000e+00
0.000000000000000000e+00
6.703951433003756399e-01
4.095744499725050281e-01
1.281089106389104115e+00
1.482103778314807774e-01
0.000000000000000000e+00
3.428856207256353317e-02
0.000000000000000000e+00
0.000000000000000000e+00
2.719839446218067502e-01
9.264640609432320817e-01
8.738122350482492307e-01
0.000000000000000000e+00
5.576220427064687568e-01
1.177826885840620452e+00
6.797101445599095237e-01
0.000000000000000000e+00
2.163925377303703712e+00
7.445654754097259520e-01
8.488553895894658530e-02
1.395553720797827690e+00
0.000000000000000000e+00
1.360183320746325641e+00
6.723053665046511140e-01
6.632742548964458591e-03
0.000000000000000000e+00
6.978834528914164004e-01
0.000000000000000000e+00
0.000000000000000000e+00
3.856977960746779677e-01
3.685152321432567102e-01
2.667051125494571684e-01
5.076634923168326513e-02
3.528671689771765707e-01
7.675760929486136197e-01
0.000000000000000000e+00
4.464401910339680368e-01
2.063556248925569214e+00
