# Ensemble B, m = 50.0, c_n/c_p = 0.677419354839, f = -0.992173913043
# lambda = [  1.32079396e-08  -8.87729150e-09   0.00000000e+00   1.11719411e-09]
#  
1.563696221653946727e+00
0.000000000000000000e+00
0.000000000000000000e+00
3.157425708984964441e-01
1.458549435716434139e+00
1.802077575375435448e+00
1.481005894382761076e-02
1.074272854161128832e+00
0.000000000000000000e+00
0.000000000000000000e+00
3.767666289357585879e-02
1.953989955198749184e+00
9.729631563297706787e-02
1.109605706361637356e+00
1.049410643413841715e+00
2.903192876220699326e-01
6.527266130109925513e-01
0.000000000000000000e+00
6.757347191884678361e-01
2.490024019024497104e+00
9.425458228839771468e-01
8.329308020713240834e-01
2.259160863759782867e+00
2.050774329440256061e+00
4.352927812884176961e-01
0.000000000000000000e+00
8.216913654001939404e-01
8.544640799310310175e-01
3.146758123081402347e-01
2.876986836590694208e-01
3.589362115209055598e-02
6.945134440695973632e-01
2.312071247088822279e+00
2.598435792771087272e+00
8.796829307463858161e-01
1.127292142108521134e+00
1.490785033158061879e+00
2.276629227984629800e-01
3.141152844994474225e-01
0.000000000000000000e+00
2.358677337374643912e+00
7.237891525657932368e-01
0.000000000000000000e+00
9.154667892139425334e-01
1.585316609539862087e+00
1.867443166946389121e+00
0.000000000000000000e+00
0.000000000000000000e+00
1.662990899465876637e+00
0.000000000000000000e+00
4.141887580665916668e-01
0.000000000000000000e+00
0.000000000000000000e+00
1.555799446672393005e+00
2.932561596973086160e-01
0.000000000000000000e+00
0.000000000000000000e+00
1.441040485036954921e+00
1.056294237394241664e+00
8.320744934495735157e-01
2.753560247165367958e+00
8.574071932973322818e-01
6.143930247441007353e-01
2.677156501360545282e-01
6.776894859285569339e-01
3.881844708744673356e-01
0.000000000000000000e+00
8.743962814698437169e-01
5.376899461951177850e-01
1.101526953244754470e+00
1.739504304095821130e+00
0.000000000000000000e+00
0.000000000000000000e+00
7.851606442363510130e-01
6.710205353269230732e-01
1.179331750282154534e+00
6.495284232011105940e-01
0.000000000000000000e+00
8.133768764919407923e-01
0.000000000000000000e+00
4.457602763318857519e-01
1.211346538144931539e+00
2.631316641344989549e-01
2.240471810227200766e+00
6.958092513321981198e-03
1.830826335053183040e+00
0.000000000000000000e+00
2.129655625352126602e+00
1.798350934690940317e+00
2.117452380649567978e+00
8.317704024818993735e-01
3.617097720343079303e-01
7.051099493852104327e-01
8.826864299190955165e-01
0.000000000000000000e+00
1.577122782386537692e+00
1.192316747183205017e+00
1.795918528516299073e+00
4.641551527225381557e-01
8.757193482538183638e-01
