# Ensemble B, m = 50.0, c_n/c_p = 0.896774193548, f = -0.998695652174
# lambda = [  5.92005598e-09  -5.30202871e-09   0.00000000e+00   2.71068442e-10]
#  
0.000000000000000000e+00
2.059128700027259423e-02
8.125658573582809074e-01
4.916614429181592749e-01
0.000000000000000000e+00
2.602042530389305774e-01
1.669999206602249098e+00
1.142905608053069288e+00
4.090004904352766424e-01
0.000000000000000000e+00
3.272317399259231374e-01
0.000000000000000000e+00
7.559355236832655534e-01
1.968138907105743574e+00
0.000000000000000000e+00
0.000000000000000000e+00
8.712852233695330684e-01
0.000000000000000000e+00
1.479644161663649093e+00
0.000000000000000000e+00
1.557564360703172224e-01
6.875822188974017868e-01
3.229427333422076885e-01
0.000000000000000000e+00
0.000000000000000000e+00
1.316443506606793878e+00
3.120806343964481755e-01
0.000000000000000000e+00
1.192616142873811569e+00
0.000000000000000000e+00
1.141362506637109586e+00
0.000000000000000000e+00
0.000000000000000000e+00
9.811903776057600418e-03
0.000000000000000000e+00
1.040695754156305275e-01
5.268475130234981929e-01
9.797607794854431562e-01
8.480924224932824274e-01
0.000000000000000000e+00
0.000000000000000000e+00
0.000000000000000000e+00
0.000000000000000000e+00
5.172678720033770938e-01
5.049107866736182171e-01
6.586456015200315983e-01
1.413285027502947377e-01
2.429554681134142025e-01
2.043506577633419641e-01
1.230859083105204643e+00
1.864822034186619515e-01
0.000000000000000000e+00
0.000000000000000000e+00
0.000000000000000000e+00
0.000000000000000000e+00
2.303926870595788545e-01
1.965028165921649972e+00
0.000000000000000000e+00
1.233958439126901230e-01
0.000000000000000000e+00
0.000000000000000000e+00
0.000000000000000000e+00
3.303466108298338533e-01
0.000000000000000000e+00
1.113632957395701339e+00
4.250086345832538443e-02
1.291517838326774692e+00
1.179770766833245776e+00
2.080917325968265341e-01
0.000000000000000000e+00
0.000000000000000000e+00
2.597155540933312468e-01
1.974271961948257603e+00
0.000000000000000000e+00
9.010325347533422180e-01
3.892326430687448879e-01
1.195129424251383909e+00
0.000000000000000000e+00
0.000000000000000000e+00
1.338852652840976765e+00
9.207567883292293587e-01
4.373690475071154715e-01
0.000000000000000000e+00
1.755650058734399499e+00
1.483532782366727920e+00
2.534377009734781971e+00
1.676512788724368874e-01
1.705657326970905496e-01
9.237028840548457964e-01
0.000000000000000000e+00
1.153486991623491997e+00
0.000000000000000000e+00
0.000000000000000000e+00
0.000000000000000000e+00
1.571178750137968150e-01
0.000000000000000000e+00
1.475150115967455502e-02
0.000000000000000000e+00
1.830846343368589757e+00
2.131539378076452884e+00
