# Ensemble B, m = 50.0, lambda = [  5.82013795e-09  -4.65550018e-09   0.00000000e+00   1.03313732e-09]
7.297476185623386069e-01
7.561445782956273398e-02
1.768549488376243595e+00
0.000000000000000000e+00
7.043656715987359762e-01
3.925601070230695655e-02
2.088003544469567263e+00
1.280440069711930766e-03
0.000000000000000000e+00
0.000000000000000000e+00
1.014001560386907697e+00
0.000000000000000000e+00
8.080665087984774120e-01
1.108229168584819319e-01
1.110032226216692841e+00
2.241638932427742148e+00
1.776859667246376562e+00
1.358393881719594853e+00
0.000000000000000000e+00
5.179580930192055621e-02
0.000000000000000000e+00
0.000000000000000000e+00
7.791315236330161875e-01
5.663843107384853859e-01
4.528003556462870116e-01
1.832714981059994530e+00
4.143733588638462764e-03
9.317656742949594062e-02
2.266228707433248779e+00
8.572734446053557056e-01
1.997590938275570105e+00
5.315519881243236933e-01
1.070863758719361236e+00
6.348287360271785973e-01
1.462153334953377737e+00
1.494643445938823589e+00
3.647218298802254455e-01
0.000000000000000000e+00
0.000000000000000000e+00
3.007954951160791285e-02
0.000000000000000000e+00
0.000000000000000000e+00
1.070948412794105131e+00
2.146030251392215149e+00
1.087155445529841336e+00
1.103909020758819359e+00
1.245951448531387395e+00
6.277820475158872870e-01
0.000000000000000000e+00
0.000000000000000000e+00
0.000000000000000000e+00
7.113765864545398276e-01
0.000000000000000000e+00
0.000000000000000000e+00
3.746019045441923989e-01
1.022065415691629786e+00
3.815613254722372005e-01
1.651111183158244344e+00
1.627755197465210746e-01
1.108790081109796821e+00
1.038394747170875654e+00
3.140981474354218594e-01
1.685371016678726130e+00
1.269684926362007804e+00
1.165328610423080474e-01
1.875244149572415919e+00
2.793128697652611070e+00
1.266575721486975725e+00
2.211572645217604882e-01
8.564286212480414218e-01
0.000000000000000000e+00
1.113651564247318593e+00
7.715071480310283780e-01
0.000000000000000000e+00
2.440381454605045963e+00
5.051432280402367025e-01
0.000000000000000000e+00
0.000000000000000000e+00
2.560797323539701909e-01
0.000000000000000000e+00
4.942025271735587255e-01
0.000000000000000000e+00
7.671170404920623076e-01
1.564677594489705781e+00
1.234018739907390305e+00
1.385545642018073398e+00
3.919480351260784534e-01
1.899910478301696237e+00
2.678159666292224683e-01
1.269521393070256465e+00
1.125464889846311323e+00
6.441499030061003106e-01
1.103259491751720667e+00
1.377011368029929628e+00
2.751266913634803912e-01
0.000000000000000000e+00
6.872543281868421783e-01
1.071363926684860468e+00
6.096264122278227671e-01
0.000000000000000000e+00
