# Ensemble B, m = 50.0, c_n/c_p = 0.690322580645, f = -0.997391304348
# lambda = [  2.29733832e-08  -1.58176738e-08   0.00000000e+00   1.14477549e-09]
#  
9.448092868136966915e-01
7.150454015988576550e-01
2.587190685697589920e+00
2.603417301833212072e+00
1.107653958033703478e+00
1.754606796585580497e+00
0.000000000000000000e+00
1.191814362083028378e+00
1.171306548628938682e+00
1.167150571600263032e+00
0.000000000000000000e+00
9.334133203484085151e-01
2.625967232175931976e+00
7.217303076208348989e-01
0.000000000000000000e+00
3.223285271610926705e-01
1.425712007460338215e+00
0.000000000000000000e+00
1.859416210203326703e+00
0.000000000000000000e+00
0.000000000000000000e+00
1.907620825243613538e+00
0.000000000000000000e+00
1.900844164485707477e+00
2.692638360899680006e+00
2.730534988993711387e+00
1.528280940239957753e+00
1.765222259989740250e+00
6.095682569259893713e-01
1.884241651300381015e+00
0.000000000000000000e+00
9.952262271122559456e-01
2.316966896662387310e+00
2.151505196995910030e+00
0.000000000000000000e+00
2.636793974541778773e+00
9.131482996305329003e-01
9.188431877741283227e-01
8.692505809795302296e-01
2.188036040363687817e+00
8.291236188913773120e-01
0.000000000000000000e+00
0.000000000000000000e+00
2.648159326489460064e+00
1.504065168486808268e+00
1.310956107702082818e+00
9.315180498248523122e-01
4.321616458916510695e-01
7.331359774274983643e-01
1.247244496986813056e+00
6.755851888267340177e-01
1.760942444577811239e+00
3.926787048321193629e-01
5.869535408070870597e-01
7.002712552358980602e-01
1.273370798627280198e+00
1.764398196481225867e+00
9.535655513462805155e-01
8.531141444489916958e-01
1.239776715645419580e+00
0.000000000000000000e+00
2.310162368415989764e+00
1.408269885652141395e+00
1.775500909838962693e+00
1.031630121316609916e+00
1.148656485111847481e+00
5.880407778336979030e-01
1.056883496378506315e+00
1.560228437300299031e+00
1.020228753310480130e+00
1.273305358251241692e+00
4.801493005920965951e-01
0.000000000000000000e+00
1.580090434232163665e-01
1.165747979030761883e+00
2.330767024479997396e+00
8.576415485449222498e-01
9.122945823365758988e-01
7.182126961871579951e-01
6.081447368943933007e-01
4.158645919448252792e-01
6.371488695347539422e-02
1.080590657708603963e+00
9.222092205974282697e-01
0.000000000000000000e+00
1.065783890017108826e+00
2.210745077809168180e+00
6.322375297497407898e-01
2.346889638467565931e+00
1.891685403975557067e+00
2.331252487858892497e-01
1.539086042529481002e+00
1.126749678947022604e+00
0.000000000000000000e+00
5.933001586618038559e-01
1.270701161749654862e+00
7.469549851772451232e-01
0.000000000000000000e+00
0.000000000000000000e+00
1.019097957363537116e-01
