# Ensemble B, m = 50.0, c_n/c_p = 0.793548387097, f = -0.971304347826
# lambda = [  5.87614661e-09  -4.52919865e-09   0.00000000e+00   1.10904949e-09]
#  
1.194632840356000258e+00
1.793921520472565811e+00
1.064784789984197344e+00
6.274716740109521906e-02
2.173836868754194018e+00
1.559207840040388593e+00
0.000000000000000000e+00
1.953024345592714983e+00
3.915684722374089544e-02
0.000000000000000000e+00
0.000000000000000000e+00
0.000000000000000000e+00
0.000000000000000000e+00
2.575794183274462967e-01
9.662188630944446022e-01
1.196055470449917557e+00
0.000000000000000000e+00
0.000000000000000000e+00
1.349297276364291642e+00
2.469754437645615697e-01
4.659542561227349999e-01
7.238168020359215804e-01
0.000000000000000000e+00
1.004001040158724267e+00
0.000000000000000000e+00
3.119322675239986076e-01
1.588991909346973985e+00
8.841139313501410468e-01
1.726529577978837882e+00
2.375131261345033717e-01
2.227775768617086816e-01
0.000000000000000000e+00
0.000000000000000000e+00
2.833940142849217914e+00
3.192568542855651198e-02
1.261891621746509928e+00
1.132046416234003594e+00
0.000000000000000000e+00
0.000000000000000000e+00
9.023764186362147610e-01
0.000000000000000000e+00
0.000000000000000000e+00
0.000000000000000000e+00
3.966932789853257479e-01
3.650759889708162231e-01
0.000000000000000000e+00
1.937235602985493133e-01
1.226105265852012849e+00
1.744961490587303987e-01
0.000000000000000000e+00
1.084887591357872605e-01
5.672438506472960995e-01
0.000000000000000000e+00
2.149906379358339226e-02
2.945125826951524584e+00
1.331457290403879057e-01
0.000000000000000000e+00
4.015015878787290826e-01
0.000000000000000000e+00
0.000000000000000000e+00
2.143149525544132850e+00
2.566573873732516109e-01
0.000000000000000000e+00
4.745871970928206007e-01
9.031466570067980815e-03
1.342259166145404636e+00
1.084952938450732957e-01
1.013190560096106863e+00
1.895283295278240132e+00
1.357369127596521174e+00
0.000000000000000000e+00
2.726248443399120758e-02
0.000000000000000000e+00
1.358716580192308454e+00
0.000000000000000000e+00
1.017911869699311023e+00
1.613128827264484130e-02
3.871508166962739916e-01
1.858302396792685052e+00
0.000000000000000000e+00
0.000000000000000000e+00
1.245570927391109972e+00
1.918966221663244820e+00
1.575936385023592790e+00
0.000000000000000000e+00
5.499178298308563528e-01
0.000000000000000000e+00
1.591038136079063969e+00
1.831454631396003396e+00
0.000000000000000000e+00
3.863634169500687054e-01
3.234534111234479981e-01
2.171433976466786042e+00
3.026933543712466770e-02
0.000000000000000000e+00
5.076871616828625422e-01
2.347632257238209119e-01
0.000000000000000000e+00
0.000000000000000000e+00
8.737643409211567347e-01
