# Ensemble B, m = 50.0, c_n/c_p = 0.754838709677, f = -0.97
# lambda = [  6.35081856e-09  -4.65002837e-09   0.00000000e+00   1.16540696e-09]
#  
0.000000000000000000e+00
1.470916007533889402e+00
0.000000000000000000e+00
0.000000000000000000e+00
3.778456621011021949e-02
3.044737561307768459e-02
1.756107752272962619e-01
2.098078927108817826e+00
0.000000000000000000e+00
1.435479545157241299e+00
8.989694565042115337e-02
0.000000000000000000e+00
1.260093786062781440e+00
2.394967030891309856e-01
1.761636335209623427e-01
5.033749084855561051e-01
3.387876851167408165e-02
1.200942796867452908e-02
1.646620726663086676e-01
4.255532852398096755e-01
4.029466428054842564e-02
3.590525921764101038e-03
6.360607580729808752e-02
0.000000000000000000e+00
1.684434863846149932e+00
0.000000000000000000e+00
1.674736421667153863e+00
0.000000000000000000e+00
8.647798647003061001e-01
6.336512905840141485e-02
2.863129100403191685e-01
3.216467180892267352e-01
4.015557569896538448e-02
0.000000000000000000e+00
4.781327286402702742e-02
0.000000000000000000e+00
1.267603990485682175e+00
0.000000000000000000e+00
1.080713578047064333e-01
1.221855707206748631e+00
0.000000000000000000e+00
6.670314823872203203e-01
9.591399270228110341e-01
1.681869953122025196e-01
2.977104590511395199e-02
3.107409879439060885e-01
0.000000000000000000e+00
0.000000000000000000e+00
0.000000000000000000e+00
3.699794612666381516e-02
3.639058978586144355e-01
9.488067855015340502e-02
3.036512661009505010e-01
5.297565156843622169e-01
1.059834815045214595e+00
0.000000000000000000e+00
0.000000000000000000e+00
4.568722389839352527e-02
2.198930287349248058e-01
1.962563854812610920e-01
1.904526916694263827e-01
4.930987424011511189e-02
7.999352453692890608e-01
0.000000000000000000e+00
8.248215003209923291e-01
7.390637730889036694e-02
7.294746876616230169e-02
2.283688311074089761e+00
9.072417540505038624e-02
0.000000000000000000e+00
0.000000000000000000e+00
0.000000000000000000e+00
2.613238260169438720e-01
1.259623892544992074e-01
9.252478991099888361e-02
2.720891984831903088e+00
6.816350066840344557e-03
0.000000000000000000e+00
0.000000000000000000e+00
1.063707090524473042e-01
0.000000000000000000e+00
1.755602303095135305e-02
0.000000000000000000e+00
1.895659886781349890e+00
0.000000000000000000e+00
2.773269462673597086e-01
2.171225957664616249e-02
9.320324437240146143e-02
9.341689154984418597e-02
7.121333908136970314e-02
2.460935820218729253e-01
1.206517828015984256e-02
2.112511883103130109e-02
0.000000000000000000e+00
2.062000803308264296e-02
0.000000000000000000e+00
0.000000000000000000e+00
0.000000000000000000e+00
1.409752580774460695e-01
2.661222731696278321e-01
