# Ensemble B, m = 50.0, lambda = [  3.68419946e-09  -3.13398040e-09   0.00000000e+00   1.04589150e-09]
2.307738022548468937e+00
7.345422456917354292e-01
1.188130368599618486e-01
1.126610271340135139e+00
0.000000000000000000e+00
2.061796866021439311e-03
0.000000000000000000e+00
0.000000000000000000e+00
1.781901454329461121e+00
0.000000000000000000e+00
6.901780184407168006e-01
7.863037960422304407e-01
0.000000000000000000e+00
0.000000000000000000e+00
1.733599149505470234e-03
6.818346690275922661e-01
1.839527636623229823e+00
6.937160453457549836e-02
2.117669358398173163e+00
8.232095232333506152e-01
8.446669603677521287e-01
0.000000000000000000e+00
1.177724371679710114e+00
0.000000000000000000e+00
3.911469254350347091e-01
2.023628535605242196e-01
0.000000000000000000e+00
7.532689252808520697e-02
0.000000000000000000e+00
0.000000000000000000e+00
2.812221163427950921e-01
5.015553234738205912e-01
0.000000000000000000e+00
0.000000000000000000e+00
1.313572530529762972e+00
9.552606556753970857e-01
1.328715107513305682e+00
0.000000000000000000e+00
0.000000000000000000e+00
0.000000000000000000e+00
2.549394570725409537e+00
0.000000000000000000e+00
0.000000000000000000e+00
9.720671977214244697e-01
0.000000000000000000e+00
0.000000000000000000e+00
2.784954493404216413e-01
0.000000000000000000e+00
3.325834682832866807e-03
0.000000000000000000e+00
1.813207562149103669e-01
0.000000000000000000e+00
0.000000000000000000e+00
8.252582265438513920e-01
0.000000000000000000e+00
3.599726406744381269e-01
1.554458044310180476e-01
1.814840827525565192e+00
0.000000000000000000e+00
8.650566489178132187e-03
1.337100939090769547e+00
5.210542042255166262e-01
0.000000000000000000e+00
2.176685065876889646e-01
8.116694594085367420e-01
0.000000000000000000e+00
8.695513370984516710e-01
0.000000000000000000e+00
1.067752019811688990e+00
1.196297540625365308e+00
0.000000000000000000e+00
9.047399296407611091e-01
0.000000000000000000e+00
0.000000000000000000e+00
2.650824376147673522e+00
6.625938741293085910e-01
6.917327220700081325e-01
0.000000000000000000e+00
0.000000000000000000e+00
0.000000000000000000e+00
6.535746865690248916e-03
0.000000000000000000e+00
1.654124231001212086e+00
8.170709457789020191e-02
1.492596619534166669e+00
0.000000000000000000e+00
2.527477625209014200e-01
6.774903740615414449e-01
0.000000000000000000e+00
7.535676087205279705e-01
7.929458526908012006e-01
0.000000000000000000e+00
0.000000000000000000e+00
0.000000000000000000e+00
4.439165842456013200e-01
2.041909354056730963e-01
4.074676709757309445e-01
0.000000000000000000e+00
0.000000000000000000e+00
0.000000000000000000e+00
