# Ensemble B, m = 50.0, c_n/c_p = 0.78064516129, f = -0.996086956522
# lambda = [  1.14893786e-08  -8.93403123e-09   0.00000000e+00   7.92678864e-10]
#  
2.217310519472800667e+00
9.029614136215307063e-01
2.346822397387930081e+00
2.431194474411550122e+00
3.097657220126150079e+00
2.257174744933377053e-01
2.417765778204077343e+00
1.757582457751258431e+00
1.165129366018456514e+00
2.429165608001174537e+00
2.336279466163855290e+00
3.101836249642819343e+00
2.105630015662674825e+00
2.386172200716623948e+00
2.101026789772578951e+00
3.274982492369474141e+00
2.588511799620420550e+00
8.707354704718115457e-01
2.304358608062934410e-01
1.393162931293650875e+00
1.699278958225900471e+00
3.255866093539575790e+00
2.718184843030712727e+00
1.301930561981694268e-01
5.258551753524766115e-01
1.501401463554159710e+00
2.236195814722574227e+00
1.941095611078869521e+00
2.046361258672399153e+00
1.690022807503314128e+00
3.615151558656400921e-01
2.658998607227062827e+00
3.215036377313313043e+00
1.312908834541261172e+00
2.697488742958839669e+00
1.041712028900777298e+00
6.174019221687265802e-01
4.208854178671376234e-01
2.140636418106677041e+00
1.956839366214773168e+00
1.074393332007984814e+00
9.856714455151994736e-01
1.505088049937121752e+00
1.439733713727353592e+00
3.232897186937222500e+00
3.847116317092048599e-01
3.015890571031446754e+00
2.100311484550656971e+00
1.479074682639507587e+00
3.977909627167839357e-01
7.270562964575707499e-01
1.938183256638170926e+00
1.855869829143847127e+00
3.358360585371330753e+00
1.289562313729552212e+00
4.106632914188546035e-02
0.000000000000000000e+00
2.233345549556183585e+00
1.526594095463939871e+00
1.490759849184417840e+00
1.673382426862431327e+00
2.186270487522882000e+00
2.507976794898460149e+00
1.438034934183343605e+00
7.169582831034401194e-01
1.462335434812764401e+00
1.588078736701225235e+00
1.574129052298911979e+00
6.277255838185058501e-01
9.948382266326999401e-01
1.081154714343941059e+00
1.839017637455903298e+00
2.996638885916972583e+00
2.576103342970276433e+00
1.947719932984395053e+00
1.965649650191133802e+00
1.684683949126088098e+00
2.705538977856042582e+00
1.524683195951820558e+00
1.838130172009264207e+00
2.903769090918921214e-01
2.185566771919616791e+00
2.238686950541708409e+00
2.738245006479251398e+00
2.833633305451229933e+00
1.253709786479136223e+00
1.526991254543566656e+00
1.097544212980791967e+00
2.834896909523491049e-01
1.704921983409041664e+00
1.202821455111061422e+00
1.365470699522632669e+00
3.810853142954087613e-01
1.346373043133159975e+00
1.612324389398690938e+00
1.454522100171930399e+00
2.146553605395393749e+00
1.785512137368513441e+00
2.488303946528812816e+00
9.037027565619555336e-01
