# Ensemble B, m = 50.0, lambda = [  5.55308602e-09  -3.51615265e-09   0.00000000e+00   1.11965214e-09]
0.000000000000000000e+00
0.000000000000000000e+00
0.000000000000000000e+00
1.111363801807912638e-01
7.816151800931828153e-03
8.671398152102288703e-01
0.000000000000000000e+00
0.000000000000000000e+00
6.955475310939554512e-02
0.000000000000000000e+00
0.000000000000000000e+00
4.117878847678633769e-01
0.000000000000000000e+00
8.863060708547285671e-01
0.000000000000000000e+00
1.165811123021150530e+00
8.534331294519248434e-01
3.294032017626326581e-01
1.119205340873330179e-01
0.000000000000000000e+00
0.000000000000000000e+00
2.933999029018104499e-01
0.000000000000000000e+00
1.176488069157978877e+00
0.000000000000000000e+00
7.295006113733741859e-01
0.000000000000000000e+00
0.000000000000000000e+00
8.191338926259386088e-01
1.864026295097455765e+00
0.000000000000000000e+00
1.948745678392491021e+00
4.029772664751394284e-01
1.074667915681753794e+00
0.000000000000000000e+00
2.640026908431043484e-01
0.000000000000000000e+00
1.608540317820627896e+00
3.660562490084255383e-01
0.000000000000000000e+00
0.000000000000000000e+00
8.118423748742359392e-01
3.783983253161725679e-01
1.040887694072875486e-01
0.000000000000000000e+00
1.241118282252651861e+00
1.085212250379874038e-01
0.000000000000000000e+00
0.000000000000000000e+00
1.082901558812303433e+00
1.834825655966160873e+00
1.117583981978712337e+00
1.187560908215006070e-03
0.000000000000000000e+00
4.931888857843583773e-01
0.000000000000000000e+00
1.623705943402902196e+00
0.000000000000000000e+00
0.000000000000000000e+00
1.282157907907518490e+00
0.000000000000000000e+00
0.000000000000000000e+00
0.000000000000000000e+00
2.046023983895516096e+00
0.000000000000000000e+00
8.671398152102288703e-01
6.097280638383451024e-01
1.337638746589512095e+00
0.000000000000000000e+00
0.000000000000000000e+00
0.000000000000000000e+00
1.668115949838651968e+00
9.772151381567449890e-01
0.000000000000000000e+00
1.361536097421681912e+00
0.000000000000000000e+00
0.000000000000000000e+00
0.000000000000000000e+00
7.134134421808592252e-01
4.750575606177677435e-02
1.662838606868248803e+00
0.000000000000000000e+00
0.000000000000000000e+00
1.072401216462044726e-02
0.000000000000000000e+00
0.000000000000000000e+00
0.000000000000000000e+00
0.000000000000000000e+00
1.845891896944120925e+00
2.301661228771605117e-01
1.107076801130397747e+00
0.000000000000000000e+00
0.000000000000000000e+00
0.000000000000000000e+00
1.329078394854275480e+00
0.000000000000000000e+00
8.568918822582712869e-01
3.811549666228095101e-01
1.414598678613666838e+00
1.078959216529304488e+00
