# Ensemble B, m = 50.0, lambda = [  9.18864981e-09  -6.47332969e-09   0.00000000e+00   1.18144398e-09]
0.000000000000000000e+00
1.738889836869688565e+00
8.806317282991286133e-01
5.166951084918693926e-01
1.072213555212693237e+00
2.058418821746090366e+00
0.000000000000000000e+00
1.108589083294934108e+00
1.941126416542922339e-02
3.970774213800106200e-01
2.426365856360936046e+00
2.235239936280304818e+00
2.015233760611906400e-01
0.000000000000000000e+00
7.297207756865196071e-01
8.577693132349735183e-01
5.244818147253371698e-01
1.658220960799959620e+00
3.845590224175261529e-01
0.000000000000000000e+00
7.125698154784304572e-01
7.051460618307360262e-01
1.032134825972357506e+00
0.000000000000000000e+00
8.235661246958203563e-01
1.572729127271379701e+00
0.000000000000000000e+00
1.299829558370174221e+00
0.000000000000000000e+00
8.091059846055542737e-01
1.930580334420625599e+00
2.403651190318694952e-01
9.911183244863238651e-01
1.666300072461253945e-01
1.429723379958619534e+00
4.941052892614699044e-01
1.010046976042430655e+00
1.695206465238157545e+00
0.000000000000000000e+00
4.262974418711234503e-01
0.000000000000000000e+00
4.856961985617043176e-01
1.179685488709513841e+00
0.000000000000000000e+00
1.173559827389506260e+00
0.000000000000000000e+00
0.000000000000000000e+00
0.000000000000000000e+00
8.394135669257698495e-01
3.888911131188930170e-01
0.000000000000000000e+00
3.821885866849221158e-01
1.131596417418724965e+00
9.590330507039491748e-01
9.901549264101603409e-01
0.000000000000000000e+00
1.142608832614977032e+00
1.535273054529657344e+00
0.000000000000000000e+00
0.000000000000000000e+00
9.808094678692640400e-01
0.000000000000000000e+00
4.223466478828386550e-01
7.534737417682185398e-03
6.506958210838372780e-01
0.000000000000000000e+00
7.431726936972298247e-01
2.016196063141864059e-01
2.212591635756772313e+00
1.865602189340341277e-01
1.979086748569713006e+00
1.754997170366849879e+00
0.000000000000000000e+00
1.456458881708600384e+00
2.995227104827817913e-02
7.673782593809502783e-02
1.826689923092137402e+00
0.000000000000000000e+00
2.021746045844841522e+00
1.694705425211505467e+00
1.043912554526433389e+00
1.152014438929648943e+00
0.000000000000000000e+00
2.288262419137049530e+00
1.645754104403866075e-02
6.110703353212250111e-01
0.000000000000000000e+00
1.806497419354013631e-02
8.883500894265615733e-01
1.919864450559145341e+00
1.180452221333366136e+00
1.533155816628110069e+00
0.000000000000000000e+00
2.701604708230357921e-01
7.142911311421980269e-03
1.066210848474853590e+00
1.522832268107329856e+00
1.902653425316902513e-01
4.519494047636990475e-02
9.035656887948193550e-01
