# Ensemble B, m = 50.0, c_n/c_p = 0.974193548387, f = -0.975217391304
# lambda = [  3.59057052e-09  -3.41122328e-09   0.00000000e+00   7.73908595e-10]
#  
0.000000000000000000e+00
1.357783363690618916e+00
0.000000000000000000e+00
0.000000000000000000e+00
7.833548085012511653e-01
0.000000000000000000e+00
0.000000000000000000e+00
0.000000000000000000e+00
6.669121001126738779e-01
0.000000000000000000e+00
0.000000000000000000e+00
0.000000000000000000e+00
0.000000000000000000e+00
5.553259633279127305e-01
0.000000000000000000e+00
0.000000000000000000e+00
4.408493901170421059e-01
9.549362246913518648e-01
0.000000000000000000e+00
2.194453435300592226e+00
0.000000000000000000e+00
1.238965628592748613e+00
3.090668402904570011e-01
1.105459526613341570e+00
0.000000000000000000e+00
0.000000000000000000e+00
0.000000000000000000e+00
1.284016898568580978e-01
0.000000000000000000e+00
6.395451834110097433e-01
5.346129606856414584e-01
9.978798256807933087e-02
0.000000000000000000e+00
0.000000000000000000e+00
5.021790937647997444e-01
3.660896668060905079e-01
0.000000000000000000e+00
0.000000000000000000e+00
1.408208290689376696e+00
0.000000000000000000e+00
0.000000000000000000e+00
4.668657324581115264e-01
0.000000000000000000e+00
5.597718685128563187e-01
1.551489658227557689e+00
0.000000000000000000e+00
1.119090635097193115e-01
0.000000000000000000e+00
4.930740444730891126e-01
3.651529386452471715e-01
0.000000000000000000e+00
0.000000000000000000e+00
0.000000000000000000e+00
0.000000000000000000e+00
1.701354053843464331e-01
1.137180471456268771e+00
0.000000000000000000e+00
0.000000000000000000e+00
2.546804559829241921e+00
0.000000000000000000e+00
2.441915374509625869e-01
0.000000000000000000e+00
3.524142734815735589e-01
0.000000000000000000e+00
1.624692453976822326e-01
0.000000000000000000e+00
2.762593266892016119e-01
0.000000000000000000e+00
0.000000000000000000e+00
4.330566605558276994e-01
0.000000000000000000e+00
0.000000000000000000e+00
1.069553667939668662e+00
0.000000000000000000e+00
1.561696611052034944e+00
1.448125932906976499e-01
9.805835112258117769e-01
0.000000000000000000e+00
4.013666775427833511e-02
3.131141607757383788e-02
1.705980822942165132e+00
0.000000000000000000e+00
2.678831740823061081e-01
3.516757702676074904e-01
6.042093696522071733e-01
0.000000000000000000e+00
0.000000000000000000e+00
0.000000000000000000e+00
6.154447174684709587e-01
0.000000000000000000e+00
1.308873815629448156e+00
0.000000000000000000e+00
1.666181389264206114e+00
0.000000000000000000e+00
1.542051458077009940e+00
1.109209622873296830e+00
5.982470860741998520e-01
0.000000000000000000e+00
1.025478691338313347e-01
6.592446612748220636e-01
