# Ensemble B, m = 50.0, c_n/c_p = 0.703225806452, f = -0.97
# lambda = [  6.86981803e-09  -4.68610232e-09   0.00000000e+00   1.17444795e-09]
#  
2.986873467442320296e-01
0.000000000000000000e+00
5.572663906457885757e-02
0.000000000000000000e+00
0.000000000000000000e+00
0.000000000000000000e+00
1.960272449688111207e+00
1.221115748312827431e+00
8.902731085729911342e-01
0.000000000000000000e+00
1.063241089491002989e-02
2.210297441486348546e+00
0.000000000000000000e+00
6.034263059480409197e-01
3.864658834370109375e-01
1.127308767222843233e+00
0.000000000000000000e+00
1.027962629471762979e+00
0.000000000000000000e+00
1.477027018908618761e+00
1.103709812242630040e-01
1.566112486960202999e+00
2.931276057872405638e-01
4.210093674118347562e-01
0.000000000000000000e+00
2.495056555937395615e+00
1.572375559200546613e+00
3.796454068430540896e-01
0.000000000000000000e+00
0.000000000000000000e+00
1.141775465040781423e+00
0.000000000000000000e+00
1.484847742486727074e-01
1.173612803037405561e+00
1.734601033956505667e+00
2.898337007185237457e+00
0.000000000000000000e+00
2.428570922512965444e-03
0.000000000000000000e+00
7.262557743160008572e-01
1.183290844007685583e-01
4.475026688602248837e-01
0.000000000000000000e+00
0.000000000000000000e+00
8.517801248750869192e-01
0.000000000000000000e+00
0.000000000000000000e+00
1.194205231748302065e+00
7.024219459646589836e-02
0.000000000000000000e+00
0.000000000000000000e+00
0.000000000000000000e+00
1.419371277781500629e+00
1.531467212992309701e+00
6.129542140584332000e-01
5.296028010285107612e-01
1.474573184470834020e-01
3.666775288644447350e+00
0.000000000000000000e+00
0.000000000000000000e+00
0.000000000000000000e+00
0.000000000000000000e+00
0.000000000000000000e+00
1.050183385730332652e+00
6.195371940590133075e-01
0.000000000000000000e+00
2.102772931353901420e+00
0.000000000000000000e+00
0.000000000000000000e+00
2.186603328273479252e-01
1.546846682261739936e+00
1.499500649902439031e+00
0.000000000000000000e+00
9.497205823229409871e-01
2.933225923284788483e-01
0.000000000000000000e+00
3.480658492330446219e-01
3.352357311578408328e-01
6.410697214402774104e-03
1.725299558222695984e-01
2.302446931452492240e+00
0.000000000000000000e+00
0.000000000000000000e+00
0.000000000000000000e+00
0.000000000000000000e+00
4.725643116694138723e-01
0.000000000000000000e+00
1.518104225005117103e+00
4.105622209108205634e-01
0.000000000000000000e+00
0.000000000000000000e+00
1.517343589489250633e+00
0.000000000000000000e+00
1.281982316621887108e+00
0.000000000000000000e+00
0.000000000000000000e+00
0.000000000000000000e+00
0.000000000000000000e+00
0.000000000000000000e+00
0.000000000000000000e+00
