# Ensemble B, m = 50.0, c_n/c_p = 0.651612903226, f = -0.998695652174
# lambda = [  1.95325858e-08  -1.27110836e-08   0.00000000e+00   6.49859480e-10]
#  
0.000000000000000000e+00
0.000000000000000000e+00
0.000000000000000000e+00
0.000000000000000000e+00
1.121605376423392419e+00
0.000000000000000000e+00
3.592322546453356469e-01
0.000000000000000000e+00
1.192134912406502822e+00
0.000000000000000000e+00
1.942552839908689710e-01
3.541374667791142294e-01
1.811930474135424962e+00
0.000000000000000000e+00
1.093155859888763404e+00
4.174207896211835078e-01
0.000000000000000000e+00
9.753627377313214275e-01
8.045155808629249339e-02
2.732455207373523653e-01
1.639977519620725577e+00
1.595283708611733742e+00
0.000000000000000000e+00
3.549120843008341519e-01
5.817864683933505754e-01
0.000000000000000000e+00
6.281720686272437293e-01
2.160518039419407621e-01
6.986072608866672473e-01
2.407455336030208226e+00
0.000000000000000000e+00
1.059361256237733917e+00
0.000000000000000000e+00
9.675637763895327259e-01
6.181986909459324941e-01
6.088843053904332558e-01
0.000000000000000000e+00
9.644871996890752586e-01
2.316711756038415393e-01
0.000000000000000000e+00
3.026534537876852671e-01
2.600195465072752121e-01
1.640696347922535825e+00
0.000000000000000000e+00
0.000000000000000000e+00
4.968271935297796649e-01
5.779239994782098266e-01
1.341447292923079737e-01
0.000000000000000000e+00
0.000000000000000000e+00
8.419452274913129530e-01
7.622796117323055176e-01
1.363042316817778765e+00
2.738114958896634143e-01
9.137256244210184564e-01
0.000000000000000000e+00
3.760124118042380004e-01
5.270560735482218151e-01
5.386890528101248021e-01
5.731985899438151177e-01
3.946268756497856023e-01
6.887902242719189383e-01
0.000000000000000000e+00
5.219519248243039700e-01
0.000000000000000000e+00
0.000000000000000000e+00
7.124889047291529387e-01
0.000000000000000000e+00
0.000000000000000000e+00
9.642494182506099465e-01
8.249898695343520494e-01
0.000000000000000000e+00
3.256196286016921349e-01
2.603540828054252465e+00
0.000000000000000000e+00
0.000000000000000000e+00
1.518359148351288157e+00
0.000000000000000000e+00
1.028537977548432458e+00
0.000000000000000000e+00
9.351902124584439147e-01
0.000000000000000000e+00
1.443651565342077558e-01
1.357307414762495057e+00
0.000000000000000000e+00
6.843977385854302931e-01
0.000000000000000000e+00
0.000000000000000000e+00
4.725308633263952118e-01
0.000000000000000000e+00
0.000000000000000000e+00
0.000000000000000000e+00
6.601283754117994729e-01
0.000000000000000000e+00
0.000000000000000000e+00
2.246488052917090805e-01
0.000000000000000000e+00
1.016527204589439126e+00
7.432457068230610142e-01
8.547340276226688127e-01
