# Ensemble B, m = 50.0, lambda = [  3.58769725e-09  -3.53836641e-09   0.00000000e+00   5.92903606e-10]
0.000000000000000000e+00
0.000000000000000000e+00
0.000000000000000000e+00
1.184705685017132248e+00
3.359116450179521207e-01
2.394630206508631787e+00
0.000000000000000000e+00
1.372836239804734682e+00
1.227508494936133676e+00
3.671283249116309988e-01
6.389751741143115948e-01
5.583388570578697863e-01
0.000000000000000000e+00
0.000000000000000000e+00
1.454572044378028561e-01
0.000000000000000000e+00
0.000000000000000000e+00
0.000000000000000000e+00
0.000000000000000000e+00
1.526796866927386809e+00
0.000000000000000000e+00
1.154178901001661650e+00
1.022165277085571172e-01
8.576793734001411096e-01
0.000000000000000000e+00
0.000000000000000000e+00
0.000000000000000000e+00
2.594196438818377470e-01
1.381897903998419164e+00
4.066181798413410209e-01
0.000000000000000000e+00
1.134414675456986155e+00
8.622845302934217804e-02
2.092871284954378908e+00
1.488944387667625602e+00
1.861956029252551215e+00
0.000000000000000000e+00
3.586376332782387211e-01
1.342220593904100076e-02
2.701191483567301210e-01
5.812450519701914953e-01
6.167153095031034926e-01
9.167613986395897197e-01
1.276952531719788286e+00
1.539370868592631891e-01
1.738305588077652342e+00
4.462637583301083954e-01
8.298318639080638492e-01
0.000000000000000000e+00
3.818269186691801709e-01
0.000000000000000000e+00
1.874520175539124534e+00
1.046023431509731649e+00
1.180419067419503865e+00
2.389118861971219754e-01
0.000000000000000000e+00
0.000000000000000000e+00
1.751744028474433668e+00
9.381605448677209358e-01
1.067694304531665583e+00
0.000000000000000000e+00
0.000000000000000000e+00
8.429830258227416495e-01
0.000000000000000000e+00
0.000000000000000000e+00
0.000000000000000000e+00
0.000000000000000000e+00
0.000000000000000000e+00
3.407643048418133591e-01
7.097689368548184552e-01
1.455424202458580396e+00
0.000000000000000000e+00
1.683316587118209029e-01
7.076190940458840783e-01
0.000000000000000000e+00
0.000000000000000000e+00
1.207823092597618775e+00
0.000000000000000000e+00
6.573174267336411303e-01
1.655794980819690787e+00
0.000000000000000000e+00
0.000000000000000000e+00
0.000000000000000000e+00
0.000000000000000000e+00
0.000000000000000000e+00
2.041439214545688052e-01
2.136896552917094461e+00
0.000000000000000000e+00
0.000000000000000000e+00
0.000000000000000000e+00
4.096907859350266620e-03
0.000000000000000000e+00
0.000000000000000000e+00
0.000000000000000000e+00
0.000000000000000000e+00
5.269879295797619267e-01
8.507313021451476942e-01
0.000000000000000000e+00
1.566641623516606074e+00
2.778091882472489837e-01
