# Ensemble B, m = 50.0, lambda = [  3.12168883e-09  -3.00128083e-09   0.00000000e+00   8.58635264e-10]
0.000000000000000000e+00
1.227685232284928402e-01
1.501940179942449882e+00
1.684885877803871335e+00
1.814459643537797318e+00
5.362355910048388630e-01
2.683337488205475019e+00
0.000000000000000000e+00
0.000000000000000000e+00
8.861254813718107970e-01
2.077011829549751665e-01
1.845846746042252073e+00
0.000000000000000000e+00
1.942934528349819223e-01
8.072842935888381311e-01
9.347661111888652119e-01
0.000000000000000000e+00
0.000000000000000000e+00
1.156326346672221561e+00
0.000000000000000000e+00
0.000000000000000000e+00
1.045821023044879672e+00
0.000000000000000000e+00
1.159961786781035009e+00
0.000000000000000000e+00
0.000000000000000000e+00
2.055570790657446079e+00
5.497044096131723512e-01
0.000000000000000000e+00
1.528169257142707238e+00
7.182241621310833102e-01
1.024177395897987619e+00
0.000000000000000000e+00
1.247697200358506731e+00
0.000000000000000000e+00
0.000000000000000000e+00
0.000000000000000000e+00
1.619364122562319430e+00
6.949201267483348099e-01
1.652507468268809454e+00
0.000000000000000000e+00
7.124672658448908402e-01
1.552826770268257162e-01
2.480934600008736890e+00
0.000000000000000000e+00
4.978024480394724338e-01
0.000000000000000000e+00
7.411870309253589841e-03
0.000000000000000000e+00
6.034662726815004374e-01
0.000000000000000000e+00
9.652589486667705332e-01
0.000000000000000000e+00
9.864261558696125753e-01
4.799114076987776034e-01
9.269874291258711763e-01
4.619275940060652008e-01
0.000000000000000000e+00
1.128235852958193952e+00
4.636422353991956347e-01
0.000000000000000000e+00
0.000000000000000000e+00
0.000000000000000000e+00
4.470339683800227948e-01
0.000000000000000000e+00
0.000000000000000000e+00
9.024001941536254900e-01
1.157490420629299077e+00
0.000000000000000000e+00
1.477977656893633140e-01
2.094316271099996296e+00
0.000000000000000000e+00
1.784973971285646610e-01
0.000000000000000000e+00
0.000000000000000000e+00
3.904467371292158484e-01
1.358844990412180875e+00
0.000000000000000000e+00
5.234250476781131534e-01
3.970309708417631422e-01
0.000000000000000000e+00
1.401188386024311949e+00
0.000000000000000000e+00
0.000000000000000000e+00
0.000000000000000000e+00
0.000000000000000000e+00
0.000000000000000000e+00
0.000000000000000000e+00
9.327218316502907669e-01
1.895422338352349190e+00
4.786475926262333952e-02
4.081399751966208189e-01
6.449102350564486219e-01
1.295798144712787980e+00
2.132264840134319162e-01
6.768071926800790505e-01
0.000000000000000000e+00
0.000000000000000000e+00
7.331959706408601729e-01
1.419859110366387789e+00
