# Ensemble B, m = 50.0, c_n/c_p = 0.81935483871, f = -0.944285714286
# lambda = [  4.23248856e-09  -3.27469786e-09   0.00000000e+00   1.14138232e-09]
#  
0.000000000000000000e+00
0.000000000000000000e+00
0.000000000000000000e+00
2.205434960753901219e+00
1.359865613537889262e+00
0.000000000000000000e+00
0.000000000000000000e+00
1.734357810359813401e-01
3.241008306585892867e-02
8.035668382904906926e-01
0.000000000000000000e+00
0.000000000000000000e+00
5.129070490477104921e-02
0.000000000000000000e+00
6.395317439384630431e-02
6.982009658158021270e-02
1.614735179003429444e+00
4.674179653312414418e-02
0.000000000000000000e+00
2.894384373697787893e+00
0.000000000000000000e+00
0.000000000000000000e+00
0.000000000000000000e+00
6.615381309386293429e-01
2.876674919612967618e-01
0.000000000000000000e+00
0.000000000000000000e+00
1.150190268846681546e-01
1.425083916408482976e+00
0.000000000000000000e+00
1.947146501209364278e+00
0.000000000000000000e+00
1.159514739226452207e+00
1.321330134087746449e-03
0.000000000000000000e+00
0.000000000000000000e+00
8.961363108339852612e-01
0.000000000000000000e+00
5.865553599568221754e-01
0.000000000000000000e+00
1.484883606892565822e-01
0.000000000000000000e+00
1.864071360327266058e+00
0.000000000000000000e+00
0.000000000000000000e+00
6.629738779814428606e-02
0.000000000000000000e+00
2.625349322897724269e-01
0.000000000000000000e+00
0.000000000000000000e+00
3.261032395438375701e-03
3.091550295330602882e-01
0.000000000000000000e+00
2.722274017045754335e-01
0.000000000000000000e+00
0.000000000000000000e+00
1.821742908306783482e-01
0.000000000000000000e+00
6.257970360087401485e-01
0.000000000000000000e+00
5.331030539981209682e-01
6.867940471837484517e-02
1.551101358702863253e-01
2.346266153997620882e-02
1.579193975984323206e+00
0.000000000000000000e+00
1.531069903977146929e+00
1.727581337410977538e-02
0.000000000000000000e+00
0.000000000000000000e+00
1.431134581688227048e+00
0.000000000000000000e+00
1.378923665310849700e-01
2.230462062845973981e-01
3.243647733446784476e-01
1.257274870343864578e-02
0.000000000000000000e+00
0.000000000000000000e+00
2.848267419428128500e-02
4.500231592898512600e-01
1.652709341394007936e+00
1.642170863496505540e+00
0.000000000000000000e+00
6.611028922942514541e-01
7.540487304247696088e-01
8.438478044755850505e-01
0.000000000000000000e+00
1.071340656329581531e+00
4.999488510542882125e-01
7.956614329537694541e-01
0.000000000000000000e+00
1.178519338670605432e+00
2.516685250042022925e+00
1.571264804467945808e+00
6.670314823872203203e-01
2.306550927637182891e-01
3.364887769046651100e-01
4.127796545144964135e-02
1.346517874712406027e+00
1.011394886071000504e-01
