# Ensemble B, m = 50.0, lambda = [  1.19362871e-08  -8.15748966e-09   0.00000000e+00   1.16237932e-09]
5.412785484169464062e-02
1.199553832846340651e+00
0.000000000000000000e+00
0.000000000000000000e+00
0.000000000000000000e+00
0.000000000000000000e+00
0.000000000000000000e+00
2.118482923274224827e+00
2.377392030593616479e+00
7.121937445527272148e-01
2.415718823737297516e+00
1.127845782442250089e+00
6.431607601904734128e-01
7.409963179912285591e-01
1.112518467441672598e+00
1.936807886946357860e-01
0.000000000000000000e+00
2.594207900553885393e-01
1.267569150157876301e+00
0.000000000000000000e+00
1.293100103512126342e+00
2.311978073348183393e+00
1.239045630637007012e+00
6.396237935915269901e-01
2.954946795869080045e-01
2.032752586054778376e+00
4.309650646605974744e-01
1.738042995418060066e+00
1.296979899444718587e+00
9.592043387724761283e-01
2.801660798401025332e+00
7.041194792841228844e-01
9.291828108804098818e-01
6.268986181008208147e-01
3.461720662344776045e-01
7.414059097677776489e-01
2.821058752777245160e-01
5.325898496990376652e-01
0.000000000000000000e+00
8.723348121890897033e-01
0.000000000000000000e+00
0.000000000000000000e+00
2.066080667117723202e+00
0.000000000000000000e+00
2.449891999519300256e+00
8.331775101200078470e-02
0.000000000000000000e+00
0.000000000000000000e+00
1.409785678972395706e+00
1.507748289837641753e+00
7.196528081896770290e-01
1.126680637401839213e+00
0.000000000000000000e+00
9.109014294107871113e-01
9.080803973266374785e-01
1.512002714260033187e+00
0.000000000000000000e+00
1.718555627278755660e+00
4.750442978922315151e-01
1.104357740564199997e+00
1.838496284359523170e+00
1.249773044958221613e+00
1.308000378593157542e+00
1.576880325823143858e+00
1.291474175879639308e+00
1.005018052365926895e+00
5.612960670749383985e-01
1.155853384989809385e+00
1.701866505208596170e+00
1.141347160879068401e+00
4.642647370071233959e-01
1.241272340386603945e+00
7.908592680159763910e-01
9.918373640144708681e-01
9.725880307905517830e-01
0.000000000000000000e+00
9.971340114342666094e-01
1.298850291591666872e+00
1.821315610803203366e+00
2.474015107255131685e-01
7.516223042032760260e-01
1.529510304885777217e+00
4.776550840593533631e-01
2.207566908203608236e+00
0.000000000000000000e+00
6.311676693516323766e-01
0.000000000000000000e+00
4.633656939658113427e-01
3.757388394873519832e-01
1.488078609599815562e-02
1.198207973045978036e+00
7.544659766789616473e-01
7.818153482518874764e-01
0.000000000000000000e+00
2.303261504373535773e-01
2.530369629469257031e+00
1.577932488452674642e+00
1.378697187080348829e+00
0.000000000000000000e+00
1.949285271131002917e+00
