# Ensemble B, m = 50.0, lambda = [  8.42359015e-09  -6.86739980e-09   0.00000000e+00   6.89327656e-10]
1.162892375359497965e+00
5.939063649651108445e-01
9.447853147425794296e-01
4.704077441147077598e-01
1.605013055577759307e+00
3.961350694547208229e-01
1.996824833101140451e+00
5.034582034296318787e-01
1.724256718763071961e+00
1.530027091282056828e+00
0.000000000000000000e+00
0.000000000000000000e+00
7.347304375588049608e-01
1.068631711601913059e+00
0.000000000000000000e+00
1.082435014217869140e+00
0.000000000000000000e+00
9.094689060790845936e-01
0.000000000000000000e+00
1.504386855706284942e+00
1.099425301623397688e+00
1.296789025527675387e-02
1.527306768832797701e+00
1.250733850338404229e+00
0.000000000000000000e+00
5.481344354812011099e-01
0.000000000000000000e+00
2.739889364243254799e-01
9.810395702747934932e-01
8.892401815207595650e-01
2.199300991846333098e+00
2.870785252596009252e-01
2.780017968495523739e+00
1.288502580160579003e-01
0.000000000000000000e+00
2.105353270815059741e+00
2.085451647054991753e+00
1.066145713153610286e+00
1.029605446222179088e+00
4.977843662277303127e-01
1.885695543337841062e+00
5.973408515877495217e-01
0.000000000000000000e+00
0.000000000000000000e+00
0.000000000000000000e+00
9.995115167145157686e-01
1.597407631561992059e+00
6.044267276845366466e-01
1.105286394224787916e+00
0.000000000000000000e+00
3.491409649640546120e-01
5.886929489869578980e-01
1.115867719586296047e+00
0.000000000000000000e+00
7.618330480759509804e-01
1.640217235843753674e+00
0.000000000000000000e+00
1.436419173236768598e+00
1.113859907919130254e+00
0.000000000000000000e+00
6.490618622145175598e-01
5.843116948266035005e-01
1.223978054013781902e+00
7.072908001222235619e-01
0.000000000000000000e+00
0.000000000000000000e+00
9.266513805435050433e-02
1.456367382048295508e-02
1.391934438737090884e+00
1.895292405148631953e+00
0.000000000000000000e+00
3.297702170903527019e-01
1.178390063805011767e+00
1.312246924047931529e+00
0.000000000000000000e+00
2.769314746420699080e+00
0.000000000000000000e+00
1.048436323970496797e+00
1.498014256005179234e+00
1.773404172305174109e+00
7.568272856914783908e-01
2.746258625752538429e-01
3.741428449071778628e-01
2.165914760331240974e+00
4.282720555943390073e-01
1.485569996348437005e+00
8.191301819542706752e-01
3.914207975452035221e-02
0.000000000000000000e+00
1.686777710153035237e+00
1.127262168025524591e+00
9.045967330398972939e-01
0.000000000000000000e+00
2.313659340234279327e+00
2.077569242818790407e+00
1.221843582574230869e+00
1.492113555059288110e+00
0.000000000000000000e+00
8.402686077860991309e-01
2.116880863686219527e+00
