# Ensemble B, m = 50.0, c_n/c_p = 0.625806451613, f = -0.986956521739
# lambda = [  9.02484261e-09  -5.57413771e-09   0.00000000e+00   9.09223316e-10]
#  
0.000000000000000000e+00
1.041374842275579971e+00
3.614786413301661616e-01
1.599126143984428705e-01
1.234211850771960384e+00
2.596017277172264492e-01
1.258136198026104657e-01
1.802441188264352137e-02
0.000000000000000000e+00
4.173977794028278510e-01
1.443783400599924494e-01
9.722781562146394219e-01
1.745969321353939563e-01
0.000000000000000000e+00
2.121062523110791853e-01
1.196224053353549810e-01
0.000000000000000000e+00
1.436998334265190191e+00
1.184669312068099778e+00
3.946498094855942496e-01
0.000000000000000000e+00
6.343295293928639111e-01
0.000000000000000000e+00
1.672053022008343381e+00
0.000000000000000000e+00
3.344954432322518323e-01
0.000000000000000000e+00
9.670256476167093940e-01
1.237403040898824802e+00
0.000000000000000000e+00
2.439727388532295649e+00
0.000000000000000000e+00
1.033226536761765901e+00
1.720259990182280985e-02
0.000000000000000000e+00
0.000000000000000000e+00
0.000000000000000000e+00
1.393586639776132285e+00
0.000000000000000000e+00
0.000000000000000000e+00
0.000000000000000000e+00
1.344054007395993011e+00
1.580318417101347794e+00
1.393244256726577923e+00
8.264041333492446947e-03
2.448838104469155674e-01
3.934438207686245526e-01
6.837032929636489842e-02
0.000000000000000000e+00
2.811805598033886300e-01
9.722585008466705370e-03
1.268386047646983927e+00
0.000000000000000000e+00
0.000000000000000000e+00
0.000000000000000000e+00
0.000000000000000000e+00
0.000000000000000000e+00
9.441131578120638412e-01
4.882136895632141482e-01
0.000000000000000000e+00
7.586003898919220223e-01
5.449677628227719284e-01
0.000000000000000000e+00
1.539869782655061359e+00
0.000000000000000000e+00
1.666542285375058607e-01
4.568352598480092674e-01
1.205043001605941334e-02
0.000000000000000000e+00
8.342760574259345807e-01
0.000000000000000000e+00
0.000000000000000000e+00
1.261141278492005746e+00
8.934068789627093443e-02
0.000000000000000000e+00
1.674732522710440819e+00
1.722508877139876216e+00
1.058748799427473575e+00
4.459017607115590143e-01
0.000000000000000000e+00
2.426688914498075444e+00
7.809066597341906002e-01
1.963721227217484877e+00
0.000000000000000000e+00
8.063607203890355013e-01
0.000000000000000000e+00
0.000000000000000000e+00
0.000000000000000000e+00
8.875254809572906689e-01
9.725642655325665853e-01
0.000000000000000000e+00
2.166090682717829008e+00
6.912674533566623980e-01
7.770334864767748373e-01
9.576603284939768646e-01
0.000000000000000000e+00
2.924697657391667205e-02
0.000000000000000000e+00
0.000000000000000000e+00
2.496464929956494772e-01
