# Ensemble B, m = 50.0, c_n/c_p = 0.664516129032, f = -0.994782608696
# lambda = [  1.49898683e-08  -9.90903877e-09   0.00000000e+00   1.01619683e-09]
#  
1.669608937967804518e+00
0.000000000000000000e+00
2.555888816152553436e-02
4.986500723050112382e-01
6.359491248607473945e-01
0.000000000000000000e+00
0.000000000000000000e+00
7.539254801279263001e-03
0.000000000000000000e+00
1.246260537893490117e+00
4.171236748563141722e-02
1.350426916133970826e-02
1.086566843186788311e+00
9.942683798084195335e-01
1.100247010536363618e-01
1.161315018062630156e+00
7.525980879469379436e-01
2.132385536168865503e+00
4.337599903224153425e-02
2.272237043855645400e+00
2.486870781242074904e-02
2.938520199387165910e+00
1.130369564979942565e+00
0.000000000000000000e+00
6.918240369744099727e-01
0.000000000000000000e+00
4.732659528445969099e-02
2.323329281407133351e+00
0.000000000000000000e+00
2.142815281405242800e+00
1.149159871749692918e+00
1.018028950070083871e+00
2.997696579096338354e+00
1.176275110054613382e+00
8.203101093180763526e-01
0.000000000000000000e+00
1.470212779955046845e+00
0.000000000000000000e+00
7.722228601021222660e-01
4.723184316187670762e-01
0.000000000000000000e+00
1.144119530580325339e-01
0.000000000000000000e+00
9.836699160131060493e-01
0.000000000000000000e+00
1.533093610889134206e+00
1.678609840082713633e+00
6.459360233851356714e-01
8.372986985303625396e-01
0.000000000000000000e+00
0.000000000000000000e+00
4.028129503849900983e-01
6.457629707862188040e-01
1.035163056153289629e+00
1.460566075019204213e+00
7.861590335712698163e-01
7.988934596118182352e-01
0.000000000000000000e+00
9.412435423330473006e-01
2.450398499088734250e-01
1.754398702898317230e+00
1.094164817721599237e+00
0.000000000000000000e+00
5.182103726559619261e-01
0.000000000000000000e+00
0.000000000000000000e+00
0.000000000000000000e+00
7.977754334133903280e-02
0.000000000000000000e+00
8.264890263641090362e-01
2.091475997535738429e+00
2.412995154836796718e+00
0.000000000000000000e+00
0.000000000000000000e+00
0.000000000000000000e+00
1.149882299805087937e+00
1.350973287438813841e+00
1.043521917792816112e+00
1.694712113151614519e+00
1.557548240769955461e+00
9.048664208638762529e-01
0.000000000000000000e+00
7.379932057977940385e-01
2.793212280040705320e+00
1.634412416806992230e+00
2.163004631364844332e+00
0.000000000000000000e+00
5.285915436641035470e-01
0.000000000000000000e+00
0.000000000000000000e+00
4.975460342230823008e-01
0.000000000000000000e+00
0.000000000000000000e+00
0.000000000000000000e+00
0.000000000000000000e+00
1.257976423112858733e+00
4.501764025616233900e-01
0.000000000000000000e+00
3.782910552357983125e-01
7.561457640721763740e-01
