# Ensemble B, m = 50.0, c_n/c_p = 0.948387096774, f = -0.944285714286
# lambda = [  3.21452146e-09  -2.87875951e-09   0.00000000e+00   1.00337966e-09]
#  
0.000000000000000000e+00
0.000000000000000000e+00
0.000000000000000000e+00
9.917769519029208114e-01
0.000000000000000000e+00
0.000000000000000000e+00
0.000000000000000000e+00
0.000000000000000000e+00
1.156346790572499339e+00
0.000000000000000000e+00
0.000000000000000000e+00
1.131753857822279247e-01
8.479305394865891410e-01
9.599339435343243743e-01
1.154984935532378465e+00
7.262661913260652913e-01
0.000000000000000000e+00
7.457710722501731393e-01
3.400464372186782214e-01
1.199631482858714432e-02
0.000000000000000000e+00
2.444228934277211884e+00
0.000000000000000000e+00
1.182941499631149362e+00
0.000000000000000000e+00
1.756496863557686916e-01
1.137086224432091175e+00
0.000000000000000000e+00
9.041368124202362466e-01
0.000000000000000000e+00
0.000000000000000000e+00
2.098904823626743521e-01
1.266951748051111437e+00
4.964389920877269879e-03
0.000000000000000000e+00
8.797197572296008294e-01
0.000000000000000000e+00
0.000000000000000000e+00
9.267794610710202718e-01
1.574702938920301998e+00
1.974698370340015163e+00
1.244198045520370943e+00
6.609307818204841756e-02
0.000000000000000000e+00
5.080253496431684501e-02
4.755168649823287574e-01
2.263652851123288734e+00
2.119796670504401903e-01
1.123581475865614632e+00
0.000000000000000000e+00
2.504306801577469571e-02
0.000000000000000000e+00
0.000000000000000000e+00
1.437809922076326297e+00
7.911368950477744022e-01
3.163719826942752028e-02
0.000000000000000000e+00
7.962680903630031670e-01
8.263050045153406131e-01
0.000000000000000000e+00
3.805611758139635249e-03
0.000000000000000000e+00
1.360789266702460421e-01
4.475283661514709022e-01
0.000000000000000000e+00
0.000000000000000000e+00
0.000000000000000000e+00
8.228100307067948149e-01
0.000000000000000000e+00
8.417677258771099069e-01
5.654545172821621168e-01
0.000000000000000000e+00
0.000000000000000000e+00
0.000000000000000000e+00
0.000000000000000000e+00
1.469623039994721658e+00
0.000000000000000000e+00
6.060245069393410677e-01
0.000000000000000000e+00
1.067330064317096872e+00
0.000000000000000000e+00
1.092950496978335240e+00
5.432665880155511662e-01
0.000000000000000000e+00
0.000000000000000000e+00
7.621501984268083119e-01
0.000000000000000000e+00
0.000000000000000000e+00
0.000000000000000000e+00
9.588521260097497834e-01
1.449030268741435590e+00
7.990732419031397749e-01
9.769900551147584489e-01
3.870941037844805588e-01
0.000000000000000000e+00
1.289347924978446634e-03
2.443060041220443401e-01
5.118140100900474554e-01
0.000000000000000000e+00
2.727565822668141404e+00
