# Ensemble B, m = 50.0, lambda = [  6.87340182e-09  -5.25166701e-09   0.00000000e+00   1.10027270e-09]
1.387064889012730395e+00
1.993809999783068720e+00
8.477851577721864373e-01
1.351520363921420831e+00
9.657512710571737324e-01
0.000000000000000000e+00
4.610517744457738876e-01
1.576136413569730443e+00
0.000000000000000000e+00
0.000000000000000000e+00
6.455371231820912215e-01
3.958576832873605400e-01
4.354494682138819808e-03
2.409066719096492615e-01
5.171479267485931119e-01
6.210213494007624756e-03
0.000000000000000000e+00
0.000000000000000000e+00
0.000000000000000000e+00
2.511365310235981863e+00
0.000000000000000000e+00
2.642323414233044843e-01
2.467933360999026604e+00
8.682078975342655269e-01
2.051897058946024366e+00
1.906898595416907316e+00
1.422222150990148037e+00
1.819145949411613006e-02
1.700493703516136268e+00
4.705368182723694837e-01
0.000000000000000000e+00
1.498056519301087297e+00
5.177629071373675632e-03
5.556371782999784681e-02
1.432423397173099855e-01
0.000000000000000000e+00
1.879196770661232738e-02
6.148922021461534354e-02
1.249308892425001094e+00
0.000000000000000000e+00
0.000000000000000000e+00
1.398913246469349003e+00
0.000000000000000000e+00
2.390688265156435843e+00
7.382521893389489519e-03
0.000000000000000000e+00
1.403494093566332701e+00
7.312424438124740522e-01
1.788591363135623613e+00
2.468741499609064249e-01
1.963110578840762344e+00
4.327053168537655509e-02
4.447744464279869692e-01
2.177292262378935916e+00
1.251437109054022834e+00
5.537950791065955336e-01
0.000000000000000000e+00
5.332366394505126950e-01
0.000000000000000000e+00
1.593283824842745000e-01
0.000000000000000000e+00
3.047112397153586283e-01
7.454280974758084044e-01
2.102477439715485508e-01
4.054648167409068416e-01
8.869883121336907816e-01
7.110218314077743074e-01
1.097365718986176963e+00
1.115495259510535853e+00
0.000000000000000000e+00
0.000000000000000000e+00
2.504418319866235976e+00
1.224743361886197590e+00
8.983888940967240666e-01
2.051589656434643638e-01
0.000000000000000000e+00
2.184282150953524848e+00
4.903703374842670049e-01
3.085745625161113170e-01
1.348408955298171508e+00
0.000000000000000000e+00
1.336254651427395190e+00
1.965244814072641510e+00
0.000000000000000000e+00
9.058555662073317083e-02
1.923205987877662837e+00
1.148595428352708336e-01
3.659935651747825980e-01
7.628835381198768584e-01
1.944053789692589407e-01
1.571803238706059425e+00
2.298446918384457582e+00
9.429594850140375906e-01
1.778221205125306126e+00
9.062991260426862816e-02
0.000000000000000000e+00
9.308218386013141776e-01
7.085522859966677522e-01
0.000000000000000000e+00
1.597075462982251448e+00
