# Ensemble B, m = 50.0, lambda = [  7.39909180e-09  -4.88071543e-09   0.00000000e+00   1.14089780e-09]
1.236699997827600539e+00
1.804470436516798726e+00
3.467206633781201863e-01
0.000000000000000000e+00
5.597334952768580063e-01
0.000000000000000000e+00
2.024971020093924601e+00
0.000000000000000000e+00
0.000000000000000000e+00
0.000000000000000000e+00
0.000000000000000000e+00
0.000000000000000000e+00
0.000000000000000000e+00
6.840151268251725147e-01
8.137011729657748216e-01
3.230414335788366897e-01
1.825797091422685092e+00
7.245806578940338083e-01
5.877555030742006581e-01
0.000000000000000000e+00
6.378013956268550888e-02
4.284893384306152075e-01
1.146049094172138405e+00
0.000000000000000000e+00
9.510719599842033523e-01
9.365351356613348388e-01
7.584938106737738606e-01
0.000000000000000000e+00
4.513057643479484460e-01
7.257400945652929536e-02
0.000000000000000000e+00
1.179247673850974780e-02
0.000000000000000000e+00
3.833894951806362528e-01
7.701235900793225175e-01
1.740662636543398589e-01
6.650722917748794899e-03
4.345716176109849505e-01
5.661537732725734351e-01
1.067733317403432913e+00
6.499946311361652906e-01
4.487601092938644509e-01
0.000000000000000000e+00
0.000000000000000000e+00
5.207486412001869347e-01
0.000000000000000000e+00
8.107455335629843995e-01
2.184215156548785952e+00
0.000000000000000000e+00
1.006643994795592301e+00
9.099874666639009568e-01
0.000000000000000000e+00
2.402534975602401146e-01
6.049802634099684662e-01
8.596151392980816430e-01
0.000000000000000000e+00
1.687294746610853435e+00
0.000000000000000000e+00
1.211102395465267989e+00
0.000000000000000000e+00
0.000000000000000000e+00
1.435783431658220310e+00
1.040975816574065682e+00
1.190529271276844492e+00
2.739433596452710007e-01
8.283362939205455300e-01
2.651191079254811272e-03
6.985203353134278315e-02
1.656835753214228824e+00
0.000000000000000000e+00
0.000000000000000000e+00
6.582345906868822261e-02
0.000000000000000000e+00
0.000000000000000000e+00
1.566515648617901046e+00
1.776048622832368418e+00
5.733961507791801582e-01
0.000000000000000000e+00
1.610914531144730155e+00
1.173425140865592686e-01
9.297414008052022893e-01
3.099109375102039338e-03
8.248168077405441112e-01
0.000000000000000000e+00
1.680089867855731001e+00
0.000000000000000000e+00
1.538584321437040270e+00
0.000000000000000000e+00
1.950460485621927198e+00
0.000000000000000000e+00
0.000000000000000000e+00
2.011364817540163052e+00
8.259859313034507711e-01
8.529934861194519644e-03
0.000000000000000000e+00
0.000000000000000000e+00
5.543968211224169496e-01
7.073808763905556907e-01
1.828412665003088966e+00
1.668570803962293070e+00
