# Ensemble B, m = 50.0, c_n/c_p = 0.896774193548, f = -0.997391304348
# lambda = [  5.80183351e-09  -5.18936170e-09   0.00000000e+00   3.75570653e-10]
#  
7.670763087190197727e-01
1.001241880902946635e+00
4.422991261927325390e-02
1.517489324594057720e+00
7.973339401937378224e-01
0.000000000000000000e+00
1.871471389139746755e+00
2.026776489367011269e+00
0.000000000000000000e+00
1.701908872767276815e-01
6.282825486270553483e-01
0.000000000000000000e+00
0.000000000000000000e+00
1.725492187513804954e+00
1.384548561259595134e+00
5.746067524610615207e-01
0.000000000000000000e+00
0.000000000000000000e+00
1.178270000474801044e-01
0.000000000000000000e+00
0.000000000000000000e+00
7.224653383224879377e-01
3.746938007194810516e-01
9.425157094639035060e-01
0.000000000000000000e+00
5.174270971210579440e-01
0.000000000000000000e+00
0.000000000000000000e+00
0.000000000000000000e+00
0.000000000000000000e+00
0.000000000000000000e+00
1.739079915787025421e-01
0.000000000000000000e+00
0.000000000000000000e+00
0.000000000000000000e+00
3.694758931707974869e-01
1.177018891929781486e+00
9.210922203891637461e-02
0.000000000000000000e+00
0.000000000000000000e+00
0.000000000000000000e+00
0.000000000000000000e+00
0.000000000000000000e+00
3.253071567704455824e-01
1.530494841533089678e+00
0.000000000000000000e+00
5.611506838319342272e-01
7.932743848451127011e-01
1.230339174180792167e-01
0.000000000000000000e+00
0.000000000000000000e+00
1.234960996273567035e+00
0.000000000000000000e+00
0.000000000000000000e+00
2.674789949628859631e-01
8.277740797936494754e-02
1.554711881721506511e-02
1.444648023091003708e+00
1.664092441331657568e+00
8.591455980870467135e-01
0.000000000000000000e+00
0.000000000000000000e+00
3.962239741293147044e-01
1.098979741548100186e+00
1.903740170772784790e+00
2.193112920065689586e+00
1.676887114666595624e-01
1.286570750167475574e-01
0.000000000000000000e+00
8.636393282603449517e-01
0.000000000000000000e+00
5.378850398012517964e-01
1.786249185327680733e-01
0.000000000000000000e+00
1.038130582670550250e+00
3.661240825721720493e-01
0.000000000000000000e+00
3.632883198862751351e-01
5.660266610390823905e-01
3.062455937479179324e-01
6.228233368055314800e-01
0.000000000000000000e+00
0.000000000000000000e+00
7.465958763835141010e-01
6.553780618286592086e-01
1.210110096682428305e+00
7.033023401479640002e-01
2.670676689754133415e-01
0.000000000000000000e+00
0.000000000000000000e+00
0.000000000000000000e+00
0.000000000000000000e+00
1.431098716976628937e+00
5.751365137122530641e-02
1.585041184859589392e-01
3.498567451794177829e-01
3.193305180452303271e-01
1.168600433401943972e+00
0.000000000000000000e+00
1.420162540568512100e+00
