# Ensemble B, m = 50.0, lambda = [  9.82230392e-09  -6.08539255e-09   0.00000000e+00   8.67121475e-10]
0.000000000000000000e+00
0.000000000000000000e+00
0.000000000000000000e+00
0.000000000000000000e+00
8.876423195581775172e-01
1.519268622757853793e+00
1.514902882718489385e+00
0.000000000000000000e+00
0.000000000000000000e+00
1.099277212523552594e+00
1.189164980232242930e-01
0.000000000000000000e+00
2.093449851422187757e-01
1.979028371918448437e-01
0.000000000000000000e+00
1.087421662494983288e+00
6.702726810990972117e-01
2.052823666420611648e+00
1.930307510791022363e+00
2.818486853707447892e+00
0.000000000000000000e+00
4.248559370331762008e-01
0.000000000000000000e+00
4.544068546809221232e-02
0.000000000000000000e+00
8.544719810556725692e-01
1.150059110207482416e+00
1.908924212918144681e-01
2.163222052685621399e+00
7.751191001089060562e-01
0.000000000000000000e+00
1.210746561434119552e-02
1.276340232261180541e+00
2.742399640540537087e-01
2.601275431181007569e+00
0.000000000000000000e+00
5.792442338312416839e-01
1.130951369616710160e-02
1.044164747456644893e+00
0.000000000000000000e+00
0.000000000000000000e+00
3.464739889504381831e-01
0.000000000000000000e+00
0.000000000000000000e+00
9.478199013068837608e-01
0.000000000000000000e+00
8.065364990133373491e-01
0.000000000000000000e+00
0.000000000000000000e+00
1.729982887669828218e+00
3.496832535564046163e-01
2.966744175247984505e-01
7.923475723353402556e-01
1.226420187026193931e+00
6.830928647657230623e-01
0.000000000000000000e+00
3.931128279706043727e-01
1.029244430967756335e-01
2.850338011215733380e-01
1.181142591047576046e-01
1.575221018390069894e+00
0.000000000000000000e+00
6.938580558478564253e-01
0.000000000000000000e+00
2.178555848340729462e+00
1.643527381128933484e+00
0.000000000000000000e+00
2.313541661732607460e-02
4.547170394980227237e-01
8.008424585845221877e-01
6.148058308899213564e-01
0.000000000000000000e+00
1.283345702318162473e+00
3.596437111033676248e-01
9.256645339791822469e-01
7.663707186450156028e-01
0.000000000000000000e+00
0.000000000000000000e+00
1.857306358581210182e+00
7.835434642270272532e-01
1.343915900401111863e+00
1.393138619598860706e-01
3.624823445906948383e-01
3.246523030694262735e-01
0.000000000000000000e+00
1.231450770661074001e+00
1.041425869361557011e+00
0.000000000000000000e+00
6.402421255083313723e-01
3.012260717027240853e-01
0.000000000000000000e+00
2.179511621560330514e-01
1.016170445776166109e-01
6.901108453210501592e-01
6.870835291001777811e-01
4.657398205726109297e-01
8.296584622107053830e-01
0.000000000000000000e+00
1.274547524668280918e+00
5.105314767217410399e-01
