# Ensemble B, m = 50.0, c_n/c_p = 0.716129032258, f = -0.97652173913
# lambda = [  7.66012939e-09  -5.35684773e-09   0.00000000e+00   1.18171064e-09]
#  
0.000000000000000000e+00
1.034253897590753812e+00
1.871124101185178246e+00
3.271907638010688180e-01
0.000000000000000000e+00
1.021755605509271136e+00
2.169037056541166297e+00
3.315865118678219033e-03
8.016263837725162711e-01
0.000000000000000000e+00
0.000000000000000000e+00
2.949141204625491675e+00
0.000000000000000000e+00
2.734169235427683642e-01
7.763181355169570530e-01
0.000000000000000000e+00
0.000000000000000000e+00
1.035346349572137808e-01
0.000000000000000000e+00
7.602239326289659260e-01
7.921862717339140936e-01
0.000000000000000000e+00
2.424290985029839973e+00
1.595333873376697076e+00
0.000000000000000000e+00
9.600250482456893497e-01
0.000000000000000000e+00
1.481839355859359886e+00
1.038796775293304719e+00
3.540947493067116425e-01
1.963422841841460986e+00
2.490698416910334334e+00
3.671497298655430064e-01
1.761146627310541390e-01
0.000000000000000000e+00
1.008104419844115807e+00
5.906911346203443935e-01
6.520396727108404011e-01
4.039450518343253860e-01
1.360588287187507461e+00
2.353480880614893522e-01
1.121932786498079704e+00
8.201691167935898363e-01
1.141327415316662153e+00
1.280252990590751372e+00
0.000000000000000000e+00
4.367203646964417860e-03
1.530780118840418536e-01
1.888161602559920160e+00
7.323652280319489782e-02
0.000000000000000000e+00
0.000000000000000000e+00
3.882379982569050814e-01
1.347991465790753907e+00
3.961879926933023488e-01
0.000000000000000000e+00
1.085439943431306009e+00
0.000000000000000000e+00
0.000000000000000000e+00
2.694006061507703831e-01
2.970486620177343884e-01
0.000000000000000000e+00
3.010489203792010016e-01
0.000000000000000000e+00
1.227526714137824992e+00
4.169871987742644892e-01
2.146982678557166402e+00
2.342026013902432646e-01
0.000000000000000000e+00
0.000000000000000000e+00
1.237460732105347905e+00
0.000000000000000000e+00
7.195088201351841350e-01
1.367276422845021600e+00
2.510423230168582709e+00
3.705440739235777992e-01
1.058936974426442745e+00
0.000000000000000000e+00
0.000000000000000000e+00
4.730852050160413436e-01
5.135629354993823670e-01
8.882646685456828672e-01
4.161049305698131251e-01
2.527353300579801232e+00
9.897159713404274362e-01
2.235745345012561391e-01
1.265847282668709273e+00
0.000000000000000000e+00
2.201534129791733907e+00
1.188355520598310289e+00
0.000000000000000000e+00
1.517585550633667735e+00
0.000000000000000000e+00
1.584619894980621169e+00
0.000000000000000000e+00
1.733401962307333122e+00
2.323927326218061307e+00
1.295648657139635951e+00
6.956000325617313074e-01
9.477120383939847681e-01
