# Ensemble B, m = 50.0, c_n/c_p = 0.651612903226, f = -0.985652173913
# lambda = [  9.46753823e-09  -6.08065589e-09   0.00000000e+00   1.04128924e-09]
#  
0.000000000000000000e+00
1.451934553296129859e+00
3.943727706561228064e-01
0.000000000000000000e+00
3.834312927662867354e-01
0.000000000000000000e+00
5.186711977733394763e-01
1.383881200063506789e+00
0.000000000000000000e+00
1.235033546695130324e+00
1.315275601790640403e+00
1.110335858996160496e+00
0.000000000000000000e+00
1.121333828356060103e+00
0.000000000000000000e+00
1.573328060132122452e+00
2.021385321959630943e+00
1.323073059825419673e+00
8.052185068466486406e-01
1.137769426802125450e+00
0.000000000000000000e+00
7.337556322202178904e-01
1.281996612968825389e-01
0.000000000000000000e+00
2.135148105772810279e-01
2.297446573823368254e+00
1.067723995724876307e+00
2.419979242291777854e+00
2.830094770252543079e-01
5.915834864728344300e-01
0.000000000000000000e+00
7.645434217724077497e-01
4.311428392694905964e-01
2.076213922391918210e-01
5.668072663432396352e-01
1.505564962807254936e+00
7.228865265795052508e-01
0.000000000000000000e+00
1.050250462289453068e+00
0.000000000000000000e+00
0.000000000000000000e+00
1.183897291850166678e+00
9.393581513660158311e-02
6.001118621687450139e-01
1.030149458233798443e+00
0.000000000000000000e+00
1.714757585241664550e+00
0.000000000000000000e+00
2.448838104469155674e-01
7.082275977675964729e-01
1.965762182514221301e+00
6.069074531577075549e-01
0.000000000000000000e+00
1.620155746701410937e+00
1.827354896930300399e+00
0.000000000000000000e+00
1.713801632811726150e-01
0.000000000000000000e+00
1.338987944037237643e+00
4.987491536356408739e-01
0.000000000000000000e+00
7.935498161947809326e-01
0.000000000000000000e+00
0.000000000000000000e+00
6.920562674482152454e-01
0.000000000000000000e+00
6.500837277217349497e-01
5.601640453292502375e-01
6.169736673211628775e-01
9.739920850108158001e-01
2.489400925048377289e-01
8.254085807088694660e-01
0.000000000000000000e+00
2.028359514965202059e+00
0.000000000000000000e+00
4.842763616341735911e-01
2.077353050400588153e+00
0.000000000000000000e+00
0.000000000000000000e+00
5.943563492789167846e-01
1.761510094219459255e+00
0.000000000000000000e+00
1.631218961329208961e+00
9.843462295210707591e-01
9.225660301775681083e-01
0.000000000000000000e+00
0.000000000000000000e+00
1.499653098768934933e+00
0.000000000000000000e+00
0.000000000000000000e+00
0.000000000000000000e+00
0.000000000000000000e+00
3.865282880829064571e-01
0.000000000000000000e+00
4.216535475124727483e-01
2.819258178476825361e+00
1.092600076310022983e+00
0.000000000000000000e+00
0.000000000000000000e+00
8.766932151778998594e-02
