# Ensemble B, m = 50.0, c_n/c_p = 0.625806451613, f = -0.981739130435
# lambda = [  8.01753281e-09  -4.92580124e-09   0.00000000e+00   9.54475426e-10]
#  
0.000000000000000000e+00
0.000000000000000000e+00
0.000000000000000000e+00
0.000000000000000000e+00
0.000000000000000000e+00
0.000000000000000000e+00
3.215999213738451878e-01
6.634521683477540011e-01
1.923634077844645018e+00
1.416443512708442098e-01
1.419844826673418270e+00
0.000000000000000000e+00
5.647863960229626556e-01
0.000000000000000000e+00
3.866148026129888615e-01
0.000000000000000000e+00
1.011188450200034561e+00
0.000000000000000000e+00
0.000000000000000000e+00
0.000000000000000000e+00
6.443669070177237002e-01
0.000000000000000000e+00
8.115158091589602662e-01
0.000000000000000000e+00
1.037716314038475529e+00
1.280043620923289271e+00
1.897390623066434356e+00
9.892829254627157065e-02
1.326295981455525075e+00
0.000000000000000000e+00
1.457184696394988634e-02
0.000000000000000000e+00
7.550462128766738390e-01
2.346786160242051444e+00
3.207271165906521171e-01
3.524894938110743059e-01
0.000000000000000000e+00
3.078465378059313529e-01
0.000000000000000000e+00
0.000000000000000000e+00
3.037747960374276857e-01
1.870024396637927966e+00
1.258316413413518298e+00
1.262331042392223601e+00
0.000000000000000000e+00
9.144255601848773063e-01
1.609410670712794644e+00
0.000000000000000000e+00
5.973609499452623428e-01
0.000000000000000000e+00
0.000000000000000000e+00
1.790369840342397600e-01
0.000000000000000000e+00
1.887014198089985939e+00
5.294547981133239656e-01
0.000000000000000000e+00
1.019597645624605420e+00
0.000000000000000000e+00
1.772069374308976597e+00
5.371871361335228690e-01
0.000000000000000000e+00
2.042720480807058980e-01
1.667031825396383615e+00
5.347319160828803083e-03
0.000000000000000000e+00
0.000000000000000000e+00
5.642392145844524753e-01
0.000000000000000000e+00
1.535916655240461948e+00
1.970226878873353238e+00
1.205762344903099414e+00
0.000000000000000000e+00
0.000000000000000000e+00
3.253658388199486273e-01
2.751351233073990876e-01
0.000000000000000000e+00
2.913853173006496267e+00
3.769363069754920748e-01
0.000000000000000000e+00
0.000000000000000000e+00
0.000000000000000000e+00
7.206258633604444297e-01
1.101132273967324604e+00
3.799117777878718294e-01
7.078990914463736961e-02
1.649136466891242492e+00
0.000000000000000000e+00
1.305401092256250006e+00
8.479923399199006395e-01
9.432229880862275095e-01
6.779756721641120309e-01
0.000000000000000000e+00
2.510228759627589401e+00
3.713760825610358252e-01
0.000000000000000000e+00
1.021261871910701613e+00
6.099423322330673747e-01
1.848058533246381252e+00
0.000000000000000000e+00
0.000000000000000000e+00
