# Ensemble B, m = 50.0, c_n/c_p = 0.806451612903, f = -0.996086956522
# lambda = [  9.49763535e-09  -7.62941185e-09   0.00000000e+00   6.76925495e-10]
#  
0.000000000000000000e+00
8.391826714812137267e-01
8.872019694394481792e-01
8.122057431321887122e-02
4.276452122848272142e-01
9.117880770372212007e-01
1.657482601416974344e+00
1.234384815726612183e+00
0.000000000000000000e+00
0.000000000000000000e+00
2.684938605471378636e+00
1.733719625013609544e+00
1.637538230198157363e+00
1.467509814151698233e+00
2.131080900736979977e+00
1.229500163632824883e+00
1.551009159206892640e+00
1.866875190708877863e+00
1.981087902847836979e+00
5.336893092925821813e-01
8.377675061579407112e-01
0.000000000000000000e+00
0.000000000000000000e+00
9.589853054002848154e-01
5.762088823102018420e-01
1.033841688660938729e+00
3.299632010060740583e+00
1.673175573526732185e+00
1.453859501971769053e+00
2.220357178585002700e+00
4.576995781294477261e-01
2.126464587934170591e+00
2.800386014627650327e-02
0.000000000000000000e+00
0.000000000000000000e+00
1.448418373898071598e+00
8.933534417535233807e-01
1.923672052769125562e+00
0.000000000000000000e+00
9.520538033015740753e-01
7.314616682315465690e-01
0.000000000000000000e+00
2.589362112287774131e-01
1.053863629198634300e+00
1.401676824779789277e+00
2.121156704339017374e+00
0.000000000000000000e+00
5.535381081670197601e-01
7.524656164254648338e-01
1.997480370238214675e+00
1.202574947287240015e+00
1.220303351182130847e+00
8.923995736145322599e-01
1.289578348499917482e+00
4.239649285592433370e-01
0.000000000000000000e+00
1.803021997690858136e+00
0.000000000000000000e+00
1.170334659357133322e+00
1.514096762669449925e+00
0.000000000000000000e+00
0.000000000000000000e+00
5.355170640949036276e-01
7.062813192882407831e-01
0.000000000000000000e+00
1.853095928954543670e+00
6.384690086390495400e-01
5.286206019956907198e-01
2.599318225377627911e+00
3.243472179844421266e+00
0.000000000000000000e+00
5.752183452431212096e-01
0.000000000000000000e+00
1.930670334986449799e+00
7.291432963184784066e-01
2.010465591544678077e+00
1.759718206068098478e+00
8.324990960973369658e-01
2.742567531129114666e+00
0.000000000000000000e+00
5.438669462696684720e-01
2.389278658348015227e+00
2.225746983851687233e+00
1.948494361139411879e+00
7.695667487465376322e-01
1.278475185996858610e+00
1.524888612971924129e+00
1.325575700565765569e+00
2.085797189700417498e+00
1.095822215404874456e+00
1.053291643370498409e+00
1.497562836828991439e-01
2.748754772167415261e+00
2.575028186058865298e+00
2.518995423834373248e+00
1.478625372157074402e-01
8.764033898792189525e-01
7.758723004405310153e-02
2.048262075345940403e+00
1.087439443080809864e+00
