# Ensemble B, m = 50.0, c_n/c_p = 0.948387096774, f = -0.992173913043
# lambda = [  4.42085707e-09  -4.15987149e-09   0.00000000e+00   5.23513722e-10]
#  
0.000000000000000000e+00
0.000000000000000000e+00
0.000000000000000000e+00
2.700262351601287469e-01
0.000000000000000000e+00
0.000000000000000000e+00
1.250228682428249805e+00
0.000000000000000000e+00
1.652282290906734175e-01
0.000000000000000000e+00
3.810853142954087613e-01
7.565722205926678212e-01
0.000000000000000000e+00
2.131331197999003224e-01
0.000000000000000000e+00
0.000000000000000000e+00
0.000000000000000000e+00
1.364188438426852779e+00
0.000000000000000000e+00
0.000000000000000000e+00
2.626316934288250304e-01
5.459392923661676722e-01
2.470670199545895451e-01
0.000000000000000000e+00
0.000000000000000000e+00
0.000000000000000000e+00
5.576220427064687568e-01
4.639180409012144124e-01
0.000000000000000000e+00
1.346067870248650378e+00
0.000000000000000000e+00
0.000000000000000000e+00
6.604000810333338078e-02
3.788018237881121686e-01
4.904662262779472259e-01
1.836932809087052365e-01
5.009306930864471791e-02
0.000000000000000000e+00
6.277255838185058501e-01
9.617706352521154800e-01
3.564823529740129837e-01
1.012461921374405938e+00
0.000000000000000000e+00
0.000000000000000000e+00
1.002640927110654223e+00
1.862973605197762783e+00
1.420511325441025929e-01
1.192118122015494386e+00
0.000000000000000000e+00
0.000000000000000000e+00
0.000000000000000000e+00
0.000000000000000000e+00
0.000000000000000000e+00
5.482442265178613106e-01
1.545996783808823771e+00
0.000000000000000000e+00
0.000000000000000000e+00
1.165331819718613549e+00
1.338417068637117513e+00
0.000000000000000000e+00
1.268782523751432301e+00
8.670994584132600824e-01
0.000000000000000000e+00
7.322540584399774843e-01
9.932148763209437403e-01
1.090745878113290157e+00
2.108255529044801513e+00
0.000000000000000000e+00
1.572092658145193500e+00
7.846785072125338489e-01
7.188176330114361967e-01
1.106432637515142314e+00
2.300598360321147728e-01
4.697561282653683334e-01
0.000000000000000000e+00
0.000000000000000000e+00
1.060771723790701060e+00
0.000000000000000000e+00
7.250485633722905110e-01
7.993423528945271528e-01
0.000000000000000000e+00
1.090892055526606841e+00
0.000000000000000000e+00
0.000000000000000000e+00
0.000000000000000000e+00
1.175046405614132095e+00
2.739048086196060883e+00
0.000000000000000000e+00
7.508628692387954162e-01
0.000000000000000000e+00
1.129171951191202533e-01
6.174993698938817561e-03
1.915888418598314935e-01
6.607848273858015764e-01
6.551130408712478870e-01
0.000000000000000000e+00
2.301272705542935781e-01
0.000000000000000000e+00
2.124015256065920010e+00
0.000000000000000000e+00
