# Ensemble B, m = 50.0, c_n/c_p = 0.767741935484, f = -0.972608695652
# lambda = [  6.41770203e-09  -4.79217821e-09   0.00000000e+00   1.14530628e-09]
#  
5.146090338858836516e-02
3.620140258572383113e-02
0.000000000000000000e+00
1.499196518403657752e+00
1.118745037008972848e-01
3.463718391096886062e-01
1.415476772983063736e+00
4.780431488566321691e-02
3.314382727909213205e-02
9.312806103818423997e-01
1.858461285943018293e+00
0.000000000000000000e+00
5.072062674101524005e-01
0.000000000000000000e+00
2.729251256545112136e-01
0.000000000000000000e+00
0.000000000000000000e+00
0.000000000000000000e+00
1.592937717332577829e+00
6.101557244590956330e-02
1.336231467179209709e+00
5.820475596268301910e-01
0.000000000000000000e+00
0.000000000000000000e+00
1.171633334281689254e-01
0.000000000000000000e+00
1.970031324448393573e-01
1.942804555072318085e+00
1.923441774019675643e+00
4.418875316745858872e-01
9.233500463477048448e-02
0.000000000000000000e+00
0.000000000000000000e+00
1.872552320875177714e-02
0.000000000000000000e+00
1.788523704214851073e-01
0.000000000000000000e+00
0.000000000000000000e+00
1.897393387817347454e+00
0.000000000000000000e+00
9.768580522483292228e-01
7.360330258342080434e-01
2.403581491698618747e-02
9.421290931637319455e-01
1.456531466862673430e+00
9.417637419312480107e-02
0.000000000000000000e+00
1.072806274377072988e+00
0.000000000000000000e+00
6.433331405406263193e-02
1.002033142489176631e+00
0.000000000000000000e+00
7.049787474361049466e-02
0.000000000000000000e+00
0.000000000000000000e+00
1.555061561453916497e+00
1.336653265236907195e+00
0.000000000000000000e+00
1.838799111063457614e+00
2.168410580118633121e-02
3.545178575357554179e-02
0.000000000000000000e+00
3.029965466457353429e+00
2.031110381350874905e-01
0.000000000000000000e+00
0.000000000000000000e+00
0.000000000000000000e+00
1.889579013947976227e-01
0.000000000000000000e+00
1.273500559970041149e-03
0.000000000000000000e+00
0.000000000000000000e+00
2.659979281164337461e+00
1.727261115811587477e-01
2.327771958016512932e-01
9.634868162906717881e-01
0.000000000000000000e+00
1.338919940614547409e-02
1.058098670883063780e-01
7.208776452393300671e-02
6.806509289987186474e-04
0.000000000000000000e+00
5.377654997095518974e-01
7.799355140836549127e-01
4.172913485477580675e-01
1.175274619628264627e+00
1.237041654610982810e+00
2.505591927229944456e-03
7.254387029196992520e-01
3.377004018235486155e-02
0.000000000000000000e+00
1.284911247672525236e-01
4.553625401244839471e-02
0.000000000000000000e+00
1.425317378960623549e-01
1.943181508397466284e-01
8.868974662983588123e-03
4.278761416008871471e-02
0.000000000000000000e+00
2.604015656148138125e-01
