# Ensemble B, m = 50.0, lambda = [  4.98465874e-09  -3.78604357e-09   0.00000000e+00   1.14559660e-09]
0.000000000000000000e+00
0.000000000000000000e+00
2.286137988433551982e+00
0.000000000000000000e+00
4.428501054289353256e-01
0.000000000000000000e+00
9.667730829954751526e-01
1.503679856470237386e+00
3.165594190362758797e-01
1.355957606741244881e+00
1.604578115826433464e-03
0.000000000000000000e+00
1.805789757102853610e+00
8.658857292267885253e-01
4.064642453221737894e-01
0.000000000000000000e+00
1.374675212398152602e-01
0.000000000000000000e+00
9.054959456614586344e-01
0.000000000000000000e+00
0.000000000000000000e+00
2.847973308680482388e-03
0.000000000000000000e+00
5.544482490319389834e-02
0.000000000000000000e+00
5.064699812532338363e-01
2.904847714803409850e-02
0.000000000000000000e+00
2.526523377238501511e-01
5.937922055559469170e-01
2.676724179659121725e-02
9.288916413949828144e-01
3.290085125949654410e-02
0.000000000000000000e+00
8.479724595436418169e-03
6.500939864439766458e-01
0.000000000000000000e+00
1.226803522775470924e-02
0.000000000000000000e+00
0.000000000000000000e+00
2.085438108004145641e-01
9.641294793170870348e-01
0.000000000000000000e+00
1.761317637971163488e-02
0.000000000000000000e+00
3.281328113286895165e-02
3.967299799467994825e-01
1.943330427818303896e+00
0.000000000000000000e+00
1.655547605382394982e+00
0.000000000000000000e+00
4.024379007656757046e-01
9.719866849874388495e-03
1.129565719412465086e+00
0.000000000000000000e+00
1.886622061434087172e+00
0.000000000000000000e+00
1.256654827672644581e+00
8.716860769630786765e-02
0.000000000000000000e+00
0.000000000000000000e+00
8.029415975241562808e-01
0.000000000000000000e+00
9.186174132090924038e-01
0.000000000000000000e+00
3.760965287752592312e-01
6.030903443181072354e-03
1.169206844094138997e+00
2.294272764409357457e+00
2.347396010214787943e+00
8.422164836991130610e-01
0.000000000000000000e+00
8.328163496953810974e-01
1.598842485817939529e+00
2.948863649915577922e-01
1.264806327963023724e+00
1.258912609236191749e+00
1.547430026755610921e+00
9.005345026117206331e-01
0.000000000000000000e+00
0.000000000000000000e+00
5.059147576822495100e-03
1.144992282547042245e-01
0.000000000000000000e+00
0.000000000000000000e+00
1.140544621963780703e+00
0.000000000000000000e+00
8.379414593215952500e-01
2.463941026112144994e-01
0.000000000000000000e+00
0.000000000000000000e+00
2.653662980013067330e-01
2.292905091323573993e-02
3.582761754333675663e-02
0.000000000000000000e+00
0.000000000000000000e+00
0.000000000000000000e+00
3.977908944605423325e-01
0.000000000000000000e+00
6.596424428138005780e-01
