# Ensemble B, m = 50.0, lambda = [  8.99430008e-09  -6.21433601e-09   0.00000000e+00   1.17811530e-09]
1.390408880656307522e+00
0.000000000000000000e+00
1.218105308826768596e+00
0.000000000000000000e+00
8.803752370476870537e-01
1.368972679825522509e-01
1.581156716546593954e-01
0.000000000000000000e+00
0.000000000000000000e+00
0.000000000000000000e+00
4.703241854664466648e-01
0.000000000000000000e+00
0.000000000000000000e+00
1.288133527714077520e+00
9.852105206228999046e-02
0.000000000000000000e+00
9.474863927710224232e-01
8.376544245298633840e-01
0.000000000000000000e+00
1.724999651831300440e+00
2.657639344885053267e-01
0.000000000000000000e+00
1.122907955899362431e+00
1.544182001696994044e+00
1.260725203268893591e+00
5.740087705967204454e-03
2.035157374024647581e+00
1.699156506133613909e-01
3.713025428769885228e-02
5.663889107449393556e-01
1.824877628485760628e+00
8.557724448908681988e-03
6.527425644313720188e-01
7.838697026100587273e-01
9.815233756279494182e-02
9.806381614107894107e-01
1.389010518064346167e+00
1.210799156380261365e+00
0.000000000000000000e+00
0.000000000000000000e+00
4.374940760937431894e-01
2.375490299280028861e+00
0.000000000000000000e+00
1.468018216722086544e+00
8.762340931351929596e-01
1.307377562248137393e+00
1.069631333537065299e+00
4.315581363807703963e-01
0.000000000000000000e+00
8.165682680501235025e-01
1.824108126625008763e+00
0.000000000000000000e+00
1.450028566267369534e+00
4.802357975126441691e-01
7.013949285440345127e-01
7.139725981481864769e-01
2.776507216312166904e+00
1.956002711431279684e+00
0.000000000000000000e+00
1.339929910528974810e+00
9.182661703579405588e-01
1.843232641832333929e+00
5.115099629729521480e-01
0.000000000000000000e+00
1.020391437620383535e+00
0.000000000000000000e+00
1.129701557920665733e+00
1.477252650973273074e+00
0.000000000000000000e+00
2.345260953634661083e-01
8.191367652840388924e-01
0.000000000000000000e+00
3.400770543361973930e-01
8.010040484877249956e-01
2.657353963324636137e+00
2.211482466132459024e+00
1.143858678069024082e-01
1.523152350273018873e+00
6.792608762438437919e-01
2.482670769079808437e+00
7.644730423469023317e-02
3.154465221694189303e-01
4.130478736010524156e-03
0.000000000000000000e+00
2.836714006691896245e-02
2.339244143396536357e-02
3.461838491273246388e-01
7.333718008179974934e-02
0.000000000000000000e+00
3.566556563618293874e-01
0.000000000000000000e+00
9.202697353007861514e-01
0.000000000000000000e+00
1.802322940337978963e-01
0.000000000000000000e+00
0.000000000000000000e+00
4.322130261225191061e-01
7.865315903787225560e-01
1.216134996862375361e+00
6.341162776670448142e-01
