# Ensemble B, m = 50.0, lambda = [  3.79873734e-09  -3.06398801e-09   0.00000000e+00   1.11207915e-09]
3.315626151071925931e-01
6.120011247230193741e-01
2.637115911272991386e-02
0.000000000000000000e+00
3.915484009603423798e-01
7.100483062919473731e-01
1.879420991217711556e+00
6.342017521084163389e-01
1.991994984700302673e+00
5.895436658141254282e-01
1.357157068099003674e-02
0.000000000000000000e+00
4.555263357741342611e-01
0.000000000000000000e+00
1.205219681742707660e+00
0.000000000000000000e+00
1.859877168390176916e+00
0.000000000000000000e+00
0.000000000000000000e+00
9.188793242033488351e-01
8.826764631948814666e-01
6.551927646510203804e-03
0.000000000000000000e+00
6.724385567896608018e-01
0.000000000000000000e+00
0.000000000000000000e+00
3.144644268652559971e-01
9.418676813263137104e-01
1.754735766283619103e-01
0.000000000000000000e+00
8.400936675571128026e-03
0.000000000000000000e+00
0.000000000000000000e+00
2.398666029417252599e+00
0.000000000000000000e+00
0.000000000000000000e+00
0.000000000000000000e+00
5.624686398139788768e-01
0.000000000000000000e+00
4.618977270209164571e-02
1.457757757187428060e+00
8.843395019122824996e-01
1.593630516777701178e+00
0.000000000000000000e+00
0.000000000000000000e+00
1.293248786230266179e+00
1.372195611432194484e+00
0.000000000000000000e+00
0.000000000000000000e+00
7.190546630139565965e-01
1.082992034677282556e+00
0.000000000000000000e+00
0.000000000000000000e+00
2.025615517036923052e-01
1.221934015606093382e+00
7.975747821092030732e-01
7.133323745468740373e-01
9.304309098984265419e-03
0.000000000000000000e+00
6.141307264589479509e-01
0.000000000000000000e+00
0.000000000000000000e+00
0.000000000000000000e+00
0.000000000000000000e+00
0.000000000000000000e+00
9.691896866494202900e-01
8.241177472800291781e-01
6.070750363594501703e-04
2.293899132197743055e-03
0.000000000000000000e+00
8.329891788506754713e-01
9.540826005393902021e-01
0.000000000000000000e+00
0.000000000000000000e+00
0.000000000000000000e+00
0.000000000000000000e+00
1.235535041655762452e-03
0.000000000000000000e+00
1.113349154923371165e+00
1.558197493339938511e+00
3.565366005948517655e-03
0.000000000000000000e+00
0.000000000000000000e+00
9.185414543500493023e-01
1.148409453480418785e+00
0.000000000000000000e+00
0.000000000000000000e+00
9.546650760685013726e-01
0.000000000000000000e+00
0.000000000000000000e+00
8.435593336203058845e-01
1.138592429581790633e+00
5.346053796992758164e-03
2.098480865745724788e+00
0.000000000000000000e+00
0.000000000000000000e+00
8.653020848968004941e-01
0.000000000000000000e+00
6.820555775305594537e-01
2.631791537332523953e-02
