# Ensemble B, m = 50.0, lambda = [  5.53791187e-09  -4.41273323e-09   0.00000000e+00   1.05680027e-09]
6.251830371085055349e-01
2.302622798047597730e-01
0.000000000000000000e+00
9.745828280723394244e-01
1.418075953224492203e+00
1.154376503807981180e+00
6.887801160277347012e-01
3.856986603908641453e-01
1.835311022663701497e+00
1.712751326920336270e+00
6.856674279430295949e-01
0.000000000000000000e+00
2.368352028258800868e+00
3.287284744829408779e-03
0.000000000000000000e+00
0.000000000000000000e+00
0.000000000000000000e+00
1.059349588518354812e+00
2.158818913833811803e-01
6.797096330993501745e-01
0.000000000000000000e+00
9.426184924008642815e-03
3.231452078999842992e-01
5.063636823883367333e-01
9.385286055020237717e-01
1.987333399153432989e+00
5.523021099473931494e-01
4.657138422648296472e-01
0.000000000000000000e+00
1.309169180634730534e+00
5.154417125860768500e-01
0.000000000000000000e+00
0.000000000000000000e+00
0.000000000000000000e+00
3.830379528334077466e-01
0.000000000000000000e+00
2.634768674973262947e-01
1.329852165621361992e+00
4.644919519491080839e-01
3.640047545074988622e-01
0.000000000000000000e+00
0.000000000000000000e+00
0.000000000000000000e+00
1.608241689355602411e+00
4.932258904110798925e-01
1.461337622798554614e+00
0.000000000000000000e+00
6.411199197098961244e-01
0.000000000000000000e+00
1.081197252575588907e-01
1.090458335613079477e+00
1.392068433288471851e+00
1.325744567690430475e+00
6.519062862822019300e-01
2.415011841317510566e+00
1.032970044001446652e+00
0.000000000000000000e+00
1.811980950609459518e+00
0.000000000000000000e+00
0.000000000000000000e+00
5.037973922050957842e-01
0.000000000000000000e+00
2.650755194008639570e+00
1.101668866181013673e+00
0.000000000000000000e+00
0.000000000000000000e+00
0.000000000000000000e+00
7.227445417186614818e-02
1.708857768292210366e+00
0.000000000000000000e+00
3.300140551519617493e-01
1.346053747207989204e-01
1.358575168756911644e+00
0.000000000000000000e+00
1.337227792410632610e+00
0.000000000000000000e+00
0.000000000000000000e+00
1.800927420531969858e+00
1.164743904876876179e+00
0.000000000000000000e+00
1.047361154529323990e+00
2.061961377596421396e+00
0.000000000000000000e+00
1.001948616413928850e+00
4.488478701659279202e-01
4.802732503095564209e-01
0.000000000000000000e+00
3.220471388923411005e-01
7.188320164426639236e-01
7.288240341855904969e-01
0.000000000000000000e+00
0.000000000000000000e+00
0.000000000000000000e+00
0.000000000000000000e+00
3.388910901288015309e-01
2.682941591038582978e-03
4.679859630057104369e-01
1.927416179328007351e+00
2.307829898651133846e-02
0.000000000000000000e+00
