# Ensemble B, m = 50.0, lambda = [  6.79124586e-09  -5.58848336e-09   0.00000000e+00   8.45422541e-10]
1.894595578491588661e+00
2.466710780504841882e-01
0.000000000000000000e+00
4.575677707842553676e-01
2.172998432968901716e-01
8.932421896353033297e-01
8.893080424542166851e-01
4.421075673662888672e-01
9.979794060420722479e-01
0.000000000000000000e+00
0.000000000000000000e+00
0.000000000000000000e+00
3.851242557799102739e-01
1.966480594991284914e+00
8.196340615329833490e-02
1.101301041030055883e+00
2.399961704065036727e+00
1.195197479419995767e+00
3.034178134290049789e-01
9.621944279297163852e-03
1.339488478087890178e+00
1.546255143444859481e+00
7.715757516921760706e-01
6.578095787042496090e-01
8.350697087509177940e-01
2.033710958445281491e+00
7.444506256294666224e-01
2.292602309440423536e-01
0.000000000000000000e+00
2.718281977259051629e+00
6.581031724555257423e-01
5.877724701777704563e-01
1.007690897061951807e+00
1.488338105749563045e+00
7.115712012556779653e-01
1.128346821134773026e-01
8.054739919857508701e-01
0.000000000000000000e+00
4.611395942831679751e-01
4.860926254079447895e-01
2.000879282868909037e+00
1.592318524328039331e+00
9.311000060748958473e-01
7.714961651845481105e-01
1.248495609602337630e+00
0.000000000000000000e+00
8.333425875163534557e-02
5.265520735963146182e-01
2.054052177851451777e+00
0.000000000000000000e+00
0.000000000000000000e+00
0.000000000000000000e+00
0.000000000000000000e+00
2.251785306471343784e+00
1.792265163509375814e+00
0.000000000000000000e+00
0.000000000000000000e+00
4.892504588023177114e-01
1.053048726277460156e+00
1.322169314178246013e+00
3.637040038125795016e-01
0.000000000000000000e+00
1.750986456505389643e+00
8.986897163466616156e-01
8.232351728248499256e-01
5.558496578992261350e-01
0.000000000000000000e+00
0.000000000000000000e+00
0.000000000000000000e+00
1.427631634775708758e+00
5.693377026871130342e-01
1.722376569276856118e-01
9.484334285877632498e-01
3.450014511734635081e-02
1.989392024769017997e+00
0.000000000000000000e+00
1.318082769905562390e+00
1.386584700655577373e+00
4.320831288998397933e-03
1.019406633914343052e+00
2.996119258482586312e-01
2.330876964046523225e-01
0.000000000000000000e+00
0.000000000000000000e+00
2.345033174212165950e+00
0.000000000000000000e+00
2.287552161954863994e+00
0.000000000000000000e+00
0.000000000000000000e+00
6.822587273676161690e-01
0.000000000000000000e+00
6.288813316122172578e-03
0.000000000000000000e+00
0.000000000000000000e+00
1.366983954257291911e+00
0.000000000000000000e+00
9.191344544534597594e-01
0.000000000000000000e+00
0.000000000000000000e+00
0.000000000000000000e+00
