# Ensemble B, m = 50.0, lambda = [  4.38332632e-09  -4.12071559e-09   0.00000000e+00   5.48727039e-10]
2.586822890834728383e+00
1.460265720068983253e+00
1.335950213004014175e+00
0.000000000000000000e+00
0.000000000000000000e+00
0.000000000000000000e+00
5.574159001828550286e-01
2.987515883066134692e-01
7.768718915278375325e-01
9.913150666174960213e-01
4.036504564490274727e-01
0.000000000000000000e+00
0.000000000000000000e+00
1.764440401658469992e-01
9.235112086775505436e-01
0.000000000000000000e+00
0.000000000000000000e+00
0.000000000000000000e+00
0.000000000000000000e+00
6.236175051956518445e-01
0.000000000000000000e+00
0.000000000000000000e+00
1.356491283369659628e+00
9.689641456111236506e-01
0.000000000000000000e+00
3.864758832153855073e-01
4.695293070825973247e-01
1.052027296685517976e+00
6.479119987684732740e-01
1.114022934340520132e+00
4.219216828558101651e-01
8.275075255583735911e-01
0.000000000000000000e+00
1.585128461166325664e+00
5.666584925682932594e-01
0.000000000000000000e+00
0.000000000000000000e+00
1.669474457917847099e+00
0.000000000000000000e+00
2.862050860541824004e+00
5.282054857018005922e-01
5.245151017586684172e-02
6.486665082545465255e-01
0.000000000000000000e+00
0.000000000000000000e+00
1.392452129654533799e+00
0.000000000000000000e+00
0.000000000000000000e+00
1.033062968171816864e+00
0.000000000000000000e+00
0.000000000000000000e+00
8.613843570306946029e-01
1.428715065489373839e-02
0.000000000000000000e+00
1.102468615184599710e+00
3.101038604100596063e-01
0.000000000000000000e+00
0.000000000000000000e+00
0.000000000000000000e+00
1.948556891710377104e-01
0.000000000000000000e+00
4.021533440093764122e-01
0.000000000000000000e+00
0.000000000000000000e+00
1.336096915703868460e+00
3.113040307425089109e-02
9.949086434838824711e-02
7.567027574046250038e-01
0.000000000000000000e+00
5.298413762070967037e-01
4.915679853148953726e-01
0.000000000000000000e+00
1.217717082018626717e-01
0.000000000000000000e+00
0.000000000000000000e+00
8.474443399790299036e-01
5.699260768635296959e-01
0.000000000000000000e+00
4.044621669356380234e-01
0.000000000000000000e+00
2.659181067339030369e-01
0.000000000000000000e+00
0.000000000000000000e+00
1.268358990551313514e+00
0.000000000000000000e+00
1.024904076137641284e-01
0.000000000000000000e+00
1.821891514932901579e+00
0.000000000000000000e+00
2.720153146624471496e+00
1.462793905133299294e-02
1.612132078781668143e-01
3.401348681445875433e-01
7.429962568183192673e-01
5.593805847479417226e-01
1.067530875221728959e+00
0.000000000000000000e+00
0.000000000000000000e+00
0.000000000000000000e+00
1.416113477235875218e+00
