# Ensemble B, m = 50.0, c_n/c_p = 0.948387096774, f = -0.985652173913
# lambda = [  4.17471811e-09  -3.90244218e-09   0.00000000e+00   6.68278413e-10]
#  
6.589917257032551490e-01
0.000000000000000000e+00
1.645144538356841657e-01
1.911443581597142671e+00
0.000000000000000000e+00
0.000000000000000000e+00
0.000000000000000000e+00
3.394825229258348342e-02
0.000000000000000000e+00
4.011753301820789042e-01
4.475574592007126595e-01
0.000000000000000000e+00
9.153262235211694353e-01
3.447076137280722374e-01
2.207770500300546834e-01
2.543730922233329861e-01
6.190164087196886600e-01
0.000000000000000000e+00
7.323245023433450074e-01
0.000000000000000000e+00
0.000000000000000000e+00
0.000000000000000000e+00
0.000000000000000000e+00
2.203552244759772738e-01
4.846636765842210481e-01
0.000000000000000000e+00
3.320373682727623121e-01
7.284957727573838637e-01
0.000000000000000000e+00
1.533759169054965676e+00
0.000000000000000000e+00
7.497490275569228257e-02
3.299451088891373618e-01
0.000000000000000000e+00
0.000000000000000000e+00
8.660729187951373698e-01
3.153753624783704468e-01
8.391118178298127492e-03
0.000000000000000000e+00
1.191248307989305477e+00
7.313269599593170689e-01
1.745840223308168682e+00
1.644674817041938741e+00
0.000000000000000000e+00
5.913585942758166070e-01
7.590759879818063105e-01
0.000000000000000000e+00
0.000000000000000000e+00
6.882301694542728408e-03
0.000000000000000000e+00
1.574037858235889598e+00
1.750666725070536556e+00
4.382426425411341600e-03
0.000000000000000000e+00
0.000000000000000000e+00
1.435640122703320531e-01
2.522211153511481285e+00
5.308716805882582324e-02
1.414359170407192501e+00
1.115969925152786146e+00
0.000000000000000000e+00
0.000000000000000000e+00
4.655296436317993836e-01
5.216017768272033228e-01
1.351019885352664929e+00
3.351349238170810985e-01
7.943295058371128980e-02
0.000000000000000000e+00
2.787992332570107479e+00
8.709877166164660123e-01
1.443908744699458513e+00
3.581120642504143081e-01
1.011880219490202792e+00
8.386793218726500410e-01
8.307013838677557160e-02
2.407681485795638121e+00
2.811327748201019050e-01
5.861864205144777795e-01
0.000000000000000000e+00
5.805772671304491039e-01
0.000000000000000000e+00
1.407964543986749639e+00
9.963115214572487721e-02
3.394108895385139490e-01
8.546659036404913312e-01
0.000000000000000000e+00
1.840623334389736687e+00
0.000000000000000000e+00
8.204979454897630697e-01
2.712888518295219487e-01
0.000000000000000000e+00
0.000000000000000000e+00
0.000000000000000000e+00
1.698712225540306209e+00
1.506471078688018217e+00
7.391244324764670304e-02
0.000000000000000000e+00
9.869151880047354330e-01
0.000000000000000000e+00
0.000000000000000000e+00
