# Ensemble C, m = 25.0, lambda = [  8.25137299e-09  -5.29517602e-09   0.00000000e+00   1.42347074e-09]
0.000000000000000000e+00
0.000000000000000000e+00
1.624409721568393083e-01
0.000000000000000000e+00
6.455256817432014800e-03
4.321242010619810170e-01
0.000000000000000000e+00
0.000000000000000000e+00
5.308739118516433431e-01
1.056794702274169717e+00
1.563597488231612820e+00
2.836708185048440467e-01
0.000000000000000000e+00
9.258383357084832427e-03
0.000000000000000000e+00
0.000000000000000000e+00
0.000000000000000000e+00
1.728498607587243274e+00
0.000000000000000000e+00
8.664157240069429999e-01
0.000000000000000000e+00
0.000000000000000000e+00
0.000000000000000000e+00
0.000000000000000000e+00
7.667229898363775442e-01
0.000000000000000000e+00
1.755432065161053545e+00
2.482486773380310652e+00
0.000000000000000000e+00
2.962261439319376355e-01
8.736047593999620720e-01
3.636161319255230562e-01
4.018075181938015293e-03
1.893786535804932614e+00
0.000000000000000000e+00
0.000000000000000000e+00
0.000000000000000000e+00
1.035735943245687851e+00
0.000000000000000000e+00
0.000000000000000000e+00
3.131735751743098262e-01
1.189578866996721995e+00
9.734453641596967355e-01
0.000000000000000000e+00
0.000000000000000000e+00
2.990152707750430849e-01
8.361718230958424813e-01
1.333863353225307691e+00
0.000000000000000000e+00
0.000000000000000000e+00
0.000000000000000000e+00
1.504098674792104351e+00
1.413433650293292709e+00
6.453263147264932664e-01
5.436935570226033576e-01
0.000000000000000000e+00
0.000000000000000000e+00
2.190028969976560713e+00
4.185850528490721589e-01
2.223176343661367405e+00
0.000000000000000000e+00
8.344459504263126298e-03
9.448351546758517600e-03
1.135129432771076363e+00
0.000000000000000000e+00
0.000000000000000000e+00
0.000000000000000000e+00
0.000000000000000000e+00
0.000000000000000000e+00
5.150937999240469134e-01
1.433327556910981015e-01
8.170394817630756146e-01
1.584106318152407988e+00
1.219845604680073414e+00
0.000000000000000000e+00
0.000000000000000000e+00
4.135907375489323301e-01
1.181686679165877329e+00
0.000000000000000000e+00
0.000000000000000000e+00
1.190025369628157359e-02
1.602405123189792224e+00
6.966391942552309091e-01
6.214804295456625161e-01
3.985255033872564523e-03
2.302645597577725134e+00
0.000000000000000000e+00
2.047235729994245634e+00
7.887730033401908480e-01
2.465763082856117894e+00
0.000000000000000000e+00
0.000000000000000000e+00
2.082428798934862879e+00
3.521834660610337342e-01
1.413947349861387703e+00
1.535997622045610189e+00
0.000000000000000000e+00
1.409768701482656261e-01
0.000000000000000000e+00
9.219643595315015761e-01
