# Ensemble C, m = 25.0, c_n/c_p = 0.845161290323, f = -0.994782608696
# lambda = [  9.18505365e-09  -7.72234996e-09   0.00000000e+00   7.91946395e-10]
#  
1.270058426898794446e+00
0.000000000000000000e+00
1.870353270798289724e+00
4.236277860017608754e-01
0.000000000000000000e+00
0.000000000000000000e+00
0.000000000000000000e+00
4.304758612434115284e-01
2.281718764771650809e-01
0.000000000000000000e+00
0.000000000000000000e+00
5.407933137823657255e-01
0.000000000000000000e+00
1.057724652520378950e+00
0.000000000000000000e+00
4.547783234044741607e-01
1.537068248395163206e+00
0.000000000000000000e+00
1.233398912290074811e+00
1.434719767109741972e-01
1.631633566553860881e-01
0.000000000000000000e+00
0.000000000000000000e+00
1.935318373541971837e-01
1.485440577224188541e+00
1.021768107761261035e+00
9.978652422140479317e-01
0.000000000000000000e+00
0.000000000000000000e+00
0.000000000000000000e+00
1.216418465263294113e+00
2.824572675540600875e-01
6.770831397002983199e-01
9.823380986198482212e-01
1.123681184101063213e+00
8.783917628572991410e-01
0.000000000000000000e+00
0.000000000000000000e+00
5.252255414743131068e-01
1.851176236704470179e+00
0.000000000000000000e+00
0.000000000000000000e+00
8.167078450135638601e-01
9.133577378541943292e-02
1.202549481615592386e+00
1.089971836157850316e+00
0.000000000000000000e+00
9.703198618291218880e-01
8.592443974400781892e-01
5.458908643654682841e-02
0.000000000000000000e+00
1.323506275268015564e+00
8.208076348380647369e-01
7.725513212148799047e-02
1.308267693770628348e+00
1.076891830738337497e+00
1.412350396315247947e+00
0.000000000000000000e+00
0.000000000000000000e+00
7.168194558365911240e-01
9.857307709381004646e-01
1.153216118568386683e+00
0.000000000000000000e+00
6.913949076608173483e-01
2.295545134473846519e-02
2.479153608765527483e-01
1.288230736135855814e+00
0.000000000000000000e+00
1.311336516884475077e-03
5.427705719943130835e-02
1.567588272635464408e+00
7.272783892414103057e-02
5.109104501712697921e-01
1.524497706500192118e+00
9.032710567783699615e-03
2.723894336878772138e-01
1.554003975531361048e+00
1.430871659749563651e+00
0.000000000000000000e+00
0.000000000000000000e+00
0.000000000000000000e+00
1.571157295403196041e+00
1.293457225766672547e+00
6.043458785828066393e-01
6.958223712650087878e-01
6.564707598073952211e-01
0.000000000000000000e+00
0.000000000000000000e+00
5.986407795029223822e-01
3.251787184645837381e-01
1.589060682031242289e+00
1.225358312107572819e-03
0.000000000000000000e+00
1.440047662539087447e+00
1.842771850663839306e+00
3.351639192203625245e-02
4.721044175428343870e-01
0.000000000000000000e+00
9.301052474492136346e-01
5.928345467370994132e-03
