# Ensemble C, m = 25.0, lambda = [  5.84752754e-09  -5.42240285e-09   0.00000000e+00   7.22063680e-10]
4.477981192121668341e-01
0.000000000000000000e+00
0.000000000000000000e+00
1.967954227549266966e+00
0.000000000000000000e+00
0.000000000000000000e+00
0.000000000000000000e+00
0.000000000000000000e+00
0.000000000000000000e+00
0.000000000000000000e+00
0.000000000000000000e+00
0.000000000000000000e+00
1.427276347922221911e+00
0.000000000000000000e+00
0.000000000000000000e+00
0.000000000000000000e+00
0.000000000000000000e+00
0.000000000000000000e+00
0.000000000000000000e+00
0.000000000000000000e+00
0.000000000000000000e+00
0.000000000000000000e+00
1.814733410277628075e-03
0.000000000000000000e+00
0.000000000000000000e+00
7.067045127486607514e-01
0.000000000000000000e+00
2.254781526056846896e+00
0.000000000000000000e+00
1.425271294561967494e-01
0.000000000000000000e+00
0.000000000000000000e+00
0.000000000000000000e+00
0.000000000000000000e+00
5.816670628336966138e-03
1.499111092838055666e-02
0.000000000000000000e+00
0.000000000000000000e+00
0.000000000000000000e+00
1.377221182275187417e+00
0.000000000000000000e+00
0.000000000000000000e+00
6.981263544482286809e-01
0.000000000000000000e+00
0.000000000000000000e+00
1.331302200957095838e+00
0.000000000000000000e+00
0.000000000000000000e+00
5.703762588892704599e-01
5.279612347641297054e-01
0.000000000000000000e+00
0.000000000000000000e+00
0.000000000000000000e+00
0.000000000000000000e+00
4.441015208247908047e-02
0.000000000000000000e+00
5.564966158627951964e-01
0.000000000000000000e+00
0.000000000000000000e+00
3.540711123796571047e-01
7.032020022545245608e-01
0.000000000000000000e+00
0.000000000000000000e+00
0.000000000000000000e+00
0.000000000000000000e+00
0.000000000000000000e+00
0.000000000000000000e+00
4.571995269492091230e-01
0.000000000000000000e+00
0.000000000000000000e+00
0.000000000000000000e+00
0.000000000000000000e+00
1.411150642147175061e-01
0.000000000000000000e+00
0.000000000000000000e+00
0.000000000000000000e+00
9.188084042653869021e-01
1.203972424386553719e+00
4.695986630633658954e-01
0.000000000000000000e+00
6.722682536187963853e-01
0.000000000000000000e+00
1.087208134956142214e+00
0.000000000000000000e+00
0.000000000000000000e+00
0.000000000000000000e+00
0.000000000000000000e+00
8.926976296145819889e-01
6.388506486771092785e-01
0.000000000000000000e+00
0.000000000000000000e+00
0.000000000000000000e+00
0.000000000000000000e+00
1.761689061050867033e-01
0.000000000000000000e+00
1.197219221380494032e-03
0.000000000000000000e+00
0.000000000000000000e+00
0.000000000000000000e+00
1.965643516243566480e-01
