# Ensemble C, m = 25.0, c_n/c_p = 0.625806451613, f = -0.981739130435
# lambda = [  1.02164531e-08  -6.27677098e-09   0.00000000e+00   1.21625363e-09]
#  
2.732347240508316011e-01
5.952510811738216390e-01
1.203232446196520478e+00
0.000000000000000000e+00
0.000000000000000000e+00
8.329339418582678567e-01
4.133781576835230953e-01
6.814126693211376429e-01
1.305107543369770084e+00
5.148615589716549756e-01
1.106458166294557399e+00
0.000000000000000000e+00
1.063114866611598375e+00
1.281150252909109888e+00
1.685051206697963044e+00
0.000000000000000000e+00
1.869894666854322041e-01
0.000000000000000000e+00
1.680570634661702478e-01
1.077139020423129034e+00
1.631788960752640794e+00
2.668125078989087573e-01
4.555562885127216743e-01
3.660950874825189341e-03
2.574246512441986212e+00
2.584538355048497382e-01
0.000000000000000000e+00
2.816969552346422212e+00
8.131393865752383210e-01
0.000000000000000000e+00
1.063382693389247624e+00
7.190792006886659316e-01
6.987414929216427817e-01
7.346375973507379697e-01
5.750513619069456128e-01
6.282872262753060877e-01
0.000000000000000000e+00
0.000000000000000000e+00
4.846868692180465454e-01
3.977327666836585340e-01
3.866780609349266817e-01
0.000000000000000000e+00
0.000000000000000000e+00
0.000000000000000000e+00
1.194738371208967781e-01
7.988764518476312304e-01
0.000000000000000000e+00
0.000000000000000000e+00
1.751101184599956451e+00
0.000000000000000000e+00
7.948657447947476973e-01
0.000000000000000000e+00
0.000000000000000000e+00
6.371535953151822307e-01
4.465890198262318922e-01
3.427290136282910571e-01
0.000000000000000000e+00
1.765826036567006430e+00
0.000000000000000000e+00
0.000000000000000000e+00
4.320814367682725421e-01
0.000000000000000000e+00
5.822266601330899904e-01
1.123912904179569683e+00
0.000000000000000000e+00
6.814960878260392096e-01
1.287512116979988297e-01
5.034226584169664183e-03
0.000000000000000000e+00
0.000000000000000000e+00
1.070329684734957043e+00
7.859976768685221771e-01
0.000000000000000000e+00
2.381041776488760919e-01
0.000000000000000000e+00
1.118708328281664999e+00
0.000000000000000000e+00
9.362436441480685989e-01
1.639810677647410841e+00
1.825013457457570265e+00
1.841944814894670657e+00
1.347857211968686464e+00
8.659947981701907604e-01
1.732551303545497134e+00
3.031242825024786369e-01
0.000000000000000000e+00
7.743811358217060903e-01
1.103550286678008030e+00
4.162949954433788902e-01
0.000000000000000000e+00
0.000000000000000000e+00
1.091810528411792047e+00
0.000000000000000000e+00
0.000000000000000000e+00
6.487511410491971775e-01
3.069857747912159596e+00
5.291361006493946473e-01
1.918183557871725453e+00
3.771109302699604537e-01
7.252050410723981377e-01
