# Ensemble C, m = 25.0, lambda = [  1.14212601e-08  -8.19116195e-09   0.00000000e+00   1.49496464e-09]
0.000000000000000000e+00
0.000000000000000000e+00
0.000000000000000000e+00
3.409782478573791797e-01
1.181247875137761555e-01
5.793081817686170920e-01
1.721342151458030045e+00
0.000000000000000000e+00
2.223380520500181312e+00
1.836386985556535567e+00
0.000000000000000000e+00
7.682509240149000274e-01
0.000000000000000000e+00
2.078682481698659323e+00
0.000000000000000000e+00
1.804153093401683894e-01
3.254530435421327250e-01
1.800542106414634747e+00
8.545421330623874656e-01
4.368318973764619417e-01
2.048617264913986880e+00
8.608559305846522625e-01
0.000000000000000000e+00
7.568131076580176808e-01
5.308264626082569437e-01
9.733090067308993731e-01
9.581646914547177207e-01
1.530050248766545273e+00
1.942116608891157448e+00
0.000000000000000000e+00
9.207773677673220046e-05
2.085630458374583718e+00
1.646281423182929915e+00
1.295466552724561238e+00
1.740278557189798292e-01
2.163622597081471088e+00
0.000000000000000000e+00
1.399053095942145442e+00
1.504704337189448848e+00
0.000000000000000000e+00
0.000000000000000000e+00
5.779832944569703868e-01
2.181769497366262911e+00
5.917262870298973798e-01
2.035629776141616443e+00
1.118560487711113716e+00
3.701450137769153881e-01
1.325982541551306909e-03
9.872690899092232408e-01
1.418989743876315213e-01
1.567208351747242823e+00
0.000000000000000000e+00
1.324902575539042004e+00
1.726183518040180498e-01
1.060311136919037667e+00
2.158657050010526490e-01
8.105022812855543490e-01
1.835643162263995043e+00
0.000000000000000000e+00
0.000000000000000000e+00
1.224264551794344458e+00
9.903646455244593527e-01
9.206316852248545013e-01
0.000000000000000000e+00
8.957900459787966341e-01
8.302112651549099775e-02
1.147866970851984386e-02
0.000000000000000000e+00
4.113095919545641799e-01
2.384724136676667605e+00
1.886064608934437281e+00
6.700412150636331221e-01
1.889358062001816885e+00
1.446851729703470646e+00
2.402169969012404760e+00
1.985092423697600861e+00
1.046742942745647165e+00
0.000000000000000000e+00
2.261182417020337176e+00
1.217320778522696045e+00
0.000000000000000000e+00
1.304086246732245602e+00
1.151167984403862921e+00
0.000000000000000000e+00
2.147432804067218370e+00
1.503856988462438871e+00
2.309411831832661299e+00
1.694074600735030245e+00
3.256953977250870991e-01
1.869374307958221682e+00
1.386663050441881317e+00
9.984010854649696398e-01
2.622018721610706038e+00
0.000000000000000000e+00
2.128539734512626236e+00
0.000000000000000000e+00
0.000000000000000000e+00
0.000000000000000000e+00
3.788927228211083631e-01
0.000000000000000000e+00
