# Ensemble C, m = 25.0, lambda = [  1.03624016e-08  -8.43741836e-09   0.00000000e+00   9.47780569e-10]
1.644898440178214738e+00
1.686879703469078784e+00
1.398201104837915931e+00
1.272318572693011740e+00
1.610802549150908369e+00
2.205328328878411737e-01
0.000000000000000000e+00
1.459993586453049774e+00
0.000000000000000000e+00
1.932515029890011782e+00
0.000000000000000000e+00
1.138691124936638044e+00
7.206577119277589316e-02
1.957150701086163291e+00
5.833311938284000409e-01
0.000000000000000000e+00
0.000000000000000000e+00
8.898784601994997878e-01
1.827835695968031082e+00
0.000000000000000000e+00
3.280105772467310499e-01
8.076564296255492881e-01
7.803093667567709835e-01
5.887769810515217639e-01
5.200317855610765427e-01
7.559848354190752406e-01
1.250802584632776160e+00
1.391757370939367411e-01
2.177338837520764958e+00
1.914653770025984914e+00
0.000000000000000000e+00
9.595388913957660915e-01
1.387390507094433900e+00
1.995981724097059873e+00
4.622982574735401418e-01
1.516689315394833759e+00
1.878044502983957198e+00
1.570640577000274263e+00
2.190431409287953102e+00
1.979826386008658679e+00
0.000000000000000000e+00
1.721541308897102551e+00
1.624751630923258139e+00
1.982073381942792478e+00
2.312440141803087990e+00
8.522698292098948580e-02
8.164149882092781585e-01
8.000269141268383510e-01
2.165861188210544519e+00
0.000000000000000000e+00
6.410399702556526247e-01
1.600659138404608495e+00
1.435886564164989387e+00
1.001690060164488694e+00
0.000000000000000000e+00
1.566886922119523184e+00
1.506971141925112834e+00
1.784710467242764720e+00
1.195933754265487092e+00
3.018251107361465957e-01
8.669946424092317416e-01
4.945138453222278074e-01
0.000000000000000000e+00
1.751085498942810847e+00
1.873988355664763628e+00
1.685343171182400956e+00
1.084475315717393418e+00
3.927153903815355784e-01
1.422359251335661767e+00
1.839621913325056646e+00
4.894652623783885860e-03
8.212852619775062868e-02
2.325127569313015230e-01
9.377205041160655563e-01
1.469495825104014664e+00
1.550715577280221247e+00
2.347582692343912480e+00
2.026512123229525120e+00
7.996772434572411992e-02
8.474516399524189003e-01
0.000000000000000000e+00
1.577433901239163605e+00
5.697533185323880867e-01
1.451866660800610331e+00
1.944622696728856681e+00
1.536805156897462776e+00
0.000000000000000000e+00
1.545933422769734999e+00
4.600330888418203701e-01
0.000000000000000000e+00
0.000000000000000000e+00
8.847803152346054301e-01
0.000000000000000000e+00
0.000000000000000000e+00
0.000000000000000000e+00
0.000000000000000000e+00
0.000000000000000000e+00
1.684604112619657368e+00
0.000000000000000000e+00
1.433164919313612007e+00
