# Ensemble C, m = 25.0, c_n/c_p = 0.935483870968, f = -0.97
# lambda = [  4.90644968e-09  -4.45220740e-09   0.00000000e+00   1.11582836e-09]
#  
7.298783869637255339e-01
2.457876444022944196e-01
1.470062089687491358e-01
7.491690554436903141e-03
8.388471800694450309e-01
1.084860343476794498e+00
7.232536314528679178e-01
6.235352081881874176e-01
0.000000000000000000e+00
0.000000000000000000e+00
0.000000000000000000e+00
0.000000000000000000e+00
4.313680031878142085e-01
0.000000000000000000e+00
2.407766472202474417e-01
0.000000000000000000e+00
1.134141346501562397e+00
1.720016564661317027e+00
0.000000000000000000e+00
7.253727849382202164e-01
1.842372587968869879e-01
0.000000000000000000e+00
0.000000000000000000e+00
1.616538313925796944e+00
1.281993879797992841e+00
0.000000000000000000e+00
1.420177671174774225e+00
1.137788989170840370e+00
1.674058499307631842e-01
0.000000000000000000e+00
0.000000000000000000e+00
0.000000000000000000e+00
5.615605912570011959e-01
1.013541515444340568e+00
6.330520403186985501e-01
0.000000000000000000e+00
0.000000000000000000e+00
6.545376426125827374e-01
0.000000000000000000e+00
0.000000000000000000e+00
0.000000000000000000e+00
1.983654285259728756e+00
1.161798383608595220e+00
1.097593700805844064e+00
0.000000000000000000e+00
1.124191795565176122e+00
0.000000000000000000e+00
8.737518863585929108e-01
0.000000000000000000e+00
0.000000000000000000e+00
1.815796676509353169e+00
1.986490018929114032e-01
0.000000000000000000e+00
8.414088574448498337e-01
0.000000000000000000e+00
1.029934828390447921e+00
1.697971763405702550e+00
7.644908160494348071e-01
6.222127361034322096e-02
0.000000000000000000e+00
1.494745765998853004e+00
0.000000000000000000e+00
0.000000000000000000e+00
6.547645159107267077e-01
1.392804401312761842e+00
0.000000000000000000e+00
1.803499906784820528e+00
4.965849909495232417e-01
0.000000000000000000e+00
8.452378679040730702e-01
1.911661355217818326e+00
4.655501082995605611e-01
1.833961087527030600e-03
1.073548045259290484e-01
1.051611708119694510e+00
2.084368337137446070e-01
2.543290451170217964e-04
0.000000000000000000e+00
1.309279056332711022e+00
0.000000000000000000e+00
0.000000000000000000e+00
7.155935690691671569e-01
0.000000000000000000e+00
8.354860765622795782e-01
0.000000000000000000e+00
1.574553265180915096e+00
2.851191479560500897e-01
1.062910366093736014e+00
7.224775078253126148e-01
8.092081654646823274e-01
1.191715775152480505e+00
5.608760831101632371e-01
1.109730285093676549e+00
1.707686394959523790e+00
0.000000000000000000e+00
3.201258673941801414e-01
4.662186546182910812e-02
0.000000000000000000e+00
0.000000000000000000e+00
0.000000000000000000e+00
