# Ensemble C, m = 25.0, lambda = [  1.01121400e-08  -8.53570633e-09   0.00000000e+00   4.27185907e-10]
0.000000000000000000e+00
0.000000000000000000e+00
9.497750597290577357e-01
4.363584023079179475e-01
0.000000000000000000e+00
8.890150156767236966e-01
0.000000000000000000e+00
0.000000000000000000e+00
8.384996697682592370e-02
0.000000000000000000e+00
0.000000000000000000e+00
1.809112248833169567e-01
1.048729853478871599e+00
0.000000000000000000e+00
0.000000000000000000e+00
2.300070810010377831e-01
0.000000000000000000e+00
0.000000000000000000e+00
0.000000000000000000e+00
0.000000000000000000e+00
0.000000000000000000e+00
0.000000000000000000e+00
0.000000000000000000e+00
7.172415695295794036e-01
0.000000000000000000e+00
0.000000000000000000e+00
1.125611554294510958e-02
0.000000000000000000e+00
0.000000000000000000e+00
0.000000000000000000e+00
0.000000000000000000e+00
1.449201906387364236e+00
8.662571291624942063e-03
9.049424826832823676e-01
0.000000000000000000e+00
9.495310350858777726e-01
0.000000000000000000e+00
7.405017017665088686e-01
0.000000000000000000e+00
0.000000000000000000e+00
8.449077562162559119e-01
4.071064644083740441e-03
0.000000000000000000e+00
0.000000000000000000e+00
4.638578006537955045e-03
8.325239829658762636e-01
1.024318896754298658e+00
0.000000000000000000e+00
1.441759132702835844e+00
0.000000000000000000e+00
0.000000000000000000e+00
6.155635298532455835e-01
0.000000000000000000e+00
0.000000000000000000e+00
0.000000000000000000e+00
0.000000000000000000e+00
0.000000000000000000e+00
1.048420986981916769e+00
3.851371291504652739e-01
2.204406563659587093e+00
8.441410946468815846e-01
7.723662040994776490e-01
0.000000000000000000e+00
0.000000000000000000e+00
0.000000000000000000e+00
0.000000000000000000e+00
0.000000000000000000e+00
0.000000000000000000e+00
0.000000000000000000e+00
1.259492252511685839e+00
9.732413014343554991e-01
7.525631600367835849e-01
2.171671094608452757e-01
0.000000000000000000e+00
5.361903102513966568e-02
7.479611798194480965e-01
0.000000000000000000e+00
8.940061564799649529e-01
3.133101924854035381e-01
0.000000000000000000e+00
0.000000000000000000e+00
0.000000000000000000e+00
0.000000000000000000e+00
0.000000000000000000e+00
0.000000000000000000e+00
0.000000000000000000e+00
0.000000000000000000e+00
0.000000000000000000e+00
1.034575111328273511e+00
5.550837743675497427e-01
6.511514758597101299e-04
0.000000000000000000e+00
0.000000000000000000e+00
0.000000000000000000e+00
0.000000000000000000e+00
0.000000000000000000e+00
0.000000000000000000e+00
0.000000000000000000e+00
0.000000000000000000e+00
0.000000000000000000e+00
