# Ensemble C, m = 25.0, lambda = [  7.70396163e-09  -6.90871398e-09   0.00000000e+00   0.00000000e+00]
0.000000000000000000e+00
2.199960242540058564e-01
0.000000000000000000e+00
0.000000000000000000e+00
1.718608616693603874e+00
6.318845598668791919e-01
6.038495049104878332e-01
0.000000000000000000e+00
0.000000000000000000e+00
0.000000000000000000e+00
0.000000000000000000e+00
0.000000000000000000e+00
0.000000000000000000e+00
0.000000000000000000e+00
0.000000000000000000e+00
1.073297571004199064e-01
2.913728718490959380e-01
0.000000000000000000e+00
4.853067651950399575e-01
7.620751298476100555e-01
0.000000000000000000e+00
0.000000000000000000e+00
0.000000000000000000e+00
0.000000000000000000e+00
0.000000000000000000e+00
0.000000000000000000e+00
0.000000000000000000e+00
0.000000000000000000e+00
9.510395578358221691e-01
0.000000000000000000e+00
1.014105182346042161e-01
0.000000000000000000e+00
0.000000000000000000e+00
0.000000000000000000e+00
4.007058185537669681e-01
0.000000000000000000e+00
1.093522692615587211e+00
0.000000000000000000e+00
0.000000000000000000e+00
0.000000000000000000e+00
0.000000000000000000e+00
0.000000000000000000e+00
0.000000000000000000e+00
0.000000000000000000e+00
0.000000000000000000e+00
0.000000000000000000e+00
1.294465255267249759e-01
9.874280790190684623e-03
0.000000000000000000e+00
0.000000000000000000e+00
0.000000000000000000e+00
3.239887486289678709e-01
0.000000000000000000e+00
0.000000000000000000e+00
0.000000000000000000e+00
1.318651964947333347e-02
0.000000000000000000e+00
0.000000000000000000e+00
0.000000000000000000e+00
0.000000000000000000e+00
0.000000000000000000e+00
4.411704573301256094e-01
0.000000000000000000e+00
0.000000000000000000e+00
0.000000000000000000e+00
0.000000000000000000e+00
0.000000000000000000e+00
0.000000000000000000e+00
0.000000000000000000e+00
0.000000000000000000e+00
0.000000000000000000e+00
0.000000000000000000e+00
4.761293582069850983e-01
0.000000000000000000e+00
0.000000000000000000e+00
1.322656055466291287e-02
0.000000000000000000e+00
0.000000000000000000e+00
8.331709861425925512e-01
0.000000000000000000e+00
1.290696414506641576e-01
5.245598385424478094e-01
0.000000000000000000e+00
0.000000000000000000e+00
3.289369502463669881e-01
0.000000000000000000e+00
0.000000000000000000e+00
0.000000000000000000e+00
0.000000000000000000e+00
0.000000000000000000e+00
0.000000000000000000e+00
0.000000000000000000e+00
0.000000000000000000e+00
0.000000000000000000e+00
0.000000000000000000e+00
0.000000000000000000e+00
0.000000000000000000e+00
1.621689111425808738e+00
0.000000000000000000e+00
4.019746887624220388e-01
