# Ensemble C, m = 25.0, lambda = [  5.57218210e-09  -4.33079237e-09   0.00000000e+00   1.44529906e-09]
1.203380775978653838e-01
1.165342827661463021e-01
1.261734503702988341e+00
1.300748159660766401e+00
0.000000000000000000e+00
0.000000000000000000e+00
0.000000000000000000e+00
0.000000000000000000e+00
1.506274908990844708e+00
7.380827362278059856e-02
0.000000000000000000e+00
0.000000000000000000e+00
9.736237490679897633e-01
0.000000000000000000e+00
1.104968994110567815e+00
1.307000969904074328e+00
1.397592601386614009e+00
0.000000000000000000e+00
0.000000000000000000e+00
9.319605452116166422e-01
0.000000000000000000e+00
0.000000000000000000e+00
1.075961621546411173e+00
0.000000000000000000e+00
1.362644206743325537e+00
0.000000000000000000e+00
0.000000000000000000e+00
3.858031728083147760e-01
6.146540803536487685e-01
4.597850332206315227e-01
0.000000000000000000e+00
8.010801914259169099e-01
2.445757875394113101e-01
0.000000000000000000e+00
0.000000000000000000e+00
2.580776431957108041e+00
0.000000000000000000e+00
3.857096120983286580e-01
4.742787494521118474e-01
4.324179039646042777e-01
0.000000000000000000e+00
3.283444960393268330e-02
1.417233609978288289e+00
0.000000000000000000e+00
0.000000000000000000e+00
0.000000000000000000e+00
0.000000000000000000e+00
0.000000000000000000e+00
1.615428879264042994e+00
3.466314253659803627e-04
0.000000000000000000e+00
0.000000000000000000e+00
8.457252741751489777e-01
1.872050418326788090e+00
0.000000000000000000e+00
5.844367579045975925e-01
2.163278847250108272e-01
3.703729452814694817e-02
8.961966293931915573e-01
9.711386762654053983e-01
0.000000000000000000e+00
3.418623543301822498e-01
1.971127098695456790e-03
1.850458621177066831e-01
2.179138810144489291e+00
6.562107467670875716e-01
1.271541261577656901e+00
0.000000000000000000e+00
0.000000000000000000e+00
0.000000000000000000e+00
9.044094435661396147e-01
0.000000000000000000e+00
0.000000000000000000e+00
1.607472019389398765e+00
1.801381486161360623e+00
0.000000000000000000e+00
3.484056505261558523e-01
1.003308802772004960e+00
1.838346218478826011e-01
0.000000000000000000e+00
0.000000000000000000e+00
0.000000000000000000e+00
0.000000000000000000e+00
2.403033604338765394e-01
0.000000000000000000e+00
8.594942168314236852e-01
0.000000000000000000e+00
0.000000000000000000e+00
5.792820177893628214e-02
1.111950437397519087e+00
2.402777194321074727e+00
0.000000000000000000e+00
0.000000000000000000e+00
0.000000000000000000e+00
1.002627331822357748e+00
1.731905279357215943e-01
0.000000000000000000e+00
0.000000000000000000e+00
0.000000000000000000e+00
0.000000000000000000e+00
