# Ensemble C, m = 25.0, lambda = [  3.77883584e-09  -3.52225811e-09   0.00000000e+00   1.22766842e-09]
0.000000000000000000e+00
0.000000000000000000e+00
0.000000000000000000e+00
2.578219983786765868e-01
1.200438965367574828e-01
0.000000000000000000e+00
0.000000000000000000e+00
0.000000000000000000e+00
1.802345910877476420e+00
4.230383098282585186e-01
0.000000000000000000e+00
2.111722441542724926e+00
0.000000000000000000e+00
0.000000000000000000e+00
4.824066908765190509e-01
1.444523392922306915e+00
2.642420697862022522e-02
0.000000000000000000e+00
8.740004693198120123e-01
0.000000000000000000e+00
7.496422194307567066e-02
0.000000000000000000e+00
0.000000000000000000e+00
6.020975283402574263e-01
0.000000000000000000e+00
0.000000000000000000e+00
0.000000000000000000e+00
1.264671086091332525e-02
0.000000000000000000e+00
1.551467774974861491e-02
0.000000000000000000e+00
0.000000000000000000e+00
0.000000000000000000e+00
1.080987346080067302e-01
0.000000000000000000e+00
0.000000000000000000e+00
0.000000000000000000e+00
0.000000000000000000e+00
0.000000000000000000e+00
1.156340117092766739e+00
3.807514528836894452e-01
4.171723791316107599e-01
0.000000000000000000e+00
8.436800153200847419e-01
0.000000000000000000e+00
5.421369590817881612e-02
4.581908134119924703e-01
0.000000000000000000e+00
0.000000000000000000e+00
0.000000000000000000e+00
0.000000000000000000e+00
1.795862876554787047e+00
0.000000000000000000e+00
0.000000000000000000e+00
0.000000000000000000e+00
1.447114762279214650e+00
0.000000000000000000e+00
3.235081592447850984e-01
0.000000000000000000e+00
1.677937708408015371e+00
0.000000000000000000e+00
7.784317577767005947e-01
2.166693393726753791e-01
1.323715639737952809e+00
0.000000000000000000e+00
1.174117835680406896e-01
1.856483089518083107e-01
0.000000000000000000e+00
8.781941278754578084e-01
1.069314573309023464e+00
1.099081883126090231e+00
1.294877396753313370e+00
6.801988783361254676e-01
0.000000000000000000e+00
0.000000000000000000e+00
0.000000000000000000e+00
3.200237952746255443e-01
0.000000000000000000e+00
2.202814089580260870e-01
0.000000000000000000e+00
0.000000000000000000e+00
5.716072023831497532e-03
0.000000000000000000e+00
1.423405307791744956e-01
0.000000000000000000e+00
1.334989472385695430e+00
0.000000000000000000e+00
0.000000000000000000e+00
1.830188564025982123e-01
1.896727296940408647e-01
2.359886997147273013e-01
0.000000000000000000e+00
0.000000000000000000e+00
1.751255317527731670e+00
0.000000000000000000e+00
5.886609731776732968e-01
5.662105279044165052e-01
6.504155756173743974e-01
0.000000000000000000e+00
1.092174921034984925e+00
