# Ensemble C, m = 25.0, lambda = [  1.10534436e-08  -8.06767674e-09   0.00000000e+00   1.47242742e-09]
2.101276169402904070e+00
9.505271184442011245e-01
2.252348429450337364e-01
2.297857399647362353e+00
8.673189883301769543e-01
0.000000000000000000e+00
0.000000000000000000e+00
1.083658963478047799e+00
3.231730302540268274e-01
9.240078363068224832e-01
1.912029335922947659e+00
1.693662387869461217e+00
0.000000000000000000e+00
1.935294472662010934e+00
5.066701854711570530e-01
1.627812269161487357e+00
1.260701382379058710e+00
6.757391161661712164e-01
1.665163130306919426e+00
1.640938675587902074e+00
2.243427660195924211e+00
0.000000000000000000e+00
1.113835731968578102e+00
0.000000000000000000e+00
2.475891050723201189e-02
1.642188785634121517e+00
9.929432643007771730e-01
1.714984238097892466e-01
1.059200431478127591e+00
0.000000000000000000e+00
3.158800203356232350e-01
1.892957366877755065e+00
0.000000000000000000e+00
0.000000000000000000e+00
0.000000000000000000e+00
3.761608411199520163e-01
1.165140013377063966e+00
2.332610292843267707e+00
1.228694338179588952e+00
0.000000000000000000e+00
1.339272467548862533e+00
2.383232291873091491e+00
5.619521614509238594e-01
1.568927185828099091e+00
1.121096244379245377e+00
0.000000000000000000e+00
1.419112319035245928e+00
0.000000000000000000e+00
1.375132729712016832e+00
1.372269175263557850e+00
1.024264668271583023e+00
1.246785943667435337e+00
2.391317596603272921e+00
5.623100502641872334e-01
0.000000000000000000e+00
1.643335240919773899e+00
1.516575247260829373e+00
0.000000000000000000e+00
0.000000000000000000e+00
1.654166969736861947e+00
1.350540727862951762e+00
1.077652833502775076e+00
0.000000000000000000e+00
1.221969339081866890e+00
1.896484810568296764e+00
2.226629557553588157e+00
1.173085609078008407e+00
1.879447487800417260e+00
4.424857679356400952e-01
1.439811453646510309e+00
0.000000000000000000e+00
1.941258066294238471e+00
9.170940864109630164e-01
5.089009113505469500e-02
1.559113309293789884e+00
7.289634259735676691e-01
1.640353850177353134e+00
1.362081921655203587e+00
1.869060448061885094e+00
1.072736540698816077e+00
9.765780671345061226e-01
0.000000000000000000e+00
0.000000000000000000e+00
9.531810543612885267e-01
1.352286603806997167e+00
0.000000000000000000e+00
4.025421457549493987e-01
8.761108127559984471e-01
2.110083470030077013e+00
1.340306445037953154e+00
1.388213677198700591e+00
1.952368061042873748e+00
0.000000000000000000e+00
1.781700883818337466e+00
1.863851670116699610e+00
4.259003733350181231e-01
3.553807678960322833e-03
8.318937382828678340e-01
1.211426911618411317e+00
1.202830710896263700e+00
