# Ensemble C, m = 25.0, lambda = [  5.28666708e-09  -4.40718007e-09   0.00000000e+00   1.33354263e-09]
1.869341687106727212e+00
1.394452219518083347e-01
0.000000000000000000e+00
2.245050327149281100e-02
7.979352208492618281e-01
8.342691963698203317e-01
0.000000000000000000e+00
6.848236104035529959e-01
1.106886249318527415e+00
0.000000000000000000e+00
1.922811077273773872e+00
0.000000000000000000e+00
1.008822508874409829e+00
0.000000000000000000e+00
0.000000000000000000e+00
2.457193532447289108e+00
1.249564795557053909e+00
1.156076978787430765e+00
0.000000000000000000e+00
0.000000000000000000e+00
0.000000000000000000e+00
0.000000000000000000e+00
1.553687926683894105e+00
0.000000000000000000e+00
0.000000000000000000e+00
0.000000000000000000e+00
9.010394528419136684e-01
0.000000000000000000e+00
0.000000000000000000e+00
1.626188683375073829e+00
0.000000000000000000e+00
2.159240634339373077e+00
0.000000000000000000e+00
0.000000000000000000e+00
0.000000000000000000e+00
0.000000000000000000e+00
8.809605959954879273e-01
0.000000000000000000e+00
7.165629527586740988e-01
1.709379766418076263e-01
1.453893912634945496e+00
0.000000000000000000e+00
0.000000000000000000e+00
5.436120180934578272e-01
0.000000000000000000e+00
6.941106048949580165e-01
8.817455730058170182e-01
1.246531930469884752e+00
0.000000000000000000e+00
0.000000000000000000e+00
6.002017489599751343e-01
3.856727182556096700e-02
3.810355355776267050e-01
0.000000000000000000e+00
4.866358991056579097e-01
0.000000000000000000e+00
4.213455245496876556e-01
0.000000000000000000e+00
0.000000000000000000e+00
0.000000000000000000e+00
0.000000000000000000e+00
0.000000000000000000e+00
2.186315074409799220e+00
0.000000000000000000e+00
0.000000000000000000e+00
0.000000000000000000e+00
0.000000000000000000e+00
1.762344859058638358e+00
1.578036556023475701e+00
6.659284556726449145e-01
0.000000000000000000e+00
8.355462083307880761e-01
5.436978158046434743e-03
3.954511975355422537e-01
0.000000000000000000e+00
3.656823901613737160e-01
4.881663886527544127e-01
7.151003857205779912e-01
0.000000000000000000e+00
0.000000000000000000e+00
0.000000000000000000e+00
0.000000000000000000e+00
0.000000000000000000e+00
0.000000000000000000e+00
1.005018546590658701e+00
1.292654964551163965e-01
0.000000000000000000e+00
0.000000000000000000e+00
0.000000000000000000e+00
7.739775475715872100e-01
1.387410508814768351e+00
5.263364432629556028e-02
3.197723331477118625e-01
0.000000000000000000e+00
3.189140085079810172e-01
0.000000000000000000e+00
0.000000000000000000e+00
0.000000000000000000e+00
0.000000000000000000e+00
5.835680172686976697e-01
