# Ensemble C, m = 25.0, lambda = [  1.35936527e-08  -9.79872145e-09   0.00000000e+00   1.48234493e-09]
4.176664799873366363e-01
1.531352113013095373e+00
1.627293584842220975e+00
2.405222200315901837e+00
1.299698229535285243e+00
1.269895850458979902e+00
7.629884506008596246e-01
1.552196730719198836e+00
1.224441665098183751e+00
1.985854489138498602e+00
7.679007129581556512e-01
2.016619186619399429e+00
0.000000000000000000e+00
1.439631499265693115e+00
1.995474021482179436e-02
5.611286493521726593e-01
9.362384331622618516e-01
1.537078866170282332e+00
1.110082136376781436e+00
9.496657431292766516e-01
1.622651834436066531e+00
1.432377270814844339e+00
2.039287817021540050e+00
7.971437855862897326e-01
9.856025954862642768e-01
6.622946108630943518e-02
9.993896433558943082e-01
1.088287655299928353e-01
8.607866528248959703e-01
0.000000000000000000e+00
9.274409234932521340e-01
1.836011698273041448e+00
8.671689592506532929e-01
7.271194160907062942e-01
1.911853282341088978e+00
2.476040332130587274e+00
1.404728992578957669e+00
0.000000000000000000e+00
9.529671910591441808e-01
2.128560559459369284e+00
9.556686310561339770e-01
1.525077728776889963e+00
1.872047441992502392e+00
1.625412856058674471e+00
0.000000000000000000e+00
2.281996641961833161e-01
1.673854619280756184e+00
9.241818206169903904e-01
1.565341840164199194e+00
2.364800823753922199e+00
2.462781293446020925e+00
2.579642346647343931e+00
1.307775867591860042e+00
4.620454713272726943e-01
1.128856319093366478e+00
1.583761214687167573e+00
9.035927676755567406e-01
6.046512737932407955e-01
1.318303841729878412e-01
6.674786678880439972e-01
1.837204542143885844e+00
1.411736639850130537e+00
2.360913701877293658e+00
1.955013832217026737e+00
1.618046590292588682e+00
2.390796694499682573e+00
2.325665657457960833e+00
2.409207282656731230e+00
3.395601574626272434e-01
1.608159642198466188e-01
1.016563910612636290e+00
0.000000000000000000e+00
7.630652578812595621e-01
2.470635456142011854e+00
2.089055486713657483e+00
6.826382953100175177e-01
2.970716901724249071e-01
1.535096041981204529e+00
0.000000000000000000e+00
1.579472939829936529e+00
0.000000000000000000e+00
7.953462984725034879e-02
1.486767938707990178e+00
2.029100600222624173e+00
1.918297367338665405e+00
1.885595237668130086e-01
2.492588092750139150e+00
1.225447133098076069e+00
1.151405851749007558e+00
1.109537052659977263e+00
1.166172410582839269e+00
9.129644929151415900e-01
2.226453911733302871e+00
1.270299381986610854e+00
2.481211149833543406e+00
2.144486441709638758e+00
1.651758403583184487e+00
6.454206165368446824e-01
1.147269484948412188e+00
1.799694098973143586e+00
