# Ensemble C, m = 25.0, lambda = [  1.23882196e-08  -9.24590770e-09   0.00000000e+00   1.39871559e-09]
1.781891456090388459e+00
7.003490554468615459e-01
0.000000000000000000e+00
2.392107083221311825e+00
2.121459424850655751e+00
1.242064291581778557e+00
0.000000000000000000e+00
2.040557626171620065e+00
9.694540565718966496e-01
3.742255626036478100e-02
1.889294772206824069e+00
8.591575257566380630e-01
2.219549555718052236e+00
9.217756003281010191e-01
7.739185481292439883e-01
1.508512774313163218e+00
9.655206359765570179e-01
0.000000000000000000e+00
2.201760003204583871e+00
4.312528542524415864e-01
1.062544068782617979e+00
1.874483717755497825e+00
1.119910149608422056e+00
1.749587516551462940e+00
1.711323124995742351e+00
1.046071578219236020e+00
1.446576023464810401e+00
1.280012609439620253e+00
9.063684930151562069e-01
1.916677275517453261e+00
7.167239324948981860e-01
2.226529655644135186e+00
1.964000640907276773e+00
1.515468249924855293e+00
1.287350725637145032e+00
1.760225385084290828e+00
0.000000000000000000e+00
2.071889686369225547e+00
2.024061331529535046e+00
1.529008869613248445e+00
0.000000000000000000e+00
9.698548206788258907e-01
0.000000000000000000e+00
0.000000000000000000e+00
2.176588641146897984e+00
1.480050084978731917e+00
8.883724541215993753e-01
0.000000000000000000e+00
8.073212257741830822e-01
1.281699941708326129e+00
8.175281448810288731e-01
1.804306485194375753e+00
1.584283517417280240e+00
2.137212119043530922e+00
7.423426581909918776e-01
2.353077608788384012e+00
2.217351827569244538e+00
3.164016502779109508e-01
1.587018805974316882e+00
1.553629301454485079e+00
1.456021440151969992e+00
0.000000000000000000e+00
1.630591173749842859e+00
4.054474389187757155e-01
1.133891030312952797e+00
2.221939122960787216e+00
1.259086991880932871e+00
1.138483861529790531e+00
4.383066897977287435e-01
2.074731365380916515e+00
1.369403888747440456e+00
2.336351357947872298e+00
2.134475570776777964e+00
1.887328166079730529e+00
1.232472888610110839e+00
1.381494371302004698e+00
1.202415142518532543e+00
1.372553726451138267e+00
9.288124231825820587e-01
9.537425791733215030e-01
1.606518070081949912e+00
4.044209687076348869e-01
2.044023616292849344e+00
0.000000000000000000e+00
1.123760617690626074e+00
1.162716619315221189e+00
2.233658203428140254e+00
3.756057444884969843e-01
1.316992389869381386e+00
1.465276897905959164e+00
2.116509360620767666e+00
1.215532503694253474e+00
3.021072978242869134e-01
9.161733658556158177e-01
1.992776517919519375e+00
2.432116480299550521e+00
2.016617915972201747e+00
2.402444212694161862e+00
7.817498391461704665e-01
1.111482212122727020e+00
