# Ensemble C, m = 25.0, lambda = [  7.35690075e-09  -5.66291502e-09   0.00000000e+00   1.41926029e-09]
1.984002258454434786e+00
2.056246695554713178e+00
9.521127285403457874e-01
0.000000000000000000e+00
1.769104800373329400e+00
0.000000000000000000e+00
1.510141828631744065e+00
5.160181141901431373e-02
1.336347116942807167e+00
0.000000000000000000e+00
2.000001569665706747e+00
1.666830178289140929e-01
2.842650391081055512e-03
0.000000000000000000e+00
0.000000000000000000e+00
0.000000000000000000e+00
3.902949408465108405e-01
1.630676878734693247e+00
2.215897126510668613e+00
1.458046942100157617e+00
0.000000000000000000e+00
2.355824350712571569e+00
1.987832240776852277e-01
8.520197439540238005e-01
1.431313368137596909e+00
0.000000000000000000e+00
2.173187534624702710e+00
1.485420610498952243e+00
8.606679791224496334e-01
4.114689153996216320e-02
2.469587973758684274e-02
4.411017021583285014e-01
1.877221550771086767e+00
2.144265444069681000e-03
4.203071616277411771e-01
0.000000000000000000e+00
1.032763387550254874e+00
1.587538447711276168e+00
9.529361487014976762e-01
0.000000000000000000e+00
0.000000000000000000e+00
1.139242339470921461e+00
0.000000000000000000e+00
0.000000000000000000e+00
0.000000000000000000e+00
1.301857856577621320e+00
1.640282133710814438e+00
9.517875242733191410e-01
0.000000000000000000e+00
0.000000000000000000e+00
1.062523321957980160e+00
1.204621923053311061e+00
1.320793876016293167e+00
1.498859538882086007e+00
5.539787435986347486e-01
1.524332946885992746e+00
1.045599433182453186e+00
9.568715276376460466e-01
6.759215531521081122e-01
2.508154646048524228e+00
1.066213595168069572e+00
0.000000000000000000e+00
2.383171806584167829e+00
4.652590238389657240e-01
2.152891798956356073e+00
0.000000000000000000e+00
2.293312558638371357e+00
0.000000000000000000e+00
1.905097305208856562e-01
0.000000000000000000e+00
1.135209988939702042e+00
2.267703246738255629e+00
5.342301997655845014e-01
0.000000000000000000e+00
0.000000000000000000e+00
7.964810692274288950e-01
1.740032132350239902e+00
2.027387564108943607e+00
0.000000000000000000e+00
0.000000000000000000e+00
7.995130636543100813e-03
1.554871527154285393e-01
1.023741679860284970e+00
7.283372768116358476e-02
3.524509803946478392e-01
1.831176652393749382e+00
0.000000000000000000e+00
4.699107980955815056e-01
1.652077905012992343e+00
2.085137178895748900e+00
0.000000000000000000e+00
1.751845251671973802e+00
0.000000000000000000e+00
3.245961377602393783e-01
0.000000000000000000e+00
2.121411095637645072e+00
2.126856000575594763e+00
1.314188268869451504e+00
2.151033831564705512e+00
6.006386932779661514e-01
