# Ensemble C, m = 25.0, lambda = [  5.34628521e-09  -5.00063063e-09   0.00000000e+00   8.37926768e-10]
0.000000000000000000e+00
1.896849817327652676e-01
0.000000000000000000e+00
0.000000000000000000e+00
0.000000000000000000e+00
8.463180311891389529e-01
0.000000000000000000e+00
3.798232730487511866e-01
0.000000000000000000e+00
8.892633713548412366e-01
0.000000000000000000e+00
1.030297080066095404e-02
1.757090577011681809e+00
0.000000000000000000e+00
0.000000000000000000e+00
1.632200902263404974e+00
0.000000000000000000e+00
8.245269872331424388e-01
0.000000000000000000e+00
0.000000000000000000e+00
0.000000000000000000e+00
6.581084414262636795e-01
7.702621775660367653e-01
0.000000000000000000e+00
8.152088443557397035e-01
0.000000000000000000e+00
0.000000000000000000e+00
6.905938550210368732e-01
0.000000000000000000e+00
0.000000000000000000e+00
0.000000000000000000e+00
0.000000000000000000e+00
1.051719378456922316e+00
1.168870207748952394e-01
0.000000000000000000e+00
0.000000000000000000e+00
0.000000000000000000e+00
0.000000000000000000e+00
0.000000000000000000e+00
6.383988405690352134e-03
0.000000000000000000e+00
0.000000000000000000e+00
1.101936995906995370e-01
0.000000000000000000e+00
7.801661530856831561e-01
5.455539741268314868e-01
1.825104908238657675e+00
9.823304686281252307e-01
0.000000000000000000e+00
0.000000000000000000e+00
0.000000000000000000e+00
0.000000000000000000e+00
0.000000000000000000e+00
0.000000000000000000e+00
0.000000000000000000e+00
0.000000000000000000e+00
1.026175330996535219e-02
0.000000000000000000e+00
0.000000000000000000e+00
0.000000000000000000e+00
1.819523085358224282e-02
6.940864709775008967e-02
0.000000000000000000e+00
0.000000000000000000e+00
0.000000000000000000e+00
0.000000000000000000e+00
8.439705346067126746e-01
0.000000000000000000e+00
0.000000000000000000e+00
1.666365846065642753e+00
2.245344357752546583e-03
0.000000000000000000e+00
0.000000000000000000e+00
1.298321704911611398e-02
0.000000000000000000e+00
0.000000000000000000e+00
0.000000000000000000e+00
0.000000000000000000e+00
1.576702014157954981e-02
0.000000000000000000e+00
0.000000000000000000e+00
1.075922083272080165e+00
0.000000000000000000e+00
0.000000000000000000e+00
0.000000000000000000e+00
7.627088186478551135e-01
0.000000000000000000e+00
0.000000000000000000e+00
6.657567085907264426e-01
1.336694518413719668e-01
0.000000000000000000e+00
5.309471678224438919e-03
2.021449559039133759e-01
0.000000000000000000e+00
0.000000000000000000e+00
1.821902991903916746e-01
0.000000000000000000e+00
0.000000000000000000e+00
9.346979853501365954e-01
5.332655735285356524e-01
