# Ensemble C, m = 25.0, c_n/c_p = 0.767741935484, f = -0.980434782609
# lambda = [  9.43364834e-09  -7.10090425e-09   0.00000000e+00   1.42566523e-09]
#  
5.145978282294325634e-01
0.000000000000000000e+00
9.433518862150941375e-01
1.269033136916871474e+00
0.000000000000000000e+00
1.356103397024886581e+00
4.524822025865166686e-01
1.156617977492008009e+00
2.048738200468935844e+00
0.000000000000000000e+00
1.654004121010800965e+00
6.955734474882065976e-01
9.881098586540699724e-01
9.569346529566920001e-01
0.000000000000000000e+00
0.000000000000000000e+00
2.368604942831702864e+00
2.691818380092829255e+00
7.380619588660507491e-01
2.008874255126110064e+00
1.000271658043011103e+00
1.317876222919561080e+00
1.365102327889899103e-01
1.891576298562575698e+00
2.431285340571570863e+00
0.000000000000000000e+00
1.291497989648707989e+00
2.485658414841156016e+00
1.814615733636609426e-02
1.556542182136910313e+00
0.000000000000000000e+00
1.391011555504291675e+00
5.725280378108396073e-01
1.840027626513101255e+00
7.758002551351187437e-01
0.000000000000000000e+00
0.000000000000000000e+00
8.356617745937804098e-02
1.641831319238097109e+00
0.000000000000000000e+00
1.008599388220918325e+00
1.250746573585956201e+00
1.285995771871901283e+00
4.660456799806871331e-01
2.738325037741704993e+00
1.002078937018130222e+00
6.018826053416359567e-01
1.152924138763872008e+00
1.736892891075315415e+00
8.273121637239354564e-01
1.858929371698489597e+00
1.452332712823719119e+00
7.339475880764442239e-01
2.255733323117743883e+00
8.392573119137732018e-02
9.956956293193421903e-01
9.665381262768930615e-01
0.000000000000000000e+00
2.714672364663726523e+00
1.263360178693079039e+00
1.311558028138149368e+00
2.787208503864636810e+00
2.202238315928255030e+00
2.525796006215586420e+00
2.049244230821329005e+00
1.050858070303293035e+00
2.261554409985611080e+00
1.115641846908858259e+00
1.782071933986871581e+00
1.046991960834842361e+00
2.954589173193991503e+00
2.766475292911756839e-02
1.259161033964767640e+00
6.736456594046562607e-01
0.000000000000000000e+00
2.093399961148857180e+00
0.000000000000000000e+00
0.000000000000000000e+00
2.302750488154399477e-02
0.000000000000000000e+00
1.570802227852396760e+00
2.160239911298906357e+00
2.511094268099096194e+00
1.273472956610900209e+00
0.000000000000000000e+00
0.000000000000000000e+00
7.236199208169930008e-01
7.050813106422965104e-01
6.226068312584138731e-01
1.116297891333609460e+00
6.270654261981480904e-01
1.280468854479217544e+00
5.058632974853424086e-02
1.522803628636909545e+00
0.000000000000000000e+00
0.000000000000000000e+00
1.179355897529572594e+00
2.225206159546438300e+00
2.430517970543786710e+00
4.862246516244968925e-02
