# Ensemble C, m = 25.0, lambda = [  8.99784205e-09  -6.63061139e-09   0.00000000e+00   1.47144921e-09]
0.000000000000000000e+00
0.000000000000000000e+00
0.000000000000000000e+00
2.363848944348568182e+00
5.101188512822720650e-02
1.590204704971218908e+00
0.000000000000000000e+00
4.546293911058169046e-01
1.188067685472910195e+00
4.074729235579766518e-01
7.886535684308907390e-01
7.778127453160368354e-01
1.052102500833830945e+00
0.000000000000000000e+00
0.000000000000000000e+00
2.270749532183868880e+00
0.000000000000000000e+00
0.000000000000000000e+00
0.000000000000000000e+00
7.793145658546021259e-01
0.000000000000000000e+00
0.000000000000000000e+00
1.134082274431010173e+00
0.000000000000000000e+00
0.000000000000000000e+00
8.448035238052533646e-01
4.247358118147200878e-01
0.000000000000000000e+00
4.642860100331291234e-02
0.000000000000000000e+00
7.824961886583461368e-01
5.828862267910043249e-01
1.763660157630786873e+00
1.095072434321334498e+00
4.380682861796431626e-01
8.480231015307403419e-01
4.501990519107703093e-01
7.254095367648926151e-01
6.920893225291911977e-01
1.754322781763364647e+00
1.603180498109234353e+00
9.900584128512515125e-01
8.272516488201618889e-01
1.360942935531553655e+00
1.191570859281574801e+00
2.285656434238853674e+00
2.852120509262766057e-01
1.676899382820609796e+00
0.000000000000000000e+00
0.000000000000000000e+00
1.760918008439092741e+00
1.615214132239361167e+00
1.205549314350406576e+00
1.997253343894012101e+00
2.162780811469591669e+00
0.000000000000000000e+00
0.000000000000000000e+00
1.767040613364260881e+00
5.145802842677729139e-01
3.938695943980678460e-01
2.287390329566921121e+00
1.965589308981212646e+00
1.472815964658164445e+00
0.000000000000000000e+00
7.510260344237272845e-01
1.341670718943808183e-01
2.368219189491509169e-01
4.957704181210920158e-02
1.120651315025814387e+00
0.000000000000000000e+00
4.450959822128238708e-01
1.771191976723833328e+00
0.000000000000000000e+00
6.294249467058535830e-01
1.977820455884484296e+00
1.821986610216381086e+00
0.000000000000000000e+00
8.719254292834197617e-01
6.181245854375861937e-01
3.347673139965144928e-01
1.397056712485345686e+00
0.000000000000000000e+00
2.078859691284463906e+00
0.000000000000000000e+00
1.073680946947019876e+00
0.000000000000000000e+00
9.849561359590266463e-01
1.270364531725876826e-03
1.269562053747656849e+00
2.133015215733820469e+00
7.592257142702640849e-01
0.000000000000000000e+00
0.000000000000000000e+00
1.359216613045184374e+00
5.128205261027934947e-02
2.025874998235111857e+00
0.000000000000000000e+00
1.461059439553839878e+00
0.000000000000000000e+00
1.521802496305256103e+00
