# Ensemble C, m = 25.0, c_n/c_p = 0.974193548387, f = -0.957142857143
# lambda = [  4.12884833e-09  -3.84991323e-09   0.00000000e+00   1.16492254e-09]
#  
2.103637638013111211e+00
0.000000000000000000e+00
6.557437780806962824e-01
7.001874632615524563e-01
0.000000000000000000e+00
0.000000000000000000e+00
0.000000000000000000e+00
0.000000000000000000e+00
2.406825559254292535e-01
1.856153494679955163e+00
1.074030215723976722e+00
3.142160692241507958e-01
0.000000000000000000e+00
8.971872994117769951e-01
0.000000000000000000e+00
4.120699982171783793e-01
1.424450934896532628e+00
2.124915030229724000e-01
0.000000000000000000e+00
0.000000000000000000e+00
1.455831922998558348e+00
2.398450399126528243e+00
0.000000000000000000e+00
0.000000000000000000e+00
1.175459489489243392e+00
8.142307674812641893e-02
2.062722332247611146e+00
5.720029801342715325e-01
8.832679111438642705e-01
0.000000000000000000e+00
0.000000000000000000e+00
0.000000000000000000e+00
3.480466526832866163e-03
0.000000000000000000e+00
2.899036824157701364e-01
1.466320274449827377e+00
7.179306764178370326e-01
1.851924227274719392e+00
8.049326876919007945e-02
0.000000000000000000e+00
0.000000000000000000e+00
7.147628193039499145e-01
0.000000000000000000e+00
0.000000000000000000e+00
0.000000000000000000e+00
1.450011755203030675e-02
8.469095375116397761e-01
0.000000000000000000e+00
5.379878203638384093e-01
0.000000000000000000e+00
1.104099979387493047e+00
1.440797819898215204e+00
7.537958040817952510e-01
0.000000000000000000e+00
1.398759799077575083e+00
0.000000000000000000e+00
1.006219056694961811e+00
0.000000000000000000e+00
1.410446890921960073e+00
1.719437690472100488e+00
1.799671149562777961e+00
2.509614179625095365e-01
5.966843314586897096e-01
6.903360179661712781e-01
9.785617007835667458e-01
0.000000000000000000e+00
0.000000000000000000e+00
0.000000000000000000e+00
7.546040707276689963e-01
0.000000000000000000e+00
2.685436758444340044e-01
2.186644429607198514e+00
1.854165127661576429e-01
3.874418514903185673e-01
5.075647370467554209e-01
1.118117624209278294e+00
0.000000000000000000e+00
1.199374870837335738e+00
8.650362542810270394e-01
6.283270582163347218e-01
1.375104666799563891e+00
0.000000000000000000e+00
8.705858871754468264e-01
9.714569710800470270e-01
2.991779228461924345e-01
0.000000000000000000e+00
0.000000000000000000e+00
1.438051079390698206e+00
1.107707248088313501e-01
2.947032856352417851e-01
1.931827365865623536e+00
3.388455898491899987e-01
2.654299133926403709e+00
3.315903145881674008e-01
0.000000000000000000e+00
1.097593700805844064e+00
3.362110071016685686e-01
1.870126720801907894e+00
1.350467215501074403e-01
0.000000000000000000e+00
