# Ensemble C, m = 25.0, c_n/c_p = 0.806451612903, f = -0.989565217391
# lambda = [  9.96016258e-09  -7.94857295e-09   0.00000000e+00   1.15735218e-09]
#  
1.741321577476030669e+00
4.395295854947914305e-01
1.632488152988751828e+00
0.000000000000000000e+00
5.821825969366578590e-01
1.091722376447048726e+00
2.320945053156664439e+00
3.576225474966276963e-01
1.518289496954384976e+00
2.153381198072761293e+00
2.353427735563606404e+00
0.000000000000000000e+00
1.888321478732838399e+00
2.200789845195258110e+00
0.000000000000000000e+00
0.000000000000000000e+00
1.034007538751901656e+00
0.000000000000000000e+00
0.000000000000000000e+00
1.644410106633269253e+00
1.807116027109551437e+00
1.508197566047072558e+00
0.000000000000000000e+00
1.454861057019880000e-01
1.772474151452593016e+00
6.333590854541969462e-01
0.000000000000000000e+00
1.571873497380617657e+00
0.000000000000000000e+00
1.287521223245776891e+00
6.744963735492859325e-01
8.735894701269451001e-01
2.119823406100804331e+00
2.173538618874562900e+00
7.762323216618385313e-01
5.608760831101632371e-01
4.576364780583058178e-01
0.000000000000000000e+00
1.358130481972178227e+00
2.255304119318033429e+00
7.834119709003244392e-01
1.881201501663345654e+00
8.519161524136017460e-01
1.239173832551871524e+00
1.108550412492261827e+00
1.248798716090614214e+00
1.693103252776229528e+00
1.477886670556692594e-01
1.975488959480483198e+00
0.000000000000000000e+00
1.072909602890398162e+00
6.164348340959517891e-01
3.698475453534896817e-01
4.073559608402629317e-01
1.468254847648429839e+00
1.986435312646689155e+00
1.582206266027685437e+00
2.111861600040843001e+00
0.000000000000000000e+00
1.763502954156333180e+00
6.885458190880637819e-01
2.193672782564268786e+00
7.214638902329602033e-01
2.293395981441238796e+00
2.220518465894297577e+00
6.548789355178036287e-01
5.691030374463061925e-01
6.791288317121917106e-02
1.619639835810546158e+00
0.000000000000000000e+00
2.154990099999881448e+00
6.370708217228636672e-01
1.219674447969611442e-01
1.973397507195767897e+00
6.356691498608794122e-01
0.000000000000000000e+00
2.344183908897942370e+00
1.789986198858294075e-01
1.847069969215238805e+00
0.000000000000000000e+00
5.696970087876624955e-01
1.981942693653306220e+00
1.483532610518623063e+00
1.500354475687054601e+00
0.000000000000000000e+00
1.416067525507523239e+00
7.801036802445685536e-01
0.000000000000000000e+00
1.863826821483079321e+00
1.027696379195977894e+00
2.200789845195258110e+00
2.068113586349190403e+00
1.324672957266241902e-01
3.139685359486709681e-01
1.392715899369535437e+00
0.000000000000000000e+00
6.727172574955583295e-01
2.205994192143948762e+00
1.948733547709798897e+00
1.507977605303814916e-01
