# Ensemble C, m = 25.0, lambda = [  5.10070066e-09  -4.48090677e-09   0.00000000e+00   1.20457557e-09]
3.610239280020228758e-01
0.000000000000000000e+00
1.795005202551325008e+00
1.469993318020148543e+00
0.000000000000000000e+00
7.711542319187107974e-01
0.000000000000000000e+00
1.629543364757939594e+00
0.000000000000000000e+00
6.190680395624964527e-01
0.000000000000000000e+00
1.794925419920573029e-01
1.230877736050111748e+00
0.000000000000000000e+00
5.379081006647485896e-01
1.020344505343602493e-01
4.733526464357337149e-01
9.711980825693196095e-01
0.000000000000000000e+00
1.235677270005001382e+00
0.000000000000000000e+00
1.461493676357980664e+00
0.000000000000000000e+00
0.000000000000000000e+00
0.000000000000000000e+00
0.000000000000000000e+00
1.204134982959577327e+00
5.169903128819518523e-01
1.526375040801100369e-01
0.000000000000000000e+00
7.575009142367048476e-01
0.000000000000000000e+00
0.000000000000000000e+00
0.000000000000000000e+00
8.881992693760951685e-01
0.000000000000000000e+00
0.000000000000000000e+00
0.000000000000000000e+00
0.000000000000000000e+00
2.915134439521452347e-01
1.144191689902589015e+00
0.000000000000000000e+00
2.000103136028531514e-01
0.000000000000000000e+00
0.000000000000000000e+00
2.273980449389669367e+00
5.581891993484646708e-01
6.371882143856403280e-01
3.187015621687445521e-03
6.552459833208120754e-01
0.000000000000000000e+00
9.605599953793633183e-01
2.767897206880491900e-01
0.000000000000000000e+00
0.000000000000000000e+00
7.927102446344551356e-02
2.647322285798195951e-01
0.000000000000000000e+00
0.000000000000000000e+00
0.000000000000000000e+00
0.000000000000000000e+00
0.000000000000000000e+00
0.000000000000000000e+00
1.310927001651382151e-01
0.000000000000000000e+00
9.170187286707905030e-04
4.807393434825130152e-02
9.525445169573576454e-01
0.000000000000000000e+00
2.159999600711429157e-01
2.630532117500714584e-01
5.603719933101429795e-01
0.000000000000000000e+00
2.623485743787571378e-01
1.075316622495345875e+00
0.000000000000000000e+00
8.958082968214426955e-01
5.459051228590324975e-03
0.000000000000000000e+00
3.415888033530573575e-01
5.624636604799313488e-01
1.254540575442589123e+00
0.000000000000000000e+00
0.000000000000000000e+00
0.000000000000000000e+00
0.000000000000000000e+00
0.000000000000000000e+00
4.754659542595933153e-01
0.000000000000000000e+00
1.192057026732980418e+00
1.619250108632620977e+00
1.394213085959312481e+00
0.000000000000000000e+00
0.000000000000000000e+00
1.332648888205711035e+00
0.000000000000000000e+00
0.000000000000000000e+00
5.638353683215004963e-01
8.266680284876417595e-01
0.000000000000000000e+00
