# Ensemble C, m = 25.0, lambda = [  7.61158334e-09  -5.76368733e-09   0.00000000e+00   1.44451621e-09]
9.235971132186165944e-01
4.525492088351373843e-01
0.000000000000000000e+00
1.340920423886911017e+00
4.726358337040129642e-01
9.664704210838320764e-02
1.593774661590701580e+00
0.000000000000000000e+00
2.239400906665731661e+00
1.105607730058069560e+00
1.812125147316347329e+00
1.193706621754794250e+00
3.961761501762824378e-01
1.116376981317976025e+00
1.894262283702226712e+00
1.038493463137756478e+00
3.316256978611164391e-02
2.667837716667453285e-01
1.660471598030862639e+00
9.847614865845149001e-01
1.811537568248618113e+00
1.305333550221553285e+00
0.000000000000000000e+00
4.409658656243101160e-01
0.000000000000000000e+00
0.000000000000000000e+00
1.000514983506017419e+00
7.755325281508573809e-02
0.000000000000000000e+00
6.815766786599396498e-01
2.359461768175152852e+00
9.094039565566431893e-01
1.140442885349280733e+00
2.180272986437194138e+00
0.000000000000000000e+00
0.000000000000000000e+00
6.975874268221384789e-01
8.783651514415138362e-01
2.146999578091973504e+00
0.000000000000000000e+00
1.136298754963079860e+00
6.227774660799061807e-02
8.766212023574790901e-01
1.263532462881844509e-02
5.747410532895892432e-01
1.769164259657658222e+00
1.301098587428890063e+00
0.000000000000000000e+00
0.000000000000000000e+00
9.886814133390825488e-01
0.000000000000000000e+00
9.013426039168166426e-01
1.099243798562716590e+00
5.314789360689558401e-02
0.000000000000000000e+00
1.778215842659633283e+00
1.747528050270950928e+00
3.341589757782717496e-01
0.000000000000000000e+00
1.025891201299252986e-01
3.990526533667085873e-01
8.176085056325101130e-02
0.000000000000000000e+00
7.134139161453287858e-01
1.535516967489370943e+00
6.301641245659728163e-01
0.000000000000000000e+00
0.000000000000000000e+00
1.196153961146669609e+00
0.000000000000000000e+00
2.753016169599819540e-01
2.304293587885153372e+00
0.000000000000000000e+00
1.463046514278694248e-03
2.118905067027712641e-01
1.393809536059459564e+00
3.835314912972712011e-03
2.437411620217922792e+00
1.880998504540605909e+00
2.251026547389333388e+00
0.000000000000000000e+00
2.522489394487738568e-01
0.000000000000000000e+00
8.194718343279159267e-01
0.000000000000000000e+00
7.656266128151307804e-01
1.785953085782645777e+00
1.537506627279034088e+00
5.361486075026503650e-01
0.000000000000000000e+00
8.194041151035372783e-01
0.000000000000000000e+00
9.214832833085239150e-01
0.000000000000000000e+00
0.000000000000000000e+00
2.662471194556174647e-01
2.562860851007459084e-01
8.387104320891256570e-01
0.000000000000000000e+00
0.000000000000000000e+00
