# Ensemble C, m = 25.0, c_n/c_p = 0.78064516129, f = -0.977826086957
# lambda = [  8.61241361e-09  -6.57415849e-09   0.00000000e+00   1.40797120e-09]
#  
0.000000000000000000e+00
6.688213810138313731e-01
1.816320127790754135e+00
2.711510964707641413e+00
1.596204604545689243e+00
1.741848031067577018e+00
2.322401922625844328e+00
1.165385814468756775e+00
0.000000000000000000e+00
1.968766217175156596e-01
2.301225247031864818e+00
0.000000000000000000e+00
0.000000000000000000e+00
2.423530930134249139e+00
2.726273414126668904e+00
0.000000000000000000e+00
1.280400736326507520e-02
5.974233377907395282e-01
2.385560256815101032e-01
2.574226875724349717e-01
1.786068858141610205e+00
1.921851591228262324e+00
2.771286814851293911e+00
6.375683593410101935e-01
0.000000000000000000e+00
1.667053607257070080e+00
8.415770538469588002e-01
9.588775474867609061e-01
1.437530327797330143e+00
7.138388927147747420e-01
1.436733870358512410e+00
2.597394883074112037e+00
1.524668516069248136e+00
1.266450532106698112e+00
0.000000000000000000e+00
0.000000000000000000e+00
1.407261036544943611e+00
1.985961692408973800e+00
7.856271944027433118e-01
1.542186466368225872e+00
6.177998889138537342e-01
3.963448326105949993e-01
1.214101937428137656e+00
9.926632852558385789e-01
1.186436501063323212e-02
8.499992716227458001e-01
0.000000000000000000e+00
1.638714331534683266e+00
2.212203240925482775e-02
1.721269007669369744e+00
1.039302729500376277e+00
0.000000000000000000e+00
0.000000000000000000e+00
1.980041001139785983e+00
1.342759182943737750e+00
2.427814323352487147e+00
0.000000000000000000e+00
9.521297418993332484e-02
2.296857214806055314e+00
2.816343580704235627e+00
1.736774713714434260e+00
2.185330793454291154e+00
2.171575986048524864e+00
2.109475030723765521e+00
3.723152754776502538e-01
2.434133415228475261e+00
5.528874738084940121e-01
0.000000000000000000e+00
0.000000000000000000e+00
1.426827302093789607e+00
1.305602350059989814e+00
2.068823008327900226e+00
3.799797605820899871e-01
1.588609893714183485e+00
2.127578529053728851e-01
5.020534390733205621e-01
5.608115970918531312e-02
0.000000000000000000e+00
1.781879147869986323e-03
1.825971475679780021e+00
2.191481174319201752e+00
6.750899242658534583e-01
1.484870151012425143e-01
1.041821128713659173e+00
2.143110279654105277e+00
4.208882285336100204e-01
8.126797357670016986e-01
0.000000000000000000e+00
0.000000000000000000e+00
1.731350000010484447e+00
1.555285402776663828e+00
1.351044944856662156e+00
1.177983791668100411e+00
1.994424615803194412e+00
1.611954805860575046e+00
1.181681130218443648e-01
9.306041715180614071e-01
2.186494862116318938e+00
2.202873334353366158e-02
0.000000000000000000e+00
