# Ensemble C, m = 25.0, c_n/c_p = 0.78064516129, f = -0.965714285714
# lambda = [  7.19265524e-09  -5.42240026e-09   0.00000000e+00   1.45767167e-09]
#  
1.267988231092076756e-01
0.000000000000000000e+00
9.956132239684820640e-01
0.000000000000000000e+00
0.000000000000000000e+00
7.681168406079533773e-01
6.082122895848499772e-02
8.452221980393385126e-01
0.000000000000000000e+00
1.483322558391576340e+00
2.371585158753780398e+00
0.000000000000000000e+00
1.974273573866160092e+00
4.393428598837951227e-01
1.415992914902279409e+00
4.402720581108328091e-01
0.000000000000000000e+00
6.431098893467712685e-01
1.494164586281682361e+00
5.063973750790219386e-01
0.000000000000000000e+00
1.332302228036858383e+00
2.809951881090655412e-01
6.376834974897440667e-01
4.595184214107622123e-01
1.119440974122163812e+00
2.320635416655557393e+00
1.670059172567718742e+00
0.000000000000000000e+00
5.387907808869717430e-01
5.078077715744704346e-01
2.039353119269119663e+00
1.058902475996492898e+00
9.058554269438391648e-02
1.771028089806788941e+00
0.000000000000000000e+00
2.423530930134249139e+00
1.741817770393420339e+00
2.011473569364472802e-01
0.000000000000000000e+00
5.582479057271310524e-03
1.017501414008903149e+00
3.548133983627340358e-03
1.516114914947882752e+00
0.000000000000000000e+00
9.418324461614607790e-01
7.982235568468453168e-01
8.416600268482100633e-01
6.907504561585516845e-01
1.091955267105909400e+00
0.000000000000000000e+00
1.126840274211780235e+00
4.519138467036995510e-01
6.596668682222232016e-01
0.000000000000000000e+00
7.276351382286527780e-01
6.845129283031924361e-01
7.709385953882209597e-01
1.386745771162711138e+00
6.853706881257749517e-01
1.685901935313476319e-01
5.142312374323270308e-04
0.000000000000000000e+00
8.593149551168394185e-01
0.000000000000000000e+00
8.981520995158578380e-01
0.000000000000000000e+00
0.000000000000000000e+00
3.919457557988889063e-01
1.777899267316538356e+00
5.265930688014879291e-01
3.108454343319416724e-01
2.767031086419776464e+00
0.000000000000000000e+00
0.000000000000000000e+00
7.688681030268174066e-01
2.523661182401704561e+00
3.094173327199043477e-01
1.777250691084261147e+00
2.093799784785375095e+00
3.021468135794061372e+00
1.461442825968055637e+00
1.500354475687054601e+00
6.502596097780839746e-02
0.000000000000000000e+00
0.000000000000000000e+00
6.031482289983141065e-01
0.000000000000000000e+00
1.503156732828529352e+00
2.601299257732894610e+00
3.605640003230876078e-01
0.000000000000000000e+00
0.000000000000000000e+00
0.000000000000000000e+00
0.000000000000000000e+00
1.053334688626926807e+00
1.453728720817184517e-01
0.000000000000000000e+00
0.000000000000000000e+00
7.370226294063825234e-01
