# Ensemble C, m = 25.0, lambda = [  1.58662055e-08  -1.12628307e-08   0.00000000e+00   1.49979284e-09]
9.121222251535319181e-01
1.677633883340755361e+00
8.734941871155091908e-01
1.086412687376660413e+00
0.000000000000000000e+00
1.506771775147999204e+00
1.925584405902507124e+00
1.555244836190117219e+00
1.937864235111979472e+00
0.000000000000000000e+00
9.793057069487599575e-01
2.506767512427975575e+00
5.217980829699335743e-01
1.443676676761529887e+00
1.614094387102858574e+00
1.710862140522884989e+00
1.489297982162788525e+00
5.537484351523443982e-01
1.158874968514455261e+00
1.207210150020025186e+00
1.309065115379062783e-01
2.182678374424191770e+00
6.931453221317753766e-01
2.418345203149665501e+00
1.733324593823319937e+00
1.911198491703995916e+00
1.262022152399220776e+00
2.427608017212417479e+00
1.396315220540031765e+00
1.052498482666411439e+00
1.160391364724975727e+00
1.449357166942712105e+00
1.698310493768856677e+00
1.866250863045005426e+00
0.000000000000000000e+00
2.059163273299106367e-01
1.493074459993600112e+00
2.525622604866647247e+00
1.052698019118634809e+00
1.873736231177811185e+00
2.341261846370640054e+00
9.120648762213261485e-01
2.085068460004240620e+00
1.012622942184183028e+00
2.255184204572183937e+00
1.657201816096937508e+00
1.421474136005438593e+00
2.353764512633055528e+00
1.170927516719928452e+00
1.349490928601566608e-01
2.929504858387718125e-01
1.365882676766969173e+00
0.000000000000000000e+00
2.110456729604980985e+00
1.749755820031329900e+00
2.123908366097019051e+00
2.155781139409401082e+00
1.769695388661583602e+00
7.573436653675937880e-01
2.650037645293760402e+00
7.760620028693178130e-01
4.234225029419500519e-01
1.680741113823994048e+00
1.355207476562499291e+00
0.000000000000000000e+00
1.719379327322201612e-01
2.467345909868190468e+00
1.040824369795377430e-01
2.253283319069945723e+00
1.079729780080652235e+00
4.732859552500031097e-01
1.797983271587454412e+00
4.024358158732235791e-01
9.378716749838555966e-01
1.499288714208998119e+00
4.861847686432516635e-01
1.943008747329447727e+00
1.233497542449263573e+00
0.000000000000000000e+00
7.841093323853951524e-01
4.153054131917398029e-01
0.000000000000000000e+00
2.579321402213198944e+00
1.133607047044388860e+00
2.019547524370612468e+00
7.925908810611640432e-01
0.000000000000000000e+00
1.937862817260068482e+00
0.000000000000000000e+00
1.506597607677137018e+00
1.343564728396311470e+00
1.047827262136918458e+00
0.000000000000000000e+00
4.581901385281337280e-01
0.000000000000000000e+00
3.288218479579524400e-01
1.718774702157764622e+00
2.667213580255022976e+00
1.623169652621337500e+00
2.124281497307895616e+00
