# Ensemble C, m = 25.0, lambda = [  8.87572468e-09  -7.73046988e-09   0.00000000e+00   0.00000000e+00]
1.601271543458190338e+00
0.000000000000000000e+00
0.000000000000000000e+00
2.108732973889205775e-01
0.000000000000000000e+00
9.874118389917678762e-01
0.000000000000000000e+00
0.000000000000000000e+00
2.177605884918614454e-01
0.000000000000000000e+00
1.083005093185410272e+00
0.000000000000000000e+00
0.000000000000000000e+00
0.000000000000000000e+00
4.344990364403292782e-01
0.000000000000000000e+00
5.401394446630380930e-02
1.434876965144567640e+00
0.000000000000000000e+00
0.000000000000000000e+00
0.000000000000000000e+00
2.634490318760869254e-01
0.000000000000000000e+00
2.739858694497616654e-01
0.000000000000000000e+00
9.115063706656847953e-02
1.817042727553815074e-01
0.000000000000000000e+00
4.067920924684825246e-01
0.000000000000000000e+00
0.000000000000000000e+00
0.000000000000000000e+00
0.000000000000000000e+00
0.000000000000000000e+00
0.000000000000000000e+00
4.002858617058812629e-01
0.000000000000000000e+00
1.175598814075245156e-02
0.000000000000000000e+00
0.000000000000000000e+00
0.000000000000000000e+00
0.000000000000000000e+00
5.015197450041716243e-01
0.000000000000000000e+00
0.000000000000000000e+00
0.000000000000000000e+00
0.000000000000000000e+00
0.000000000000000000e+00
0.000000000000000000e+00
0.000000000000000000e+00
6.730018538868810518e-01
1.616640219135206724e+00
0.000000000000000000e+00
0.000000000000000000e+00
9.209076621821721265e-01
0.000000000000000000e+00
0.000000000000000000e+00
0.000000000000000000e+00
1.731074051036617448e-02
0.000000000000000000e+00
6.171650455464617879e-01
3.078447952563258955e-03
0.000000000000000000e+00
0.000000000000000000e+00
0.000000000000000000e+00
0.000000000000000000e+00
0.000000000000000000e+00
3.331022467767906226e-01
0.000000000000000000e+00
0.000000000000000000e+00
0.000000000000000000e+00
0.000000000000000000e+00
0.000000000000000000e+00
1.035750953269097607e+00
0.000000000000000000e+00
0.000000000000000000e+00
4.442080829814768483e-01
0.000000000000000000e+00
0.000000000000000000e+00
0.000000000000000000e+00
9.377308802656224573e-01
0.000000000000000000e+00
0.000000000000000000e+00
0.000000000000000000e+00
3.864039184054428033e-01
8.714506796226487717e-01
0.000000000000000000e+00
0.000000000000000000e+00
0.000000000000000000e+00
0.000000000000000000e+00
0.000000000000000000e+00
0.000000000000000000e+00
0.000000000000000000e+00
0.000000000000000000e+00
0.000000000000000000e+00
0.000000000000000000e+00
0.000000000000000000e+00
0.000000000000000000e+00
0.000000000000000000e+00
0.000000000000000000e+00
