# Ensemble C, m = 25.0, c_n/c_p = 0.677419354839, f = -0.94
# lambda = [  6.27587506e-09  -3.99631528e-09   0.00000000e+00   1.45046876e-09]
#  
1.421261401461424656e+00
0.000000000000000000e+00
0.000000000000000000e+00
0.000000000000000000e+00
2.335350582109878559e+00
0.000000000000000000e+00
7.542291481461569358e-01
5.875783222288964991e-01
1.920436862500904063e+00
2.554313306751842649e+00
5.244313931000373907e-01
0.000000000000000000e+00
9.676478206877187072e-01
1.170028590803406043e+00
8.856551513735589493e-03
0.000000000000000000e+00
0.000000000000000000e+00
7.537394260912565480e-01
0.000000000000000000e+00
0.000000000000000000e+00
1.424880455841030624e+00
1.853364554609385761e+00
1.962822158754647051e+00
0.000000000000000000e+00
8.206415945438715331e-01
2.583373132558013374e+00
0.000000000000000000e+00
8.312385556662653385e-02
8.804914469483539063e-01
4.810401269248822942e-01
1.232653310753939468e+00
2.617645893063494267e+00
0.000000000000000000e+00
6.376834974897440667e-01
8.681245495879537713e-03
0.000000000000000000e+00
1.155034821302730386e+00
4.208746810984693165e-01
1.534181038179167345e-01
6.457105262300300019e-01
1.199107624397094174e+00
0.000000000000000000e+00
0.000000000000000000e+00
0.000000000000000000e+00
0.000000000000000000e+00
1.071104878062325350e+00
0.000000000000000000e+00
7.037296484734106850e-01
1.355210907808819032e+00
1.416056229295924673e+00
0.000000000000000000e+00
1.738615340227942785e-01
1.016802143173034967e+00
0.000000000000000000e+00
1.554316769562878342e+00
0.000000000000000000e+00
0.000000000000000000e+00
0.000000000000000000e+00
1.610734938261830784e+00
1.794593357954555213e+00
0.000000000000000000e+00
1.741814451715646639e+00
7.076526239352525227e-01
1.525566254591219861e+00
1.963984075402414597e-01
6.639159582422117234e-01
1.307618011555377713e+00
6.700813586540464717e-02
0.000000000000000000e+00
4.719965752019868455e-01
9.275858497526738855e-01
0.000000000000000000e+00
3.917513559503568721e-01
0.000000000000000000e+00
0.000000000000000000e+00
1.311788518705559348e+00
1.853306461135645067e-01
0.000000000000000000e+00
0.000000000000000000e+00
3.142593172302881460e-02
0.000000000000000000e+00
6.555211398397106093e-01
0.000000000000000000e+00
0.000000000000000000e+00
3.591585746021406234e-01
0.000000000000000000e+00
2.986105649566277442e-01
1.308246513863613902e+00
7.798370224837155584e-01
6.424300677882391897e-01
2.991277292943397056e-03
0.000000000000000000e+00
0.000000000000000000e+00
0.000000000000000000e+00
0.000000000000000000e+00
1.239651762324706225e-01
1.597205088506317150e+00
0.000000000000000000e+00
0.000000000000000000e+00
0.000000000000000000e+00
