# Ensemble C, m = 25.0, lambda = [  8.75498104e-09  -7.34387579e-09   0.00000000e+00   9.04533393e-10]
1.022380476949525274e+00
1.288141641667780668e+00
9.269764318481165111e-01
0.000000000000000000e+00
0.000000000000000000e+00
4.458083781854844246e-02
0.000000000000000000e+00
0.000000000000000000e+00
6.658134162762362473e-01
0.000000000000000000e+00
9.761122682724510113e-01
1.430632915995246002e+00
0.000000000000000000e+00
7.414863003819962550e-01
6.645198698626387790e-01
4.839537567850812350e-01
0.000000000000000000e+00
0.000000000000000000e+00
1.194720606388273376e+00
1.110943681331841848e+00
0.000000000000000000e+00
3.336475708790570538e-01
1.314034857270848899e+00
0.000000000000000000e+00
4.750072889874408233e-01
1.767921127842842832e+00
1.272275157751996177e+00
1.314598019766251458e+00
1.582353961627140038e+00
1.964605374454888809e+00
0.000000000000000000e+00
2.117585698191825738e+00
0.000000000000000000e+00
0.000000000000000000e+00
1.150177404119142377e+00
0.000000000000000000e+00
0.000000000000000000e+00
1.716028226577197113e+00
2.914902963396127644e-01
7.551827129627233237e-01
1.044733168966231585e+00
1.288261447473643795e+00
2.100020051673976873e+00
2.087080370644004146e-01
5.051422900149562523e-01
0.000000000000000000e+00
8.932386381143705423e-01
7.256745456959079466e-01
0.000000000000000000e+00
0.000000000000000000e+00
2.250646323467579701e-01
1.348111136878960892e+00
1.545723287058867301e+00
5.028453286804331901e-01
9.828149275132798124e-01
2.421589341110056193e+00
1.772339613732283770e+00
1.254394693327125498e+00
1.725575069355811841e+00
1.012708319721305150e+00
0.000000000000000000e+00
0.000000000000000000e+00
8.414376710767131895e-01
1.624056373706611822e+00
8.037604697940410325e-01
2.289641675992660996e+00
3.794051024218132728e-02
1.017785820815624742e+00
3.257421408896924997e-01
0.000000000000000000e+00
1.023135943680444804e+00
0.000000000000000000e+00
1.746328144072306909e-01
0.000000000000000000e+00
5.620297214260694396e-01
1.969845864801725188e+00
0.000000000000000000e+00
0.000000000000000000e+00
0.000000000000000000e+00
8.192480860685994459e-01
0.000000000000000000e+00
1.004891108795630705e+00
1.368229343924475705e+00
0.000000000000000000e+00
0.000000000000000000e+00
0.000000000000000000e+00
1.434999523932675380e+00
1.646348983733197491e+00
1.778555585431325081e+00
0.000000000000000000e+00
1.277088612966206682e+00
1.657528603917835186e+00
6.264801199062082215e-01
0.000000000000000000e+00
1.767086704343862058e+00
0.000000000000000000e+00
1.935234158832594753e+00
0.000000000000000000e+00
0.000000000000000000e+00
1.400320324720041532e+00
