# Ensemble C, m = 25.0, lambda = [  6.41086802e-09  -4.68986016e-09   0.00000000e+00   1.49339704e-09]
1.208119295202093157e+00
1.423721353166222059e+00
0.000000000000000000e+00
9.922096509106987927e-01
2.344034342796190273e+00
0.000000000000000000e+00
0.000000000000000000e+00
2.367767695519766846e+00
0.000000000000000000e+00
7.803417745407204703e-03
0.000000000000000000e+00
0.000000000000000000e+00
7.152389961667668383e-02
1.844370852457036802e+00
0.000000000000000000e+00
0.000000000000000000e+00
1.585224374615990417e+00
9.318236140122445610e-01
1.057789214602746553e+00
0.000000000000000000e+00
0.000000000000000000e+00
0.000000000000000000e+00
5.463673930284776992e-01
3.504211071744796069e-01
8.115472917205457382e-01
0.000000000000000000e+00
2.037850212784861448e+00
4.448112906097183294e-02
2.100135926063621650e+00
1.914579708999902541e-01
4.227241225137205460e-01
9.295053173021265991e-01
0.000000000000000000e+00
0.000000000000000000e+00
3.212261523560687726e-01
0.000000000000000000e+00
0.000000000000000000e+00
0.000000000000000000e+00
5.782275586979118698e-01
3.340126791125526129e-01
0.000000000000000000e+00
0.000000000000000000e+00
2.048372047206803437e+00
4.202494429598299108e-01
5.319816359916060833e-01
1.311299358681841332e+00
1.662804361216228433e+00
5.729396254712307845e-01
1.704201735579420340e+00
0.000000000000000000e+00
1.553405998210408256e+00
2.265990555816520813e-01
0.000000000000000000e+00
0.000000000000000000e+00
9.148963560753581303e-01
1.221152564958761372e-01
0.000000000000000000e+00
0.000000000000000000e+00
1.457088753574659057e+00
5.553700853029950313e-01
0.000000000000000000e+00
8.153890221856640030e-01
4.829448141801711558e-01
1.643227494848434223e+00
0.000000000000000000e+00
0.000000000000000000e+00
0.000000000000000000e+00
0.000000000000000000e+00
1.733234129792830869e+00
0.000000000000000000e+00
9.200320857499320049e-01
0.000000000000000000e+00
3.921835113315699783e-01
6.932261889684289136e-01
7.547486949465742612e-01
0.000000000000000000e+00
1.893687804076967574e+00
0.000000000000000000e+00
0.000000000000000000e+00
0.000000000000000000e+00
0.000000000000000000e+00
1.681070630853790604e+00
2.158427822982452240e-03
1.911070237494548296e+00
6.604063675724901605e-01
8.774805525627817904e-01
0.000000000000000000e+00
0.000000000000000000e+00
2.269015284590704784e+00
5.265439947828796097e-01
1.770347667331828578e+00
3.639608194908564454e-03
1.739529341204449686e+00
9.290755424379391059e-01
1.240342328252644677e+00
2.195925580577723579e+00
5.984970846248992560e-01
1.470665200871498421e-02
9.520126915593379868e-01
1.476823004115547899e+00
