# Ensemble C, m = 25.0, c_n/c_p = 0.922580645161, f = -0.988260869565
# lambda = [  5.94548064e-09  -5.42079406e-09   0.00000000e+00   8.38003737e-10]
#  
0.000000000000000000e+00
5.781009338248545015e-01
0.000000000000000000e+00
1.467537956025531054e+00
0.000000000000000000e+00
5.499710289151849008e-01
0.000000000000000000e+00
1.321318524159883712e+00
2.156040984114145354e-01
0.000000000000000000e+00
0.000000000000000000e+00
5.486514799364905492e-01
0.000000000000000000e+00
0.000000000000000000e+00
0.000000000000000000e+00
0.000000000000000000e+00
1.425075648946706741e-01
2.479827732691669784e+00
0.000000000000000000e+00
0.000000000000000000e+00
7.432631283918559317e-01
1.462254377933215610e-01
1.923442414782829679e-01
4.340930659476024273e-02
5.486062143913558176e-01
2.915467642865511855e-01
6.605455628658668532e-01
2.941284287047590124e-02
4.150530531835712744e-01
0.000000000000000000e+00
0.000000000000000000e+00
1.205080400383430561e+00
2.201247578485700795e-01
0.000000000000000000e+00
3.848278264722688746e-01
2.356566695529619185e-02
1.895008665706583439e+00
0.000000000000000000e+00
7.592687318745099390e-01
3.461722230585823623e-01
1.974060902567917886e-01
0.000000000000000000e+00
8.405167665391146681e-01
2.986141515251213852e-01
0.000000000000000000e+00
0.000000000000000000e+00
0.000000000000000000e+00
3.566678061142702916e-01
3.313491335194131970e-01
5.595410127343042328e-01
2.331260589219771084e+00
0.000000000000000000e+00
2.149638682931526379e+00
1.643535914806107057e+00
0.000000000000000000e+00
0.000000000000000000e+00
0.000000000000000000e+00
5.801464457169817068e-01
7.484589257650212657e-01
5.239222427295721074e-01
0.000000000000000000e+00
1.854385845506846486e+00
4.441819780656824368e-01
0.000000000000000000e+00
0.000000000000000000e+00
1.482978419092706446e+00
0.000000000000000000e+00
7.515056125745280813e-01
0.000000000000000000e+00
0.000000000000000000e+00
2.637766254435222057e-01
0.000000000000000000e+00
2.023424399097765392e+00
5.791097403151112405e-02
3.544291121951880785e-01
0.000000000000000000e+00
0.000000000000000000e+00
0.000000000000000000e+00
1.076521490440939477e+00
3.379381108618619289e-01
3.878740532569083244e-01
9.512620929343534870e-01
1.428150593944819795e-02
0.000000000000000000e+00
0.000000000000000000e+00
4.451431955141310626e-01
1.502465427476814330e+00
1.369987315971242570e+00
0.000000000000000000e+00
6.262049135742081551e-01
7.145212386260550996e-01
0.000000000000000000e+00
0.000000000000000000e+00
1.815438816395107402e+00
2.773853427118840309e-01
0.000000000000000000e+00
3.413989420070027894e-03
0.000000000000000000e+00
3.142947111137008986e-03
1.885132650344687910e+00
