# Ensemble C, m = 25.0, c_n/c_p = 0.793548387097, f = -0.989565217391
# lambda = [  1.06156577e-08  -8.33613505e-09   0.00000000e+00   1.21378317e-09]
#  
2.244903713321718453e+00
0.000000000000000000e+00
1.662869709009754615e+00
0.000000000000000000e+00
1.632177435748339844e+00
1.601788964053954656e+00
9.722110324308528284e-01
0.000000000000000000e+00
1.613504986003845509e+00
7.129823034008446747e-01
1.696880342157312649e+00
9.760468855452471004e-01
1.765837174640949137e+00
1.360096215936289488e+00
1.473645005845595915e-03
1.521974999361378478e+00
1.165068261721371901e+00
2.262426373925951584e+00
1.628178236880835517e+00
1.107572572434903480e+00
5.424986731636740611e-01
1.333018929494972804e+00
2.475321717727230642e+00
1.411387261484354561e+00
1.088912130639655418e+00
9.512620929343534870e-01
1.713751887707078536e+00
7.787808324409553062e-01
2.068403459145100154e+00
2.229226097074991308e+00
3.858369075319584840e-01
7.750286975864707946e-03
2.051652324051456144e+00
1.647910796685583268e+00
1.242863858904972307e+00
1.956010137019688955e+00
7.841056574607974117e-01
0.000000000000000000e+00
0.000000000000000000e+00
3.594237504685039442e-01
0.000000000000000000e+00
1.516599591376373901e+00
2.627292064719970455e+00
3.171290702484558799e-01
1.146252136310229375e+00
2.382724512240906645e+00
1.361507205626230510e+00
9.720221491190396135e-01
1.619639835810546158e+00
2.299084023950590083e+00
2.335713690815872656e-01
2.715104001452469440e+00
1.861683250300380621e+00
8.955701245060158078e-01
1.691711081344343670e-01
1.340631502697219979e+00
1.470999631909193806e+00
1.271847562760180628e+00
2.181504298213635451e+00
1.896809797283728338e+00
1.904511361974489114e+00
0.000000000000000000e+00
1.662869709009754615e+00
2.165718270198114581e+00
4.214714465397662591e-01
1.321385974910220806e+00
6.164348340959517891e-01
1.487656179744243135e+00
6.659751394912549749e-01
1.035173639605696083e+00
1.885986413811980400e+00
8.154150906736813420e-01
1.714616261824468690e+00
2.151028360413040907e+00
1.034673462427523116e+00
2.005079391679441547e-01
0.000000000000000000e+00
2.414958307919828684e+00
4.382443667154635458e-02
3.638793480428633154e-01
2.105274317317409771e+00
1.815104722752567845e+00
0.000000000000000000e+00
1.154906115257587462e+00
1.046555383448737997e+00
1.765849408755782557e+00
2.043500522737815572e+00
1.568536006374865233e+00
2.954377937910414587e-01
1.500318294467119173e+00
0.000000000000000000e+00
1.046555383448737997e+00
0.000000000000000000e+00
1.832368258486951174e+00
2.316224428305843297e+00
1.626463260520983223e+00
2.870747281392718175e+00
2.184902569345652967e+00
4.612653401410132248e-01
1.175402906254378710e+00
