# Ensemble C, m = 25.0, c_n/c_p = 0.806451612903, f = -0.980434782609
# lambda = [  8.26640494e-09  -6.53602494e-09   0.00000000e+00   1.31225308e-09]
#  
5.880059916263823405e-01
2.404039510854187434e+00
7.298783869637255339e-01
1.344447788904755692e+00
0.000000000000000000e+00
1.256165647730964931e-02
1.648751170352398931e+00
1.266534515712322673e+00
0.000000000000000000e+00
2.632510212223961421e+00
7.508830173738670899e-01
1.526263903685435869e-03
1.308137787399455298e+00
1.804633474649434133e+00
0.000000000000000000e+00
2.187586311520548055e+00
0.000000000000000000e+00
4.465826188656305852e-03
2.154710749380897017e+00
3.201258673941801414e-01
1.101244686881312385e+00
6.867423709524120845e-01
8.173802892372609152e-01
1.128489088796866824e+00
0.000000000000000000e+00
0.000000000000000000e+00
0.000000000000000000e+00
6.177998889138537342e-01
9.470885030147110362e-01
1.314414032766663798e+00
4.836338806391788925e-01
1.059357158721335512e+00
4.433638531045448750e-02
0.000000000000000000e+00
0.000000000000000000e+00
2.062722332247611146e+00
1.629693868740143436e+00
1.775335063452364359e+00
8.164768520622989190e-02
1.594134417206695575e+00
2.000844575706063999e+00
1.174249829616185181e+00
2.024815896221713984e+00
0.000000000000000000e+00
4.278559438636864720e-01
7.929827863842395241e-02
0.000000000000000000e+00
1.355583683826376618e+00
1.759189854766584737e+00
2.546601432018718469e+00
7.215424259201971835e-02
1.101244686881312385e+00
1.782589115484903175e+00
1.932506854633027960e+00
1.066121839603193733e+00
2.252408324989905730e-01
1.716157990653152776e+00
0.000000000000000000e+00
1.208492455198549642e+00
2.202844335302219125e+00
1.239252139774060568e+00
9.518213167210879400e-01
0.000000000000000000e+00
2.519204571035473350e+00
6.755169605289157442e-02
3.413631489950095799e-01
5.722760069561374507e-01
1.290231233690866564e+00
3.358701448127126565e-01
2.616569555681788617e-01
1.431743169893997303e+00
2.116488020790787683e+00
1.180844517242751301e+00
0.000000000000000000e+00
1.724181346433960815e+00
3.982089302084276250e-01
1.815964414386309345e-01
0.000000000000000000e+00
3.994154794011773313e-01
1.105278083544783740e+00
1.473280867934786631e+00
1.256145210897386733e+00
0.000000000000000000e+00
7.380273043605910521e-01
1.424440454949825741e+00
0.000000000000000000e+00
3.744674637566450248e-01
4.891732565549412881e-02
2.121979085389392949e+00
9.134922772513690559e-01
1.361576228772355845e+00
1.838772531622713036e+00
1.320265070362539372e+00
6.006677820391844724e-01
1.429358973485297835e+00
6.463179388649364920e-01
6.887929692840073503e-01
2.484573472956876472e+00
1.000271658043011103e+00
5.063846588818705641e-01
