# Ensemble C, m = 25.0, lambda = [  6.13659417e-09  -5.40683435e-09   0.00000000e+00   1.02502894e-09]
7.048396402359288423e-03
0.000000000000000000e+00
1.665703210828221481e+00
1.741026193618942841e+00
6.090297180251943998e-02
4.939089896840617167e-01
1.815840749050011249e+00
0.000000000000000000e+00
4.397022282375018243e-01
0.000000000000000000e+00
0.000000000000000000e+00
1.050729832440881584e+00
1.141692340135142203e+00
2.433235946269970626e-02
1.678923447500999311e+00
0.000000000000000000e+00
4.992755709896904426e-01
1.563207853018745652e+00
0.000000000000000000e+00
0.000000000000000000e+00
0.000000000000000000e+00
0.000000000000000000e+00
1.166674112744132685e+00
0.000000000000000000e+00
1.817041147793726705e-02
0.000000000000000000e+00
6.694113243266447411e-01
0.000000000000000000e+00
0.000000000000000000e+00
5.777533451575092051e-03
2.711575946559862671e-01
0.000000000000000000e+00
0.000000000000000000e+00
0.000000000000000000e+00
0.000000000000000000e+00
1.380204490965982078e+00
7.497217679555913117e-01
8.435137535693275623e-01
0.000000000000000000e+00
0.000000000000000000e+00
0.000000000000000000e+00
8.049135713004507142e-01
1.371692006040735823e+00
1.659205637523615273e+00
0.000000000000000000e+00
0.000000000000000000e+00
0.000000000000000000e+00
2.068417793559452100e+00
0.000000000000000000e+00
4.040454479397251886e-01
0.000000000000000000e+00
4.129934630012054853e-01
0.000000000000000000e+00
5.907414694358512630e-01
0.000000000000000000e+00
0.000000000000000000e+00
0.000000000000000000e+00
3.342835557450761774e-01
1.069239680171412505e-03
4.438212781732227968e-02
0.000000000000000000e+00
0.000000000000000000e+00
0.000000000000000000e+00
0.000000000000000000e+00
4.144387196127970012e-03
5.411400019316210397e-01
0.000000000000000000e+00
2.144747644731035408e+00
0.000000000000000000e+00
0.000000000000000000e+00
0.000000000000000000e+00
0.000000000000000000e+00
0.000000000000000000e+00
1.905691227008141198e+00
0.000000000000000000e+00
0.000000000000000000e+00
6.906434031991236511e-01
0.000000000000000000e+00
0.000000000000000000e+00
1.822496286339426508e+00
3.997904096416196595e-01
6.037183544427641158e-01
0.000000000000000000e+00
0.000000000000000000e+00
0.000000000000000000e+00
7.034233462983233709e-01
1.488303413166360389e+00
1.269426484808447775e+00
1.613480097964604454e+00
2.589537605301534651e+00
1.857593660022156978e+00
3.095355818859014119e-01
9.665556234391668722e-02
1.684781004523950854e-01
0.000000000000000000e+00
3.422902429884920605e-02
3.723230599954604481e-01
0.000000000000000000e+00
0.000000000000000000e+00
0.000000000000000000e+00
