# Ensemble C, m = 25.0, lambda = [  6.18267664e-09  -5.25028912e-09   0.00000000e+00   1.19655360e-09]
1.544977995942180327e+00
1.364897100962930043e+00
5.377940128671718778e-01
7.098050755016958868e-02
1.513814628335911294e+00
2.157705869152149347e+00
4.777079217874112826e-01
1.429934551736052051e-01
0.000000000000000000e+00
3.960239435023127919e-01
4.121486184476885750e-01
0.000000000000000000e+00
9.452397569518887765e-01
0.000000000000000000e+00
0.000000000000000000e+00
0.000000000000000000e+00
0.000000000000000000e+00
8.418821194752160730e-01
2.099957352744928063e-01
0.000000000000000000e+00
0.000000000000000000e+00
1.518534276275679551e-01
0.000000000000000000e+00
8.101659944156633722e-03
6.100522123069775440e-03
0.000000000000000000e+00
1.032807577123664222e+00
2.566347876197219602e+00
6.210167096554075616e-02
0.000000000000000000e+00
7.016512601499821367e-01
0.000000000000000000e+00
0.000000000000000000e+00
1.379710290274987372e+00
1.832164000233577505e+00
0.000000000000000000e+00
0.000000000000000000e+00
1.717839684706036762e-01
8.110739059415962293e-01
1.264094317815179114e+00
1.030852171126731109e+00
1.787713237316454817e+00
1.158244360681167429e+00
1.336717575928871860e+00
1.997858485913819176e-02
6.097359090799918668e-01
0.000000000000000000e+00
0.000000000000000000e+00
0.000000000000000000e+00
7.645588308135816691e-01
6.562626493498943114e-01
6.107765890822696164e-01
0.000000000000000000e+00
0.000000000000000000e+00
0.000000000000000000e+00
2.212900405115833191e+00
3.518435451209583897e-02
4.511312541475758775e-01
0.000000000000000000e+00
4.671310931815137457e-01
7.371066287833281938e-02
1.221719194183572554e+00
0.000000000000000000e+00
0.000000000000000000e+00
0.000000000000000000e+00
4.135794911940771090e-03
1.778381830189954105e+00
2.470098575937145213e+00
1.007417048762837969e-01
2.002571007368751488e+00
0.000000000000000000e+00
0.000000000000000000e+00
0.000000000000000000e+00
1.010792690978517649e+00
4.824239978108130766e-01
0.000000000000000000e+00
7.639664091027484893e-01
1.060604374191821631e+00
0.000000000000000000e+00
4.037730716524348118e-01
2.012421591267247400e+00
0.000000000000000000e+00
3.239324237950357704e-02
1.978900264304154499e-01
0.000000000000000000e+00
9.205302127476956350e-03
0.000000000000000000e+00
2.996637520574796931e-01
0.000000000000000000e+00
0.000000000000000000e+00
1.221754250554800247e+00
0.000000000000000000e+00
2.142433930429978872e+00
9.838457209628546085e-01
2.190071185943351928e+00
1.103350205919971350e+00
3.220946385342001173e-01
0.000000000000000000e+00
5.332389651102312778e-01
0.000000000000000000e+00
