# Ensemble C, m = 25.0, lambda = [  8.97654722e-09  -5.27147736e-09   0.00000000e+00   1.10442315e-09]
6.715565997725023162e-02
0.000000000000000000e+00
6.206321487294427230e-01
7.517213721933067028e-01
6.563732557005985679e-03
8.154214546180463818e-01
0.000000000000000000e+00
0.000000000000000000e+00
0.000000000000000000e+00
1.035681138804963153e+00
0.000000000000000000e+00
3.213963561781862932e-01
2.202279781818922810e+00
0.000000000000000000e+00
0.000000000000000000e+00
5.912761216015965937e-01
0.000000000000000000e+00
7.623099345165447183e-01
3.080330729162610859e-01
0.000000000000000000e+00
1.427605692783681324e+00
9.130278482397441442e-01
5.074980783112228444e-01
9.964792235652674135e-01
4.631379121556255529e-01
1.059305055956302893e-01
8.746263192646236417e-03
0.000000000000000000e+00
8.292039863825605428e-01
2.276085465137728595e-02
1.304693827875058609e+00
0.000000000000000000e+00
9.505536546969766132e-01
5.592772013789088642e-02
8.491595068450541461e-02
1.589316811669202190e-01
3.201327334517579670e-01
0.000000000000000000e+00
0.000000000000000000e+00
3.247167902953582153e-01
0.000000000000000000e+00
1.972051688088572341e+00
0.000000000000000000e+00
1.301523930794193040e+00
7.750172627261697755e-01
1.628391577887467800e+00
2.615750720835778673e-03
1.159936184420601979e+00
0.000000000000000000e+00
0.000000000000000000e+00
7.688488910408556309e-01
0.000000000000000000e+00
1.321767377072807115e+00
0.000000000000000000e+00
1.471105031557396581e+00
0.000000000000000000e+00
1.048533694792612270e+00
0.000000000000000000e+00
7.988946549100890693e-02
0.000000000000000000e+00
5.881761910995088050e-01
1.054296757413224483e+00
4.579436044032627606e-01
0.000000000000000000e+00
1.609927495516450258e-01
7.551298684623960478e-01
9.191006832658399350e-01
7.424732417898592951e-01
6.735782721325443700e-02
0.000000000000000000e+00
7.006051911646915542e-02
3.091714292275533627e-01
0.000000000000000000e+00
9.505837028075320161e-01
0.000000000000000000e+00
0.000000000000000000e+00
6.896383678440703990e-01
4.408753918987861620e-01
0.000000000000000000e+00
1.463402953903446768e+00
0.000000000000000000e+00
1.393692790661993641e-01
2.538921447374612228e+00
0.000000000000000000e+00
0.000000000000000000e+00
1.200549035036331924e+00
1.738911064170965748e+00
2.105442642970901113e-01
0.000000000000000000e+00
5.003345786485718927e-01
8.983970301502701705e-01
0.000000000000000000e+00
1.069638753632156769e+00
3.695620822985922760e-01
1.492309814855008909e+00
6.073205867751358955e-01
4.961646998687392895e-01
2.237675142459323752e+00
0.000000000000000000e+00
0.000000000000000000e+00
