# Ensemble C, m = 25.0, lambda = [  6.30336658e-09  -5.56790604e-09   0.00000000e+00   9.75397307e-10]
0.000000000000000000e+00
0.000000000000000000e+00
0.000000000000000000e+00
1.147068735192849687e+00
1.250981329253406660e+00
0.000000000000000000e+00
0.000000000000000000e+00
1.750633388391304335e+00
0.000000000000000000e+00
0.000000000000000000e+00
7.547813592602674315e-02
1.290957486616794991e+00
5.737456392797645188e-01
0.000000000000000000e+00
7.527509841238164690e-01
0.000000000000000000e+00
2.469183415371206669e-01
3.071655969781423856e-01
0.000000000000000000e+00
0.000000000000000000e+00
0.000000000000000000e+00
1.482374971436591471e+00
0.000000000000000000e+00
1.906375276728792034e+00
0.000000000000000000e+00
1.295056450532577230e+00
7.197795281440220183e-01
0.000000000000000000e+00
7.518563290151835526e-03
0.000000000000000000e+00
0.000000000000000000e+00
1.421109227010268317e+00
0.000000000000000000e+00
1.452641430744503470e+00
0.000000000000000000e+00
6.681174616590980220e-01
6.200691319858069317e-01
1.729729793803622684e-01
0.000000000000000000e+00
0.000000000000000000e+00
0.000000000000000000e+00
9.534165175637910883e-01
0.000000000000000000e+00
0.000000000000000000e+00
1.549611768929727962e+00
0.000000000000000000e+00
0.000000000000000000e+00
0.000000000000000000e+00
0.000000000000000000e+00
1.444693658255698399e+00
3.326511071552681886e-01
8.597376527748867500e-03
0.000000000000000000e+00
0.000000000000000000e+00
1.170498294163959882e-02
0.000000000000000000e+00
0.000000000000000000e+00
0.000000000000000000e+00
0.000000000000000000e+00
0.000000000000000000e+00
8.057551246573878279e-02
2.370713192734721086e-01
0.000000000000000000e+00
1.339421501189507646e+00
1.432269893954073892e+00
0.000000000000000000e+00
0.000000000000000000e+00
0.000000000000000000e+00
0.000000000000000000e+00
7.964160966534180597e-01
8.272082411276292235e-02
0.000000000000000000e+00
0.000000000000000000e+00
1.713272865359990904e+00
6.048780739843828691e-02
3.136573880070483988e-01
3.215808801744021173e-01
0.000000000000000000e+00
6.578583616718594040e-01
0.000000000000000000e+00
2.043838786929317863e-01
1.842669198542943310e+00
0.000000000000000000e+00
0.000000000000000000e+00
0.000000000000000000e+00
0.000000000000000000e+00
0.000000000000000000e+00
2.171198985164590756e+00
1.550688478659586922e+00
0.000000000000000000e+00
8.667631870794709759e-01
4.527275858074508164e-01
0.000000000000000000e+00
1.781016517711944136e+00
5.391440135828237112e-01
0.000000000000000000e+00
9.986330885937046986e-01
0.000000000000000000e+00
1.543892008156024342e+00
0.000000000000000000e+00
