# Ensemble C, m = 25.0, lambda = [  4.87244217e-09  -4.76147623e-09   0.00000000e+00   6.78473617e-10]
4.971763694418367407e-01
1.181459038400622719e+00
0.000000000000000000e+00
1.435884649678371983e-01
3.705845507448264353e-01
1.353098597628167414e-02
2.070135591143355658e+00
1.717376918890488824e+00
0.000000000000000000e+00
0.000000000000000000e+00
0.000000000000000000e+00
0.000000000000000000e+00
0.000000000000000000e+00
2.142761964872141878e-01
2.471733916439488310e-01
0.000000000000000000e+00
1.609469333102411692e+00
8.754615580807006969e-01
0.000000000000000000e+00
0.000000000000000000e+00
8.291744556489894294e-03
0.000000000000000000e+00
0.000000000000000000e+00
1.126132557106867271e-01
0.000000000000000000e+00
0.000000000000000000e+00
0.000000000000000000e+00
1.114808468633236571e-01
0.000000000000000000e+00
0.000000000000000000e+00
0.000000000000000000e+00
0.000000000000000000e+00
0.000000000000000000e+00
2.436257713460203977e-01
0.000000000000000000e+00
0.000000000000000000e+00
3.863893404619294647e-01
0.000000000000000000e+00
0.000000000000000000e+00
0.000000000000000000e+00
0.000000000000000000e+00
0.000000000000000000e+00
0.000000000000000000e+00
0.000000000000000000e+00
0.000000000000000000e+00
0.000000000000000000e+00
8.508520002198133314e-01
2.294455270843933192e+00
0.000000000000000000e+00
1.385163820986218708e+00
0.000000000000000000e+00
0.000000000000000000e+00
0.000000000000000000e+00
6.314241913781277749e-01
0.000000000000000000e+00
0.000000000000000000e+00
0.000000000000000000e+00
0.000000000000000000e+00
0.000000000000000000e+00
0.000000000000000000e+00
1.258145815099705134e+00
1.885755156059256255e+00
7.508002076268281977e-01
0.000000000000000000e+00
0.000000000000000000e+00
0.000000000000000000e+00
0.000000000000000000e+00
8.477261095143586722e-01
2.034593535975956602e+00
1.032903726700550029e-02
1.011568479098376994e+00
0.000000000000000000e+00
0.000000000000000000e+00
0.000000000000000000e+00
0.000000000000000000e+00
1.015346992936986492e+00
0.000000000000000000e+00
0.000000000000000000e+00
0.000000000000000000e+00
0.000000000000000000e+00
0.000000000000000000e+00
2.524476928404760945e-03
0.000000000000000000e+00
0.000000000000000000e+00
0.000000000000000000e+00
0.000000000000000000e+00
1.095789357479146187e+00
0.000000000000000000e+00
2.565037376621641663e-01
0.000000000000000000e+00
0.000000000000000000e+00
2.180014096190350803e-01
0.000000000000000000e+00
0.000000000000000000e+00
0.000000000000000000e+00
0.000000000000000000e+00
0.000000000000000000e+00
0.000000000000000000e+00
0.000000000000000000e+00
0.000000000000000000e+00
