# Ensemble C, m = 25.0, lambda = [  2.21949571e-08  -1.61201616e-08   0.00000000e+00   1.39998749e-09]
2.548610503625259316e+00
2.357058329436219068e+00
2.433119681490444108e+00
7.314237236564378186e-01
9.728918023966736106e-01
2.133050140896996183e+00
1.705952968702466599e+00
3.309871478948140378e-01
1.563589249146348337e+00
1.568453513625161833e+00
2.248206137373292446e+00
1.484374850826700287e+00
2.430402524164801736e+00
2.248364975572399782e+00
8.756079972954468049e-01
1.849596354096617379e+00
1.046158487678786164e+00
1.815573346730916970e+00
1.142171571794643459e+00
1.830001644676041428e+00
1.677372352768015329e+00
1.226878820068794562e+00
3.727695767015868356e-01
2.135495766615691959e+00
1.671674143976263016e+00
2.315085350301946843e+00
0.000000000000000000e+00
1.710546489763388855e+00
1.772843445057794343e+00
2.615964964948729765e+00
1.949289423726819681e+00
1.225403834455488727e+00
1.077829517428828821e+00
2.007937898356454198e+00
0.000000000000000000e+00
9.387076897374917461e-01
2.057017881352904976e+00
2.172270062601652008e+00
9.126181363443938155e-01
2.498220603709075505e+00
1.932054642161666891e+00
2.587108817389111692e+00
1.958724433822664590e+00
2.435092825365390290e+00
2.016877282794499848e+00
0.000000000000000000e+00
1.766827079416293689e+00
2.605067829435387061e+00
2.124860341619239978e+00
1.737007047051258413e+00
1.205648253920904356e+00
2.161697785888995860e+00
2.278377286476902963e+00
2.000149198547918949e+00
2.208178419396046976e+00
1.725164051735398552e+00
2.438035905215177657e+00
1.771000597694771139e+00
1.612189486657677140e+00
2.017262327515461529e+00
1.900218800145788256e+00
2.008508748974700886e+00
1.455777395002818553e+00
2.075364380423824873e+00
2.144787842834682934e+00
2.680939292906107330e+00
2.231114137608619430e+00
2.153754503116823038e+00
7.553120300152550426e-01
1.985483989897353529e+00
1.714853416914121187e+00
1.633983567696910333e+00
1.873727054406923997e+00
7.136533157837022801e-01
1.884416973523950434e+00
2.014030188026319390e+00
1.886083348496000234e+00
2.495909558118508009e+00
1.495328036515347403e+00
5.591006991582230246e-01
2.199834116511170556e+00
1.994962756288883199e+00
2.084850314965196461e+00
2.642073148417555473e+00
1.709035712672581031e+00
1.568004474993100583e+00
2.242440925058172052e+00
2.580899017397722872e+00
2.344537172730896124e+00
1.740105800295224103e+00
2.457568915529064313e+00
2.242129599059766942e+00
1.375261309358314143e+00
2.186357380740385992e+00
1.912005331215445247e+00
1.959874643416720463e+00
1.622311001181702128e+00
9.784527157335967118e-01
1.623660316201509302e+00
2.022251343664348777e+00
