# Ensemble C, m = 25.0, c_n/c_p = 0.677419354839, f = -0.944285714286
# lambda = [  6.51030405e-09  -4.16449450e-09   0.00000000e+00   1.45151724e-09]
#  
1.624436166631210376e+00
3.868882295449562608e-02
7.688956805799982419e-01
0.000000000000000000e+00
1.635989882777461490e+00
2.721787160246460502e-01
1.080862065163207042e+00
0.000000000000000000e+00
0.000000000000000000e+00
2.820579826946756352e+00
1.015719004509014090e+00
4.616946373266443415e-01
0.000000000000000000e+00
0.000000000000000000e+00
1.506241649354332357e-01
7.080679122413698068e-02
0.000000000000000000e+00
1.841170953768471286e+00
6.269277208632735299e-01
0.000000000000000000e+00
9.185212432324733056e-01
6.302589291655903425e-01
0.000000000000000000e+00
0.000000000000000000e+00
1.391941749754318725e+00
7.961234111694535098e-01
1.805422318923165070e+00
0.000000000000000000e+00
2.289193331031111889e+00
5.358342620983105320e-01
4.181081485637906381e-01
0.000000000000000000e+00
1.536080012178091536e+00
0.000000000000000000e+00
0.000000000000000000e+00
0.000000000000000000e+00
3.903818938627490881e-02
0.000000000000000000e+00
0.000000000000000000e+00
5.507043073940565830e-02
3.850087276495320343e-01
1.969899864535275658e+00
0.000000000000000000e+00
1.359118055617070775e+00
2.433030228905523062e-01
2.630254511650998318e-03
0.000000000000000000e+00
0.000000000000000000e+00
1.567303142298853980e-01
0.000000000000000000e+00
1.418516428361124238e+00
0.000000000000000000e+00
1.772175868042490832e+00
0.000000000000000000e+00
1.405910135713090536e+00
2.332428882611905951e+00
1.872860346898691242e-01
4.816092530701492902e-01
0.000000000000000000e+00
8.299752181704731502e-01
5.865144840200814391e-01
5.374274450269709291e-01
6.338929939688970894e-01
7.372734624300192330e-01
5.002776767167786964e-01
4.895244845742512813e-02
6.657855184625446343e-01
0.000000000000000000e+00
1.263894330988284687e-01
0.000000000000000000e+00
1.096218110765301290e+00
2.151267234727929800e+00
0.000000000000000000e+00
1.172120834323402194e+00
0.000000000000000000e+00
1.021735618319799421e+00
0.000000000000000000e+00
7.446264589549911328e-01
9.950414741977753330e-01
7.494832520697820577e-01
4.287505908127608968e-04
0.000000000000000000e+00
7.904879387272101265e-01
0.000000000000000000e+00
0.000000000000000000e+00
8.390267518930986101e-01
0.000000000000000000e+00
1.160802910186663928e+00
1.169009361382458145e+00
4.180157912935439923e-01
0.000000000000000000e+00
2.485630830652587608e-01
0.000000000000000000e+00
7.654897316834546883e-01
9.260261499749774528e-01
1.154460557592225545e+00
9.007506070872065562e-01
1.818855088584990121e+00
6.765571751665302447e-01
1.598006491498044968e+00
