# Ensemble C, m = 25.0, lambda = [  4.15822690e-09  -3.80882087e-09   0.00000000e+00   1.21284678e-09]
0.000000000000000000e+00
1.598315556464760423e+00
1.691509405267314303e+00
0.000000000000000000e+00
6.300629518077202063e-01
0.000000000000000000e+00
5.985548193564590308e-02
0.000000000000000000e+00
0.000000000000000000e+00
0.000000000000000000e+00
0.000000000000000000e+00
0.000000000000000000e+00
1.742854847352443226e+00
5.086975872133979448e-02
5.468940166156823768e-01
0.000000000000000000e+00
6.473355916346484884e-02
0.000000000000000000e+00
0.000000000000000000e+00
0.000000000000000000e+00
0.000000000000000000e+00
7.049119278721209803e-01
5.361119776966853934e-01
1.882643079104958945e-03
0.000000000000000000e+00
0.000000000000000000e+00
0.000000000000000000e+00
0.000000000000000000e+00
0.000000000000000000e+00
1.550692744849876625e+00
0.000000000000000000e+00
1.343420893004074301e+00
0.000000000000000000e+00
0.000000000000000000e+00
2.420933216195056747e+00
0.000000000000000000e+00
1.232221695885241886e+00
4.737154030798014226e-01
0.000000000000000000e+00
1.177978782030323801e+00
9.051323688553974955e-01
0.000000000000000000e+00
1.298586208081361937e+00
8.663645430486846891e-03
0.000000000000000000e+00
8.167210581313741891e-01
0.000000000000000000e+00
0.000000000000000000e+00
0.000000000000000000e+00
7.591114464828916386e-01
0.000000000000000000e+00
9.709093592688490260e-01
0.000000000000000000e+00
1.094594788644004169e+00
0.000000000000000000e+00
4.221665095679538182e-01
0.000000000000000000e+00
0.000000000000000000e+00
1.850550520106595931e+00
5.038353928676115867e-01
9.677927362459800564e-01
2.488394709728126153e-01
0.000000000000000000e+00
0.000000000000000000e+00
1.053687849713397240e+00
0.000000000000000000e+00
1.756044760626682966e-01
0.000000000000000000e+00
5.262070893420212059e-01
1.566066135293807449e+00
8.231748195319381622e-01
0.000000000000000000e+00
0.000000000000000000e+00
2.040761058255978130e-02
1.642171997822570008e-03
0.000000000000000000e+00
0.000000000000000000e+00
0.000000000000000000e+00
7.118885593231804032e-01
0.000000000000000000e+00
0.000000000000000000e+00
0.000000000000000000e+00
1.430006494401133473e-03
1.131161755965034210e+00
0.000000000000000000e+00
0.000000000000000000e+00
0.000000000000000000e+00
4.782680933968045389e-01
1.871932265937432449e+00
2.009407349155906353e+00
2.687436798266292781e-01
1.204474507757277824e+00
2.834546927510256942e-01
1.183024684783642089e+00
0.000000000000000000e+00
0.000000000000000000e+00
1.208900515768824624e+00
7.740188658205261474e-01
0.000000000000000000e+00
1.501660686990047733e+00
