# Ensemble C, m = 25.0, c_n/c_p = 0.883870967742, f = -0.996086956522
# lambda = [  7.70668253e-09  -6.78505842e-09   0.00000000e+00   6.02009581e-10]
#  
2.635651273773717551e-01
0.000000000000000000e+00
1.558367277439031695e-01
4.613992567360784003e-01
0.000000000000000000e+00
1.846641123923475458e+00
0.000000000000000000e+00
2.862747688175180660e-01
0.000000000000000000e+00
0.000000000000000000e+00
1.469202356572403501e+00
0.000000000000000000e+00
2.893291923642809516e-01
0.000000000000000000e+00
7.352302501151406489e-01
1.017932077458010065e+00
1.046254919533478711e+00
0.000000000000000000e+00
5.256259603768907995e-01
0.000000000000000000e+00
0.000000000000000000e+00
1.680970512739355105e-01
1.407186023057567903e+00
0.000000000000000000e+00
0.000000000000000000e+00
0.000000000000000000e+00
0.000000000000000000e+00
0.000000000000000000e+00
0.000000000000000000e+00
0.000000000000000000e+00
3.522658992998504157e-01
0.000000000000000000e+00
7.758511046207628992e-01
0.000000000000000000e+00
0.000000000000000000e+00
0.000000000000000000e+00
2.279423609504437065e-02
0.000000000000000000e+00
0.000000000000000000e+00
6.127710326132618235e-01
2.171428709725754802e-01
0.000000000000000000e+00
8.688169027079303275e-01
0.000000000000000000e+00
4.501727448085632854e-01
4.822667125952305733e-01
1.046254919533478711e+00
0.000000000000000000e+00
0.000000000000000000e+00
9.611717836739607224e-01
5.618676652628449286e-01
0.000000000000000000e+00
5.601535621074954507e-01
0.000000000000000000e+00
4.641758484822410269e-01
0.000000000000000000e+00
0.000000000000000000e+00
1.162526927411043492e-01
0.000000000000000000e+00
0.000000000000000000e+00
8.461752361644898635e-01
0.000000000000000000e+00
0.000000000000000000e+00
4.989066560435213016e-01
9.637613850716009178e-01
7.240161700365703723e-01
0.000000000000000000e+00
5.831911720759901385e-01
0.000000000000000000e+00
0.000000000000000000e+00
1.876985646985171785e+00
0.000000000000000000e+00
1.294588664076646189e+00
3.432182971676155381e-01
0.000000000000000000e+00
0.000000000000000000e+00
0.000000000000000000e+00
0.000000000000000000e+00
0.000000000000000000e+00
7.380150838435598493e-01
0.000000000000000000e+00
0.000000000000000000e+00
3.421844707852846335e-01
1.167603996055537774e+00
1.407408184222274095e+00
2.906363687637756321e-01
1.417650132486450332e+00
6.924070454623767468e-01
1.186946318021329994e+00
4.236277860017608754e-01
0.000000000000000000e+00
8.612425780467944936e-01
3.360177784492898168e-01
1.106609335408920813e+00
0.000000000000000000e+00
1.147801005238629601e+00
1.056363703069791438e+00
0.000000000000000000e+00
0.000000000000000000e+00
9.862872075543779871e-02
