# Ensemble C, m = 25.0, c_n/c_p = 0.845161290323, f = -0.99347826087
# lambda = [  8.93176863e-09  -7.49955390e-09   0.00000000e+00   8.60725215e-10]
#  
0.000000000000000000e+00
1.371024982637728984e+00
6.838971741684543026e-01
1.270058426898794446e+00
9.347946877282423683e-01
0.000000000000000000e+00
3.476867914137024562e-02
1.341424397672269286e+00
0.000000000000000000e+00
8.541194678139925056e-01
6.774133621858449139e-01
1.090654771578740467e+00
6.863114544203959833e-01
5.151758634217938893e-01
8.128374807403656588e-01
1.606193316334609822e+00
0.000000000000000000e+00
3.357970238873689284e-01
1.827337854806828088e-01
1.558329905242814339e+00
2.500459442945861949e-02
1.512075451196317033e+00
7.507945675636643057e-02
0.000000000000000000e+00
7.711739002367647977e-01
0.000000000000000000e+00
0.000000000000000000e+00
1.670406952137918344e+00
7.913580527177568325e-01
0.000000000000000000e+00
8.836502554477950744e-01
0.000000000000000000e+00
1.322620829506218509e+00
1.882822168479229896e+00
2.206204329872271941e-01
1.599027076997501906e+00
8.735894701269451001e-01
0.000000000000000000e+00
4.209861154912006298e-01
1.064750254622644832e+00
1.017452484924379563e+00
6.754359046802860256e-01
1.638156132112121188e+00
1.786064436276158851e+00
0.000000000000000000e+00
0.000000000000000000e+00
1.097287554696783740e+00
1.164080313829999547e+00
8.078044063137688191e-01
1.155602281987260671e+00
8.143277930935414188e-01
0.000000000000000000e+00
0.000000000000000000e+00
1.508123775088167751e+00
0.000000000000000000e+00
0.000000000000000000e+00
1.243213359882499702e+00
1.614144902916018864e+00
3.289394014188942728e-01
1.504248723103687402e+00
1.497262572986773621e-01
6.693592670227658040e-03
1.078103121887077354e+00
3.553588501087074913e-01
0.000000000000000000e+00
7.514071704169806853e-01
3.582944202383168963e-02
4.405236404306979159e-01
0.000000000000000000e+00
1.409802619116559352e+00
1.768331053501446704e+00
9.778789341652518452e-01
1.159586379660114241e+00
0.000000000000000000e+00
1.162206434125910404e+00
0.000000000000000000e+00
1.508432613216852625e+00
1.878316535359367823e+00
4.047034383602782781e-01
3.225981774144305314e-01
1.334286315763248520e+00
6.729541268773756579e-01
0.000000000000000000e+00
1.126367396207577531e+00
1.420397810074614853e+00
1.739889464361595639e+00
8.959615109671168476e-01
1.041382692094534823e+00
1.186827432880332545e+00
7.720033755772276463e-01
9.575395764530386655e-02
1.410402963238360341e+00
1.217865823947840376e+00
0.000000000000000000e+00
3.645392264440329155e-01
0.000000000000000000e+00
1.090654771578740467e+00
6.789601590081284499e-01
0.000000000000000000e+00
1.735451345475190532e+00
