# Ensemble C, m = 25.0, c_n/c_p = 0.638709677419, f = -0.94
# lambda = [  6.27100224e-09  -3.76502883e-09   0.00000000e+00   1.36652299e-09]
#  
0.000000000000000000e+00
1.673153823808793517e+00
2.785477929155790733e+00
0.000000000000000000e+00
1.042060643142775467e+00
0.000000000000000000e+00
0.000000000000000000e+00
0.000000000000000000e+00
2.692891394918222811e-02
0.000000000000000000e+00
0.000000000000000000e+00
2.157060273260678063e-01
2.120588234932931915e-01
1.593215981195218456e+00
0.000000000000000000e+00
0.000000000000000000e+00
5.798802830570011224e-01
0.000000000000000000e+00
8.086054892515841530e-01
0.000000000000000000e+00
2.863109148387247282e-01
4.324311539400074178e-01
0.000000000000000000e+00
0.000000000000000000e+00
4.615731791488236202e-01
1.836043268843344511e-01
0.000000000000000000e+00
0.000000000000000000e+00
1.232627961949070095e+00
0.000000000000000000e+00
9.994303296615569820e-01
1.417545673035218057e+00
3.393752739271913010e-01
2.062095872644422734e+00
0.000000000000000000e+00
2.288031848240368316e-02
0.000000000000000000e+00
0.000000000000000000e+00
8.348476618744921085e-01
7.757608638316705330e-01
1.028160981985866584e+00
3.992420522757750279e-01
1.167454063408347675e+00
7.121743326319935896e-01
0.000000000000000000e+00
0.000000000000000000e+00
1.153805649605021078e+00
3.785430103933163370e-01
6.840907453850552100e-01
0.000000000000000000e+00
1.151580021820857835e+00
0.000000000000000000e+00
0.000000000000000000e+00
6.798952762606287337e-01
0.000000000000000000e+00
0.000000000000000000e+00
1.880514180408354719e+00
0.000000000000000000e+00
0.000000000000000000e+00
0.000000000000000000e+00
0.000000000000000000e+00
0.000000000000000000e+00
1.250081616263166717e-01
5.144350950619713814e-01
4.055686730421771968e-01
8.987591984032350378e-01
7.135952138867593941e-01
1.506623558402717666e+00
0.000000000000000000e+00
0.000000000000000000e+00
1.206653215229378295e+00
8.902844320449068358e-03
7.237004716363442114e-01
1.627551735581977077e+00
0.000000000000000000e+00
9.141220855647271826e-01
0.000000000000000000e+00
5.351090216937169908e-01
0.000000000000000000e+00
0.000000000000000000e+00
7.589748137632716940e-01
1.184137791045490218e+00
3.991145572550841014e-01
0.000000000000000000e+00
3.642767369375473074e-01
0.000000000000000000e+00
1.460148553616715805e+00
0.000000000000000000e+00
7.844284415141860034e-01
3.595865096935640937e-01
4.338401691759517509e-01
8.818682315307184716e-01
4.153763873269541995e-01
0.000000000000000000e+00
0.000000000000000000e+00
1.217605004651436618e+00
0.000000000000000000e+00
1.234894386625674301e+00
0.000000000000000000e+00
5.875783222288964991e-01
