# Ensemble C, m = 25.0, lambda = [  7.09976344e-09  -5.55384721e-09   0.00000000e+00   1.39192532e-09]
0.000000000000000000e+00
7.795052822821705307e-01
8.083982311292244871e-01
2.602187839049656740e-03
0.000000000000000000e+00
2.171060097673283007e+00
9.214087648713301659e-01
5.589657902424205460e-01
5.913144508705721059e-01
0.000000000000000000e+00
0.000000000000000000e+00
1.449087532661211153e+00
4.295031371430856337e-01
1.721832949708181237e+00
0.000000000000000000e+00
1.425458452262894804e+00
0.000000000000000000e+00
1.213773134126461262e+00
4.089491269623273251e-01
6.948981677742033236e-01
5.161382909582423739e-01
3.611578250327489026e-01
1.165158284715697157e+00
1.104467499936603092e+00
2.502363673680433557e-03
8.264697891597637680e-01
0.000000000000000000e+00
1.977997495933208061e+00
0.000000000000000000e+00
0.000000000000000000e+00
0.000000000000000000e+00
0.000000000000000000e+00
0.000000000000000000e+00
4.982178606944902000e-01
0.000000000000000000e+00
5.925985633914869488e-02
4.579171840756272593e-01
0.000000000000000000e+00
9.000219561419854353e-01
1.141571631996085578e+00
6.092894148659912246e-03
0.000000000000000000e+00
1.176387378589301758e+00
0.000000000000000000e+00
1.130772930718642710e+00
0.000000000000000000e+00
0.000000000000000000e+00
0.000000000000000000e+00
1.457698557262328887e+00
1.480778315337077267e+00
0.000000000000000000e+00
8.199481136169251005e-01
1.006648829089092478e+00
2.630027613140599740e-01
0.000000000000000000e+00
0.000000000000000000e+00
1.054966631723296633e+00
0.000000000000000000e+00
9.024590657643695168e-01
0.000000000000000000e+00
1.153912011508049007e+00
6.856671831641936166e-01
1.996369083314255555e+00
1.525820581386370112e+00
1.520988030030049121e+00
0.000000000000000000e+00
2.347027990132177777e+00
1.132349907770536124e+00
0.000000000000000000e+00
1.446744810163623551e+00
0.000000000000000000e+00
7.543925246388508699e-01
1.170764822906997793e+00
1.049093310937532220e+00
0.000000000000000000e+00
9.369138834614398892e-01
7.265433884396976794e-01
1.034496749567865415e+00
0.000000000000000000e+00
0.000000000000000000e+00
2.337067219111881755e+00
4.216022116913399342e-01
9.464776499970588564e-01
8.079772265129139264e-01
8.035363365036751748e-01
1.698477102270927741e+00
5.146187372156314499e-01
0.000000000000000000e+00
0.000000000000000000e+00
1.267568944514028406e-01
0.000000000000000000e+00
4.562225685785974982e-01
1.928206114268028681e+00
2.584181997101407724e+00
1.348747501869730581e+00
2.116004537404850616e+00
2.114395605363150299e+00
1.655387143115429005e+00
0.000000000000000000e+00
1.797527610437656076e+00
