# Ensemble C, m = 25.0, lambda = [  1.03061317e-08  -7.93480713e-09   0.00000000e+00   1.32958976e-09]
1.763220486448113355e+00
0.000000000000000000e+00
9.972189367150257056e-01
2.194312498055596361e+00
2.427599275474443541e+00
1.705605468159453020e+00
0.000000000000000000e+00
7.168997277269151258e-01
0.000000000000000000e+00
5.029758706698990167e-01
2.163199168236065173e+00
2.353549378551217153e+00
2.185757660592008822e+00
0.000000000000000000e+00
1.599547671443341645e+00
1.759861164204372219e+00
0.000000000000000000e+00
7.306506620487310810e-01
1.521549444516183458e+00
1.195868476876208675e+00
1.898452669848228691e+00
1.353991795591102720e+00
1.219121526750201134e+00
9.522172121113158250e-01
2.397916636454520134e+00
6.288072358210560209e-01
1.648580581097254916e+00
1.485536360323516547e+00
0.000000000000000000e+00
1.820044165605996689e+00
1.059049031014550835e+00
8.702155439566111594e-01
6.096326563925019704e-01
2.386566456546384885e+00
5.461783514552702723e-01
1.009893033486514158e+00
5.548134360962977407e-01
9.205872507310680630e-01
9.969468835957359110e-01
1.376612885954517473e+00
1.144959185383158662e+00
1.377324176648731413e+00
1.184203101034200234e+00
0.000000000000000000e+00
1.668465223402727238e-01
1.324338089471364110e+00
1.369682546444090487e+00
0.000000000000000000e+00
1.587533439802231605e+00
3.698979963678548089e-01
3.132678875289804377e-01
2.475047298909498761e-01
1.113677722053046715e+00
4.345384316652010637e-01
1.019539710040736402e+00
0.000000000000000000e+00
2.142633078463912266e+00
8.450605430176986177e-01
2.102347233863548048e+00
1.958291867985117563e+00
2.195492341964547123e+00
5.953349563766450192e-01
1.626040063174305272e+00
2.280038537561222434e+00
1.583893492400427760e+00
0.000000000000000000e+00
1.015117918723268620e+00
8.874147032879203811e-01
1.321666077603132372e+00
0.000000000000000000e+00
1.182355815185126779e+00
2.196575711730576419e+00
3.310885121551909727e-02
1.033540176860767712e+00
1.933898468536290327e+00
1.617679369629930752e+00
1.755889977127521595e+00
2.264737913617380194e+00
9.265778899124894608e-01
1.959764228321181800e+00
1.738961350116410287e+00
2.431214461852288178e+00
1.573341952138172628e+00
2.374165996726206540e+00
1.069157390537859298e+00
1.124291676328788153e-01
1.591466946220717382e+00
1.771002350246274393e+00
2.173261064968490253e+00
2.138465573377756002e+00
1.781693007261610839e+00
2.228803039080121895e+00
1.395400994536730499e+00
2.011527197684467083e+00
1.005305116544907396e+00
0.000000000000000000e+00
1.397797036044801766e+00
1.661486108417553176e+00
1.135328818862737954e+00
8.663066280665115970e-02
