# Ensemble C, m = 25.0, lambda = [  9.06724390e-09  -7.76082955e-09   0.00000000e+00   5.49804942e-10]
0.000000000000000000e+00
1.414074406426445663e+00
0.000000000000000000e+00
0.000000000000000000e+00
0.000000000000000000e+00
0.000000000000000000e+00
7.217804510397414219e-01
1.592100414816569165e+00
0.000000000000000000e+00
0.000000000000000000e+00
0.000000000000000000e+00
8.109593451664284108e-03
0.000000000000000000e+00
0.000000000000000000e+00
1.564631105043640669e-01
0.000000000000000000e+00
0.000000000000000000e+00
1.539200618507335694e+00
2.987733493857492872e-01
0.000000000000000000e+00
0.000000000000000000e+00
1.319561689374582070e+00
0.000000000000000000e+00
0.000000000000000000e+00
0.000000000000000000e+00
2.071556538894650412e+00
0.000000000000000000e+00
6.494267041355879407e-03
0.000000000000000000e+00
1.598661481420961650e+00
0.000000000000000000e+00
1.165574529299527429e+00
1.004116564183849647e+00
5.936041064251882382e-01
9.582449151680153543e-01
4.395428056707533782e-01
0.000000000000000000e+00
0.000000000000000000e+00
0.000000000000000000e+00
6.559081336046678201e-01
0.000000000000000000e+00
0.000000000000000000e+00
0.000000000000000000e+00
0.000000000000000000e+00
1.263480268594352474e+00
0.000000000000000000e+00
2.068025184334172928e-01
0.000000000000000000e+00
0.000000000000000000e+00
0.000000000000000000e+00
0.000000000000000000e+00
0.000000000000000000e+00
0.000000000000000000e+00
0.000000000000000000e+00
0.000000000000000000e+00
1.430266229276046186e+00
1.156457016923878589e+00
0.000000000000000000e+00
7.167818659752920318e-01
8.596852029413371010e-01
5.898555341616249503e-01
1.429689473176017772e-02
0.000000000000000000e+00
0.000000000000000000e+00
0.000000000000000000e+00
4.500159674823693279e-01
5.292012320958965343e-01
1.066037116029380893e+00
9.525515760977202318e-01
9.490550757637315760e-02
0.000000000000000000e+00
1.033101241512440982e+00
0.000000000000000000e+00
5.473568778566197945e-01
0.000000000000000000e+00
0.000000000000000000e+00
0.000000000000000000e+00
6.200369796176737891e-01
9.144364729408813730e-01
3.815009142256233221e-01
3.140885277052020141e-01
0.000000000000000000e+00
1.739221767815625139e-02
3.173061840085734664e-01
8.015281934271492048e-01
7.721868444602930648e-01
1.025969764679075080e+00
0.000000000000000000e+00
0.000000000000000000e+00
0.000000000000000000e+00
0.000000000000000000e+00
3.939129662639326290e-01
0.000000000000000000e+00
1.218499677377592016e+00
0.000000000000000000e+00
0.000000000000000000e+00
0.000000000000000000e+00
0.000000000000000000e+00
0.000000000000000000e+00
0.000000000000000000e+00
