# Ensemble C, m = 25.0, c_n/c_p = 0.612903225806, f = -0.97652173913
# lambda = [  9.00016943e-09  -5.38672132e-09   0.00000000e+00   1.18830070e-09]
#  
0.000000000000000000e+00
0.000000000000000000e+00
0.000000000000000000e+00
0.000000000000000000e+00
7.417449386036789605e-01
1.685477429399100835e+00
1.641384642466845678e+00
0.000000000000000000e+00
1.594611672945431616e-02
1.780386130288349023e+00
0.000000000000000000e+00
1.483184438994465726e+00
0.000000000000000000e+00
7.878400613888250081e-01
0.000000000000000000e+00
0.000000000000000000e+00
3.033875860202941976e-01
0.000000000000000000e+00
0.000000000000000000e+00
3.770270110489209459e-01
0.000000000000000000e+00
0.000000000000000000e+00
0.000000000000000000e+00
0.000000000000000000e+00
0.000000000000000000e+00
7.661748868048726679e-01
1.434667978102353469e+00
1.226843210904133397e+00
0.000000000000000000e+00
0.000000000000000000e+00
1.053026607597832731e+00
5.974632380372084661e-01
1.604088212114576972e+00
0.000000000000000000e+00
1.453288952047915861e-01
0.000000000000000000e+00
1.551670220547535506e-01
8.689357838628022357e-01
7.444318530122200350e-01
1.159693687084765168e-01
1.554671737968806866e-01
0.000000000000000000e+00
1.825813192831523102e+00
0.000000000000000000e+00
0.000000000000000000e+00
1.846695441191001041e+00
0.000000000000000000e+00
6.848423432942145617e-01
2.102895180738388325e-01
1.472022257658608835e+00
2.353901414818103388e-01
1.938769153201430839e+00
0.000000000000000000e+00
1.859937603376013771e+00
1.715968733247175360e+00
1.563515810026703923e+00
1.474467717340615991e+00
0.000000000000000000e+00
2.159739266711851180e-01
1.443744680725141727e+00
6.639880091848594512e-01
1.848643558430731471e+00
5.643118657108402436e-01
1.354048038101881790e+00
0.000000000000000000e+00
1.091548789212954285e+00
2.133821652403457281e-01
1.863633764028118645e+00
9.727376347533968071e-01
0.000000000000000000e+00
8.488594182435269531e-01
4.723625262124572788e-01
0.000000000000000000e+00
2.879683010163034892e-02
1.808472311790322973e+00
8.157871153742333181e-01
0.000000000000000000e+00
5.408353229199176493e-01
1.172086670504655925e-02
0.000000000000000000e+00
0.000000000000000000e+00
0.000000000000000000e+00
5.718150523922735928e-01
2.875971302625630610e-01
0.000000000000000000e+00
1.756022239732617507e-01
2.644535751289334602e+00
3.432386758054793430e-01
2.824959004507370253e-01
0.000000000000000000e+00
0.000000000000000000e+00
4.563191690163536096e-01
1.269002197914604224e+00
0.000000000000000000e+00
6.371535953151822307e-01
0.000000000000000000e+00
1.446390172780859684e+00
1.595911870947920974e+00
0.000000000000000000e+00
0.000000000000000000e+00
