# Ensemble C, m = 25.0, lambda = [  1.63245617e-08  -1.29543296e-08   0.00000000e+00   0.00000000e+00]
0.000000000000000000e+00
0.000000000000000000e+00
0.000000000000000000e+00
0.000000000000000000e+00
9.525820508083580052e-01
5.521600136427609051e-01
0.000000000000000000e+00
0.000000000000000000e+00
4.872569208783190664e-01
0.000000000000000000e+00
0.000000000000000000e+00
5.364941594742803632e-01
0.000000000000000000e+00
0.000000000000000000e+00
0.000000000000000000e+00
0.000000000000000000e+00
0.000000000000000000e+00
1.315377976969012375e+00
3.976040803357085984e-01
0.000000000000000000e+00
0.000000000000000000e+00
0.000000000000000000e+00
0.000000000000000000e+00
0.000000000000000000e+00
0.000000000000000000e+00
1.643331383754864095e-01
0.000000000000000000e+00
1.650959037021642040e+00
0.000000000000000000e+00
0.000000000000000000e+00
0.000000000000000000e+00
4.141860357603891485e-01
0.000000000000000000e+00
0.000000000000000000e+00
0.000000000000000000e+00
3.667729791423106067e-01
0.000000000000000000e+00
2.129631997743263935e-02
0.000000000000000000e+00
0.000000000000000000e+00
0.000000000000000000e+00
1.365932716285726545e-01
0.000000000000000000e+00
9.577934191598668975e-03
1.804812759577699433e-01
0.000000000000000000e+00
6.356326373189886692e-01
6.648749795682633579e-01
4.240660236018272133e-01
0.000000000000000000e+00
0.000000000000000000e+00
0.000000000000000000e+00
1.139454893330907659e+00
0.000000000000000000e+00
0.000000000000000000e+00
1.020651810254990903e-02
2.296928246884032965e-01
0.000000000000000000e+00
0.000000000000000000e+00
8.259340121550456937e-01
0.000000000000000000e+00
0.000000000000000000e+00
0.000000000000000000e+00
0.000000000000000000e+00
0.000000000000000000e+00
1.675062941096272864e-02
0.000000000000000000e+00
0.000000000000000000e+00
9.495679352099561932e-01
0.000000000000000000e+00
0.000000000000000000e+00
2.533079514396972126e-02
0.000000000000000000e+00
0.000000000000000000e+00
1.606724117495446358e-01
7.048594909534140474e-01
0.000000000000000000e+00
0.000000000000000000e+00
0.000000000000000000e+00
1.075098944270692858e+00
5.159270120195146303e-01
0.000000000000000000e+00
3.235837260308912500e-01
2.531471954321233842e-01
0.000000000000000000e+00
0.000000000000000000e+00
0.000000000000000000e+00
0.000000000000000000e+00
8.619768492720039088e-01
1.494345679613151123e+00
0.000000000000000000e+00
8.907835369644805379e-01
0.000000000000000000e+00
0.000000000000000000e+00
0.000000000000000000e+00
0.000000000000000000e+00
0.000000000000000000e+00
0.000000000000000000e+00
0.000000000000000000e+00
0.000000000000000000e+00
