# Ensemble C, m = 25.0, c_n/c_p = 0.896774193548, f = -0.944285714286
# lambda = [  4.57630116e-09  -3.87526243e-09   0.00000000e+00   1.35070661e-09]
#  
3.457819810912272640e-01
1.549630715732387642e+00
0.000000000000000000e+00
2.531228256990371683e+00
2.721801185167303516e-01
0.000000000000000000e+00
0.000000000000000000e+00
8.303400158597212810e-02
1.341601669180616740e+00
5.726920594587076550e-03
2.882989617615371036e-02
0.000000000000000000e+00
2.337066032779918090e-01
7.301545203999310063e-01
0.000000000000000000e+00
1.192364960332852775e+00
6.448469309762387969e-01
0.000000000000000000e+00
5.615294180653940259e-01
3.770293998932466306e-01
9.019669235955081188e-01
1.848624508672502609e+00
0.000000000000000000e+00
0.000000000000000000e+00
0.000000000000000000e+00
4.972109142214493627e-01
0.000000000000000000e+00
1.097081431593504686e+00
1.287163625397813815e+00
3.997446906110112275e-02
0.000000000000000000e+00
1.912518686721508487e+00
0.000000000000000000e+00
0.000000000000000000e+00
1.184327550506532267e+00
0.000000000000000000e+00
0.000000000000000000e+00
1.853436310344552140e+00
8.836702932938897415e-02
9.394843518857151077e-01
7.392593105966636935e-02
0.000000000000000000e+00
1.221867881457205041e+00
0.000000000000000000e+00
8.931740472566845890e-01
0.000000000000000000e+00
0.000000000000000000e+00
8.955701245060158078e-01
1.005935183790058474e-01
2.051327680925083552e-01
1.025190575135969534e-02
0.000000000000000000e+00
1.708113065503671590e+00
0.000000000000000000e+00
2.595406779238744188e-01
7.189624704870845040e-01
6.146835526912962366e-02
9.036765853892420042e-02
6.528089865095446642e-01
1.173314578352991910e+00
0.000000000000000000e+00
0.000000000000000000e+00
0.000000000000000000e+00
5.788709774867485669e-03
1.083955892254306663e+00
9.402134109447741750e-01
1.038471848999297453e+00
3.635630287695348350e-01
0.000000000000000000e+00
1.511219149697697883e+00
3.515642459564431999e-01
1.159196902268186044e-02
1.110088604901448672e+00
6.705303065425542997e-01
0.000000000000000000e+00
0.000000000000000000e+00
0.000000000000000000e+00
2.124714214342578178e-01
1.862788964366216993e+00
1.454802635079843753e-01
0.000000000000000000e+00
0.000000000000000000e+00
0.000000000000000000e+00
0.000000000000000000e+00
1.201630730950902670e+00
1.443004662784311609e+00
1.404743813109259776e+00
0.000000000000000000e+00
0.000000000000000000e+00
1.372033685027164385e+00
6.118395070674317315e-01
1.144125687544614633e+00
0.000000000000000000e+00
0.000000000000000000e+00
0.000000000000000000e+00
6.246714980543919271e-01
2.181221790481899347e+00
2.827094173976110181e-01
4.892555637207409713e-01
0.000000000000000000e+00
