# Ensemble C, m = 25.0, lambda = [  1.35883793e-08  -8.43991774e-09   0.00000000e+00   1.03953112e-09]
0.000000000000000000e+00
0.000000000000000000e+00
2.155014165628968748e+00
1.235827105182316643e+00
0.000000000000000000e+00
6.679901625605871862e-01
0.000000000000000000e+00
7.479803959488566800e-01
1.203954966214990652e+00
3.755966498059523651e-01
1.733534404725477207e-01
0.000000000000000000e+00
4.586806819763259435e-01
5.919936804334465785e-01
0.000000000000000000e+00
1.266892151392648991e+00
7.499544721167366035e-01
0.000000000000000000e+00
2.465730779760249292e-01
1.740996351047364499e+00
3.909951597200426732e-01
0.000000000000000000e+00
5.075606387318749579e-01
2.057025434392539820e-01
3.245591843740322502e-02
8.256836861643465086e-01
0.000000000000000000e+00
0.000000000000000000e+00
0.000000000000000000e+00
0.000000000000000000e+00
1.329939537128152216e-01
1.744363221999677638e+00
4.902684048181659704e-01
1.638267181014430252e+00
4.065176050093506355e-01
2.243008098356403135e+00
2.032291180348359261e-01
4.954724599650343897e-03
5.794944449393154562e-01
0.000000000000000000e+00
1.092523289526524444e+00
1.146326380368785092e+00
0.000000000000000000e+00
2.122875743180729080e-01
1.199281521318678490e+00
2.418320585194133343e-01
0.000000000000000000e+00
0.000000000000000000e+00
1.087893434857817532e+00
3.780181054249281969e-01
2.265651610389172177e-01
0.000000000000000000e+00
0.000000000000000000e+00
1.347927806159374242e+00
6.261065727207161258e-01
0.000000000000000000e+00
0.000000000000000000e+00
1.456057701425302664e+00
9.972280831407432933e-01
1.055284867063650101e+00
7.644274324001316678e-01
0.000000000000000000e+00
2.603242982339986966e+00
4.670712534732929799e-01
0.000000000000000000e+00
1.229300197391349631e-02
6.310904466026140414e-01
0.000000000000000000e+00
1.122571656296573295e+00
4.491641971554355961e-01
0.000000000000000000e+00
0.000000000000000000e+00
2.396431352213159283e+00
5.277531926009705332e-01
0.000000000000000000e+00
0.000000000000000000e+00
0.000000000000000000e+00
0.000000000000000000e+00
1.301158453589098263e-01
0.000000000000000000e+00
3.171406394469987733e-01
2.854430738872261730e-01
0.000000000000000000e+00
2.491490609867912820e+00
0.000000000000000000e+00
1.221734283376549435e+00
0.000000000000000000e+00
6.778828444825658606e-01
1.671770541021180723e+00
7.700440643811946595e-01
1.484764516378818344e+00
1.978780108021509054e+00
0.000000000000000000e+00
7.608300792363105192e-01
1.109860194491656848e+00
0.000000000000000000e+00
0.000000000000000000e+00
0.000000000000000000e+00
0.000000000000000000e+00
0.000000000000000000e+00
