# Ensemble C, m = 25.0, c_n/c_p = 0.716129032258, f = -0.997391304348
# lambda = [  2.82572909e-08  -2.01830772e-08   0.00000000e+00   1.46071365e-09]
#  
2.881928466308778525e+00
2.542425747583701767e+00
3.431472022640936093e+00
3.177533862138349985e+00
3.668776774645687855e+00
2.789029792582459422e+00
2.738481816406252101e+00
2.735304519387595334e+00
2.733454869069641191e+00
3.546786351614970023e+00
2.819295026256081194e+00
3.613716986655555186e+00
3.726811154352904332e+00
3.011686277677950940e+00
2.605815205647643573e+00
2.657274159419213966e+00
3.199524773120302257e+00
3.424819219498412615e+00
2.897269608314537948e+00
3.527077945528460212e+00
3.514795805029420350e+00
3.213854636103657736e+00
2.758408681034191456e+00
3.189441927651951669e+00
4.071971542432634372e+00
2.429767979291470592e+00
3.766623264176530927e+00
4.004110466643581390e+00
4.269364242851276359e+00
2.109510862967945322e+00
3.761203850973570351e+00
3.786011929981860646e+00
3.698047932213005762e+00
3.063755429980442369e+00
3.746850643604000108e+00
2.909899573820832863e+00
3.485942822948409070e+00
3.753115507703461251e+00
2.938193175135719759e+00
3.707937166330472323e+00
2.472860894044066171e+00
3.411620766919335690e+00
3.401293441613252977e+00
3.065241890757242071e+00
3.368165448101894111e+00
4.193867083710665966e+00
3.778081427412157023e+00
2.189884776771145347e+00
3.518657150164243408e+00
2.652950835991544132e+00
3.487618828145893968e+00
2.869816212773852016e+00
2.475985708184636813e+00
4.229778139837838680e+00
2.424909541774121990e+00
2.880434923794771063e+00
3.386102025527884418e+00
2.770597749700981272e+00
2.476494161798665772e+00
3.668243173175852689e+00
2.786762582450003745e+00
3.112364899882245961e+00
3.765906388435770857e+00
1.896335393250742296e+00
3.322846375605441160e+00
1.683199269334995307e+00
2.578832636223368446e+00
3.521184145042234093e+00
2.001781910208202397e+00
2.630688395782087241e+00
2.092969715997899272e+00
3.795701978893944784e+00
3.548127325856639924e+00
1.573445849669279140e+00
3.570184324073764515e+00
2.581359868012364167e+00
4.257060362117969454e+00
2.482929860610224804e+00
3.286769279565617818e+00
3.258704086320321380e+00
2.080317016923491913e+00
3.244791023357344262e+00
2.893559885029663548e+00
2.919792421742447797e+00
3.981299909321403430e+00
3.933795977584761072e+00
3.716881227309170921e+00
1.356510232124946480e+00
3.138612635685988916e+00
2.551145925092842326e+00
3.757860617129105574e+00
3.621896916735429794e+00
2.930465388192244447e+00
3.360122136018387273e+00
1.890718741367944489e+00
3.828925773028333257e+00
2.832056341255364984e+00
2.041851463561100921e+00
4.182274169213994419e+00
2.493425995436090670e+00
