# Ensemble C, m = 25.0, c_n/c_p = 0.638709677419, f = -0.97652173913
# lambda = [  9.53382717e-09  -5.94638038e-09   0.00000000e+00   1.31176044e-09]
#  
0.000000000000000000e+00
1.196894352672177482e-02
1.372692967994877389e+00
1.018638448631626003e+00
0.000000000000000000e+00
2.024160899544169556e+00
0.000000000000000000e+00
0.000000000000000000e+00
3.777822105948474563e-01
0.000000000000000000e+00
1.963469173099829934e+00
2.276197535609940648e-01
0.000000000000000000e+00
0.000000000000000000e+00
3.303489683792152909e-01
9.509693324419586924e-01
0.000000000000000000e+00
7.082101271402057030e-01
0.000000000000000000e+00
0.000000000000000000e+00
5.126020589492150670e-01
5.811296015049840502e-01
9.697901684215405604e-02
0.000000000000000000e+00
0.000000000000000000e+00
1.115114274501822766e+00
0.000000000000000000e+00
1.340729802457804265e+00
7.850080555732201759e-01
2.089389867072245277e+00
3.252385362179989192e-01
2.460426013197384021e-01
1.462047423556777637e-01
0.000000000000000000e+00
0.000000000000000000e+00
1.189952535618132190e+00
1.534728883898118790e+00
1.681499898143047123e+00
1.204747734816219301e-01
2.449383384981498324e-01
1.605405616694526083e+00
0.000000000000000000e+00
0.000000000000000000e+00
6.044683574134783743e-01
9.228991419071628233e-01
7.218104496455445274e-01
1.920794436098108293e-01
1.638796763377725341e-01
0.000000000000000000e+00
4.722335627882949805e-01
0.000000000000000000e+00
1.261254174737249656e+00
2.037215249560047958e+00
7.594832470376564615e-01
1.496956164330061512e+00
3.368979254592860073e+00
0.000000000000000000e+00
0.000000000000000000e+00
9.942290201907306724e-01
0.000000000000000000e+00
4.267261742610085062e-01
0.000000000000000000e+00
1.457307579255385344e+00
0.000000000000000000e+00
1.122371789312483603e+00
5.373066185647402682e-01
0.000000000000000000e+00
3.396423481437438937e-03
1.590544356080673793e+00
0.000000000000000000e+00
9.736748845899355631e-01
6.761828355894082820e-01
1.539116574101789148e+00
4.741131598626600052e-01
4.740376786355792182e-01
2.286744027371960364e+00
0.000000000000000000e+00
1.217161118072511261e+00
0.000000000000000000e+00
3.570312295911963196e-01
9.251480082897125534e-01
1.853733537815954735e+00
2.636511741151377208e-01
1.809307018881462614e+00
0.000000000000000000e+00
9.103749351956790248e-01
2.827428161702237208e+00
0.000000000000000000e+00
1.176622411626555342e+00
1.165556968353664402e+00
1.401283617843738005e+00
3.603374883106055249e-01
8.371262210478909171e-01
0.000000000000000000e+00
1.605548993833952665e+00
1.047425097738763800e+00
1.975509789463532062e+00
5.918712716739809448e-03
6.303505293533114839e-01
1.873797415338397609e+00
