# Ensemble A, m = 50.0, c_n/c_p = 0.85, lambda = [  7.05345213e-09  -5.96545714e-09   0.00000000e+00   5.98793533e-10], exposure = 26264kg years (before eff.)
4.089870834964045798e+00
4.215406285085754767e+00
3.889817180377731276e+00
4.097348452003719110e+00
3.468581831353152012e+00
2.034176240802926472e+00
3.160628833514788738e+00
3.974367452018888969e+00
3.976361269665264153e+00
3.862043977982432263e+00
3.831506930538213673e+00
4.211666364828422715e+00
3.435930829512874318e+00
4.248211633413855992e+00
4.131577453968113822e+00
3.879363392263754928e+00
4.022912993372768753e+00
4.394850888982262838e+00
2.121756669735495926e+00
3.729398778482516885e+00
2.229186937973723914e+00
4.279547356944531700e+00
1.539183462563174398e+00
4.221983206851322556e+00
4.126814901664884516e+00
4.355631777919482417e+00
3.533690226210763452e+00
2.828065491659874642e+00
4.298499776626611535e+00
5.221705608572383639e+00
3.932424292332625804e+00
3.911350341244802742e+00
3.440941407544911179e+00
4.664931786520662982e+00
4.186788211168848584e+00
4.324941938856441404e+00
4.733729343627169683e+00
3.166013199197248884e+00
3.540143910968114760e+00
4.003405375448768844e+00
4.358060542430449935e+00
4.205012074318808857e+00
4.557922953887388218e+00
3.950347220961408556e+00
3.524518835168580999e+00
3.100972815086002754e+00
4.037524227171947366e+00
3.057679142393104232e+00
2.837937148519554587e+00
3.968270450287008089e+00
3.614452509784618961e+00
4.514942978985382105e+00
4.018261967384217037e+00
8.101928932568782660e-01
1.696454407506167605e+00
3.225719613524436813e+00
4.300715653361776525e+00
1.407670881821366793e+00
2.871853786005554188e+00
4.190597480575578793e+00
2.784656955955171487e+00
3.363154379642423919e+00
4.592483370866698777e+00
3.866792682221291244e+00
4.693049780985388608e+00
2.889707209535988586e+00
3.755444489922616924e+00
1.510754417826201568e+00
3.934583394806487444e+00
4.922714476845722942e+00
4.550575968750214528e+00
4.041702367424326425e+00
4.228543581555189057e+00
3.157433890944744803e+00
3.642463041005269186e+00
4.118446676859533362e+00
3.876070922227758953e+00
4.076587547341049778e+00
0.000000000000000000e+00
2.932303587014012614e+00
1.875451045457919408e+00
2.146832304800325275e+00
3.755560272669757893e+00
2.633478968981855406e+00
3.601152372101311450e+00
4.509608361142911193e+00
4.376735234472062253e+00
3.971915664112033006e+00
4.987380330398592854e+00
4.188311595770499274e+00
3.955787075210522641e+00
3.655695281893908799e+00
3.840097981812837347e+00
2.702068784379454414e+00
2.445779441252280861e+00
5.131814895238466789e+00
4.126784162625920516e+00
5.228925975459114639e+00
4.699965920796568497e+00
3.009865276955718372e+00
