# Ensemble A, m = 50.0, c_n/c_p = 0.7, lambda = [  1.68644389e-08  -1.17460817e-08   0.00000000e+00   1.17903416e-09], exposure = 125kg years (before eff.)
0.000000000000000000e+00
5.487088438284629666e-01
3.009825649777093104e-01
9.905971358784602110e-01
0.000000000000000000e+00
0.000000000000000000e+00
6.794158288320829575e-01
1.026244491840481166e+00
0.000000000000000000e+00
7.198473754092933330e-01
1.017402716243207328e+00
0.000000000000000000e+00
0.000000000000000000e+00
3.152350682577587104e-02
0.000000000000000000e+00
0.000000000000000000e+00
5.362204121519930089e-01
0.000000000000000000e+00
5.559917871523667454e-01
1.463236386075965623e+00
0.000000000000000000e+00
0.000000000000000000e+00
4.557406192216172380e-01
6.215864858664189585e-01
6.526973978191912273e-01
1.090578553852162180e+00
8.439281041920285720e-01
3.189328506866954682e-01
6.449398662435192886e-01
1.221770764408214305e+00
5.589631578475696694e-01
3.807231769525832310e-01
1.296706125982149960e+00
1.689871502869659259e-01
7.515960777663779346e-01
0.000000000000000000e+00
9.090787894997939267e-01
0.000000000000000000e+00
3.185033806366730502e-01
7.814818108905897676e-01
8.924218292877411640e-01
7.342088499702583704e-01
9.491427984497856629e-01
8.843116321167265870e-01
9.825138014196260761e-01
0.000000000000000000e+00
0.000000000000000000e+00
7.547064326577102022e-01
9.867046263166487918e-01
1.124167575173369293e+00
0.000000000000000000e+00
6.261300059494304682e-01
0.000000000000000000e+00
5.565059121690474342e-01
8.044243244614621702e-01
4.413348252863436572e-01
0.000000000000000000e+00
1.100947287782072515e+00
1.042052780884032082e+00
6.338746873206689836e-01
1.288145606636186713e+00
9.532532940822442402e-01
0.000000000000000000e+00
3.249109533911545000e-01
6.959730832185472005e-02
1.566273310605369173e-01
4.831865709387784813e-01
9.642692861822487194e-01
0.000000000000000000e+00
3.153176731490420770e-01
9.523891249725476849e-01
1.085200075807066789e+00
6.732965596083004822e-01
3.452010157945019087e-01
6.163325204847202032e-01
0.000000000000000000e+00
0.000000000000000000e+00
1.343527598100116460e+00
0.000000000000000000e+00
0.000000000000000000e+00
0.000000000000000000e+00
0.000000000000000000e+00
9.570957968436110130e-01
1.009217229552849870e+00
0.000000000000000000e+00
1.023432444634946537e+00
0.000000000000000000e+00
1.265716612226968074e+00
0.000000000000000000e+00
8.955497311675193473e-01
1.007474781140150988e+00
6.771977346308754031e-01
0.000000000000000000e+00
2.854689057535390595e-01
9.469476537025545149e-02
0.000000000000000000e+00
6.662288655085459033e-02
6.584635799569098502e-01
0.000000000000000000e+00
0.000000000000000000e+00
