# Ensemble A, m = 50.0, c_n/c_p = 0.8, lambda = [  9.53805438e-09  -7.59229128e-09   0.00000000e+00   7.62089948e-10], exposure = 41011kg years (before eff.)
6.294663979355447303e+00
6.701404329141936067e+00
4.295177804261483878e+00
6.609773815126201768e+00
5.748517743365137989e+00
6.796481108964380624e+00
6.895067703984735452e+00
6.597008925179739691e+00
4.709771595986865123e+00
6.264709257994103275e+00
5.468482521253034356e+00
7.324118399350763475e+00
7.181555596600927238e+00
6.966704315503505107e+00
5.623882933326440181e+00
6.439570928950024253e+00
5.714841361143858656e+00
7.181379561904703834e+00
5.503916990526832365e+00
6.596337679659978193e+00
5.369706649286306366e+00
4.436550882879910951e+00
6.179668042125419980e+00
5.398451912567645117e+00
5.590416929900275278e+00
6.271487194731913739e+00
6.366527925936528831e+00
6.240392291735138208e+00
6.974137114470497778e+00
5.351128868621871426e+00
6.994943679999260588e+00
6.324090873103291877e+00
5.599972152389961266e+00
5.765161248145275863e+00
5.344356177043227518e+00
6.316244040009288518e+00
6.823528407933305395e+00
5.516118580539400185e+00
6.840053985013645921e+00
4.293157997290283134e+00
4.808888612657305828e+00
6.824010146442600622e+00
5.945695625337505952e+00
6.328774947382173721e+00
6.573373801006074935e+00
6.011244446151875032e+00
6.153837892688216016e+00
6.301773570121438794e+00
5.598712400090009034e+00
5.001672414768875363e+00
5.726998688074039556e+00
6.219940202633368997e+00
5.741675582933478239e+00
5.835131743500770796e+00
5.479660564271182643e+00
5.880439981386886394e+00
5.392209059201579890e+00
6.834290533143473567e+00
5.626990902271448824e+00
4.378929332545636655e+00
6.616891304977720267e+00
5.839603556269257645e+00
6.335061759527133241e+00
6.123468351975340340e+00
4.975745387628770722e+00
6.459498345578148282e+00
6.875351480612042820e+00
6.177778854981130330e+00
4.703346907756134954e+00
6.295143024140471333e+00
6.729573032468869620e+00
5.534664139627293089e+00
6.289669146328495053e+00
6.749924925521435526e+00
5.517778561556231587e+00
6.997966928570222400e+00
6.556885514000985182e+00
6.726800221000971192e+00
6.002174599303799596e+00
6.236865323011509865e+00
6.348756913777795496e+00
5.662075536282959121e+00
6.827154900285438366e+00
4.687218586927192732e+00
6.124130330515247245e+00
5.972287579045074679e+00
5.772135034464489500e+00
6.582949243186408061e+00
5.538903910058654567e+00
6.605176275593066748e+00
5.780317292728958556e+00
5.824398925582374709e+00
6.623521173708336818e+00
6.406021558642268410e+00
6.326958308227879080e+00
5.220055488881041761e+00
6.526533991212699171e+00
5.854588697705784384e+00
5.089338149002117895e+00
6.413984529988247196e+00
