# Ensemble A, m = 50.0, c_n/c_p = 0.85, lambda = [  7.05345213e-09  -5.96545714e-09   0.00000000e+00   5.98793533e-10], exposure = 8620kg years (before eff.)
4.200545882216501603e+00
4.358870718229744590e+00
3.641871188753179389e+00
2.034887698855844196e+00
3.172159336902408366e+00
2.352652524378732402e+00
4.272582676868810658e+00
1.565871723332571630e+00
2.374343469790613614e+00
4.443673747990619205e+00
2.327542964705799466e+00
4.267940042442984527e+00
3.566943277597460327e+00
3.193224089321772485e+00
2.329694849690779002e+00
3.889042142568851279e+00
3.799459064300086286e+00
4.160936661618647392e+00
2.436625612204008196e+00
1.651376901015599641e+00
9.927120569265263095e-01
3.141152932913390927e+00
3.247464098677697919e+00
4.821456337019575322e+00
2.936080287284390522e+00
3.538391110644151460e+00
2.431090186796127650e+00
4.557199183379271545e+00
2.449218856495460894e+00
4.197366695706734596e+00
5.202441863954949675e+00
4.499596090960227279e+00
3.808036972856205793e+00
3.769622372651327158e+00
1.931755220440524168e+00
2.392987483645037994e+00
2.937489839981714645e+00
2.717012327084814327e+00
4.627334197950180972e+00
4.870747364399653279e+00
3.777764337149640550e+00
1.554438521742576684e+00
2.879822219718325194e+00
2.290769731312114033e+00
8.935077492411332978e-01
5.112624850274910315e+00
3.719833629567901756e+00
2.603239449817115858e+00
4.033230469466383639e+00
3.746958090347867198e+00
4.858212143865302757e+00
4.102377808131857151e+00
2.807957267529741507e+00
2.914444970424027836e+00
4.328539162962030673e+00
3.988175338674748716e+00
3.830210510711644645e+00
2.118920618615419915e+00
2.597275056567227569e+00
2.884194969983149726e+00
2.994512811872661384e+00
2.426315372492073852e+00
6.908635985480326980e-01
3.689236878261137331e+00
3.178270228594610280e+00
3.036600089036970651e+00
2.855601121263319442e+00
3.069628030279379693e+00
3.682974567290001833e+00
1.972587306367983739e+00
2.509805279933613242e+00
3.089356521858650950e+00
3.936784556213766884e+00
3.301366524977034533e+00
3.618290655791946087e+00
3.211027819695353003e+00
3.912150037226625798e+00
4.031303619809456507e+00
2.318731763271173918e+00
2.935454110822560025e+00
2.418600884749963598e+00
2.630417364013070802e+00
1.348320985182772880e+00
3.741972124587415571e+00
2.105615151474399038e+00
3.134125384014901261e+00
3.107730228485836133e+00
1.849378736758607200e+00
3.525520219288216239e+00
1.966566864930054503e+00
3.563703639517510791e+00
3.007663722945582929e+00
3.138493116391951610e+00
3.939836445596884396e+00
4.148366773654371009e+00
2.321102534953982222e+00
2.963010675855423770e+00
3.385999007216990098e+00
2.751720423980706265e+00
2.998177353065317519e+00
