# Ensemble A, m = 50.0, c_n/c_p = 0.7, lambda = [  1.68644389e-08  -1.17460817e-08   0.00000000e+00   1.17903416e-09], exposure = 1812kg years (before eff.)
2.481765438345570285e+00
6.147238139341727470e-01
3.040917186410008188e+00
2.814297824408641180e+00
2.645598360874338084e+00
2.417216525478440126e+00
2.345452017331254080e+00
2.002051208572038110e+00
2.338571224577560503e+00
1.848983641841990266e+00
1.589881640773397109e+00
2.913421875011647177e+00
1.049013584201332172e+00
3.418961598157932436e+00
2.361549033136958187e+00
2.734513992751149924e+00
1.778021710130948785e+00
1.932987334026898152e+00
1.370652942536178198e+00
5.068480884689161581e-01
3.192757023959079010e+00
2.969851587308499408e+00
1.106436077497634729e+00
1.847116534418207889e+00
1.885939464199509530e+00
3.621514864736365524e+00
1.349039149424043460e+00
2.822069626631414696e+00
2.681045590651549571e+00
1.423025494097288846e+00
1.923129278056734837e+00
9.865832163520155129e-01
0.000000000000000000e+00
2.643291573387819282e-01
1.624356590535759759e+00
3.559240599870304056e+00
2.714518368846011942e+00
3.040180140788431462e+00
2.083835872914410192e+00
1.296353785913760381e+00
2.826982414403725219e+00
2.512935022361233006e+00
2.656434208853534429e+00
2.122671522998203830e+00
1.689156728250524431e+00
0.000000000000000000e+00
2.075611452025582615e+00
1.629488964095749060e+00
2.151670649448152339e+00
9.303359689977623859e-01
1.203541045690637912e+00
2.974894633341500505e+00
2.741653687348011292e+00
9.458286664095475471e-01
1.281386914467551819e+00
2.990333607854976261e+00
2.646629125328628263e+00
5.725541993837983679e-01
2.094783344427070926e+00
2.107404126948754008e+00
5.683689560788540707e-01
5.517798524080250733e-01
1.551182030048597005e+00
1.686418388163914539e+00
1.787984050309568751e+00
2.034516299176782006e+00
1.173457778464568335e+00
3.123803008465555919e+00
6.488337639266752443e-01
2.298828439586321881e+00
9.886163202102815628e-01
2.939711069562281898e-01
3.389971087609438882e+00
2.427913255823674010e+00
2.469193895519033344e+00
1.436312045469372078e+00
2.642652071784710732e-01
0.000000000000000000e+00
3.515352981923948406e+00
8.967831381126153967e-02
1.776753581353188449e-01
3.117520393029386216e+00
1.570658308763453359e+00
2.232003872657593924e+00
0.000000000000000000e+00
2.777215344511314576e+00
2.436246132538440801e+00
0.000000000000000000e+00
2.735902113657577406e+00
4.186133625175708084e-01
2.378300188209234278e+00
2.709587661385745250e+00
2.909968086549121757e+00
3.198592755720569336e+00
1.982945056979854570e+00
3.547133079579299242e+00
2.030574372934823568e+00
2.249697710174044296e+00
1.833047161069398356e+00
3.173130899934493598e+00
