# Ensemble A, m = 50.0, c_n/c_p = 0.75, lambda = [  1.35282138e-08  -1.00954295e-08   0.00000000e+00   1.01334697e-09], exposure = 100000kg years (before eff.)
6.503774821485128754e+00
5.587009689551917901e+00
6.600713443340236353e+00
7.196412960375479173e+00
6.173719693070092163e+00
5.557077405489244448e+00
5.520747546874882339e+00
7.006750880115466096e+00
7.232216045829882312e+00
7.061501734863610658e+00
6.582793339135553978e+00
5.443614451227809070e+00
6.752841433583603781e+00
6.935461088637820737e+00
7.147739806254787887e+00
6.068013406330430293e+00
6.958559538202865546e+00
6.207256560454784911e+00
6.607767411467891705e+00
6.449081574633607872e+00
6.686726737965383194e+00
6.350935628654966081e+00
5.969137632026646934e+00
5.241337471312302654e+00
6.256274025281744144e+00
5.387385468604290573e+00
7.471895325176216573e+00
7.012483886864478322e+00
6.642182101588170795e+00
5.451483923067985238e+00
6.407145868269191524e+00
5.842159496178609857e+00
6.234907826039890466e+00
7.282115298438027295e+00
6.618578260533982238e+00
6.108836462588314475e+00
6.883537038731067703e+00
6.506193777049016802e+00
7.199936287664138845e+00
7.318894408941050145e+00
4.991156957966350838e+00
6.465411654113405682e+00
6.768833277688042216e+00
6.994638989111142457e+00
6.231109174176165055e+00
7.311810346687887652e+00
7.434700620257238768e+00
5.566401930310276747e+00
7.151665264551629875e+00
7.129035447814400683e+00
6.107900962537005540e+00
7.261662666328555282e+00
5.790427810259618724e+00
6.699108762321625221e+00
7.126934342272615908e+00
6.683530417292629977e+00
6.361998687429830213e+00
6.046530489108067563e+00
6.321165842727161532e+00
7.116295000791730274e+00
7.044924063506098122e+00
5.793433992600037996e+00
6.692923092234116744e+00
6.369468583013303764e+00
7.320573406013417994e+00
5.951870718575803743e+00
6.925365226612615999e+00
6.014150453332131718e+00
6.932917717888843256e+00
6.931545669619053385e+00
5.922420896580463889e+00
6.976530825700814731e+00
6.246287119524447817e+00
5.939457596910919790e+00
4.967475428456621600e+00
5.543495961254199855e+00
6.897414117957748836e+00
6.365024221517257885e+00
6.356137839715543691e+00
5.979592388592667618e+00
6.388036786160085967e+00
6.942563582805179045e+00
7.034533362406109269e+00
7.296716483606049408e+00
7.340969207524135065e+00
6.286367118100402607e+00
7.556832592117896041e+00
6.003843066161185682e+00
5.524683285301235536e+00
6.529370419732213549e+00
6.601457741921993971e+00
5.333834362763421488e+00
4.587304360582207252e+00
7.254471554712750070e+00
6.243428023771646629e+00
5.175273303607387909e+00
5.940468378209291522e+00
4.904480548942134810e+00
7.226864918969597262e+00
6.640340868915419748e+00
