# Ensemble A, m = 50.0, c_n/c_p = 0.85, lambda = [  7.05345213e-09  -5.96545714e-09   0.00000000e+00   5.98793533e-10], exposure = 3535kg years (before eff.)
3.528753647831643914e+00
2.996371198694176563e+00
2.732863833981300061e+00
2.118108155987759922e+00
7.344168560889529074e-01
2.591980011626732416e+00
3.313554948318874427e+00
2.929106959050775227e+00
1.218377323767263869e-02
3.572907383355804711e+00
1.897462224036678968e+00
2.188825039605943878e+00
1.595022782343834766e+00
2.816942823874306168e+00
2.795611122935320658e+00
1.944118810557289745e+00
2.192331741838756121e-01
2.533350833759913989e+00
2.403490196921651112e+00
2.998532269279735374e+00
9.039002312755700652e-01
1.550885816804876693e+00
1.725538901295111005e+00
2.435855377576209513e+00
3.192287946914180718e+00
3.419954241066219147e+00
3.075147394744607965e+00
1.996311547957264843e+00
3.862365807019199071e+00
3.153565299356633655e+00
1.527867245431891785e+00
2.431662622381725036e+00
2.973026964096037172e+00
2.306454401409605559e+00
3.072517208046733117e+00
3.278085614458260189e+00
3.805908096765486359e+00
1.918356738797172500e+00
4.170906205130898492e+00
3.866334894328408822e+00
2.680154078111424365e+00
3.316566914606024152e+00
4.958170280618468873e+00
3.055174896801053475e+00
4.670225030040943359e+00
2.402910014303512920e+00
3.283323604358283188e+00
2.804936873437761768e+00
3.134823699145121267e+00
1.889710330301180630e+00
3.421670195917142721e+00
1.232667073855870044e+00
3.587657049782331242e+00
3.024028116720385295e+00
4.082038457541906418e+00
2.380871056048441847e+00
2.642508779149521647e+00
2.295443901767858730e+00
2.619962056921924631e+00
1.868983058356518789e+00
2.967785000538964990e+00
3.063701092496081468e+00
9.569508291039147130e-01
2.369941959279794119e+00
3.053845086904752204e+00
3.713522120462658282e+00
3.834759999712413325e+00
3.143213316094301657e+00
3.487433455897058554e+00
1.419680401375769119e+00
2.521350516512339102e+00
3.755302864161293996e+00
1.442015915612234966e+00
3.245599788270039365e+00
2.091230498661237558e+00
3.587039090654887907e+00
2.579058289263185699e+00
2.723031822387440570e+00
3.101513984855178929e+00
3.597872533371870851e+00
1.963362645371518722e+00
2.346406083964637901e+00
2.330591907937141549e+00
3.462538256673512116e+00
1.134339293732395948e+00
2.533510655803357103e+00
2.410999709908790756e+00
3.392798317035996103e+00
2.934611903301632463e+00
4.111289622709926483e+00
3.329848157277126575e+00
2.001936211200001647e+00
3.205233897990178882e+00
2.575593364445617706e+00
2.894344074541084222e+00
1.031650850690039256e+00
1.236168614349379524e+00
8.518823385304626905e-01
2.671048469873203324e+00
3.817954322117230959e+00
