# Ensemble A, m = 50.0, c_n/c_p = 0.8, lambda = [  9.53805438e-09  -7.59229128e-09   0.00000000e+00   7.62089948e-10], exposure = 32819kg years (before eff.)
6.183574945515186272e+00
6.062865796355437098e+00
6.409090782727936642e+00
5.768563053325911127e+00
5.748522585847842592e+00
5.734778812634854006e+00
5.939584272479844884e+00
4.869094998982523848e+00
6.013198204594139895e+00
5.472808954148812077e+00
5.483277979608907948e+00
5.755262805747928923e+00
6.297442353279615546e+00
5.229556585998012430e+00
6.219413158701310174e+00
6.331840266549733087e+00
5.949379309070649491e+00
6.655360094501616253e+00
6.756125084486805932e+00
6.190587958096022803e+00
4.989392914318580452e+00
5.486155586869505996e+00
6.368094926495037278e+00
4.684569259306920586e+00
6.615487039212891496e+00
5.202299590842161869e+00
6.652085444854342278e+00
6.771148027675610415e+00
6.487221353933154688e+00
6.897819859340453164e+00
6.450719011734174835e+00
6.156875429062830918e+00
5.477804679911304042e+00
6.105824797953633976e+00
6.729023396537044732e+00
5.430993010140991117e+00
6.551363864481124288e+00
6.689006094126777491e+00
6.182992987633555870e+00
5.706619927088301125e+00
5.725826033741347132e+00
4.374984033513639403e+00
6.922942530240037584e+00
6.490107081466985228e+00
6.998591363396816867e+00
5.676250340270872385e+00
6.477479574219276337e+00
5.666278106617657961e+00
5.758666203916032345e+00
5.615445652702675261e+00
6.265113855440832324e+00
5.170391646423297516e+00
5.618432564918220073e+00
5.557855476038348286e+00
5.639071655075471590e+00
5.831578214134974125e+00
3.946915834047975302e+00
5.301693660617665671e+00
6.940229075845355311e+00
5.932097955051854221e+00
6.584148170699969604e+00
6.394529026055351117e+00
5.766579503788999084e+00
5.309888517405980224e+00
3.691013207703243371e+00
6.835683919657584262e+00
6.112669559562054822e+00
5.693603056146218755e+00
4.594184002461907390e+00
6.194454547538883915e+00
6.763610578298900222e+00
6.942465891692356728e+00
6.459643641774868605e+00
5.840216152251657356e+00
5.991140378836821156e+00
6.266615779020709986e+00
5.587741525657568431e+00
4.878342752114916969e+00
6.124744236917635476e+00
5.180907759932554590e+00
5.066662185260820017e+00
5.408070227788750017e+00
5.307403146437883024e+00
6.532305024827069317e+00
6.410984379124212040e+00
5.602799517258771012e+00
6.664270715158436609e+00
5.955856300811710469e+00
5.975122955887890441e+00
6.385955204654293560e+00
5.162728452250448186e+00
6.923319744188239255e+00
5.945068374158356761e+00
7.265646404534209957e+00
6.021115071889180825e+00
6.323259754505011543e+00
4.199254387536101696e+00
5.334425864692844854e+00
6.106910697831047230e+00
5.941573031971783436e+00
