# Ensemble A, m = 50.0, c_n/c_p = 0.65, lambda = [  1.39374279e-08  -9.01403148e-09   0.00000000e+00   9.04799687e-10], exposure = 3535kg years (before eff.)
1.357559034881364202e+00
2.250683939109619391e+00
0.000000000000000000e+00
1.709855755292371438e+00
0.000000000000000000e+00
1.923494551595990476e+00
1.581669360293076698e+00
0.000000000000000000e+00
0.000000000000000000e+00
8.744730138462767366e-01
3.014011510991182696e+00
0.000000000000000000e+00
9.000002461908037654e-01
1.764556857024029757e+00
1.378418879098216865e-01
0.000000000000000000e+00
1.983673484742062065e+00
2.675085929454960598e-01
2.460218495919834325e+00
0.000000000000000000e+00
0.000000000000000000e+00
1.294084627465591941e+00
7.494815283414534290e-01
0.000000000000000000e+00
3.188873873251240276e+00
0.000000000000000000e+00
1.273451014491581712e-01
3.476981145598581624e-01
1.329868986548197629e+00
0.000000000000000000e+00
0.000000000000000000e+00
1.535634096453436959e+00
7.708436755990621947e-01
0.000000000000000000e+00
2.775563138049445544e-01
1.546330652809972950e+00
4.699128280796914803e-01
8.521945301221740543e-01
2.511102202635589364e+00
2.823582354975257669e+00
1.771009740688909595e+00
5.240407777440634352e-01
9.566325305510721133e-01
2.903989882402809197e+00
1.243699289095886673e+00
2.032186276783498613e+00
2.028170756309443379e-01
2.819924859888601754e-01
1.500922797609874237e+00
9.713260629883567754e-01
7.651534328032973953e-01
8.145394792064415412e-01
1.698443463636382766e+00
3.656823196149614930e+00
1.313787389599379851e-01
4.584884638662435896e-01
6.403195278535689372e-01
1.021240453168542395e+00
2.425713323481086370e+00
1.526741696711607199e+00
2.991073203742674047e-01
9.097512859221815740e-01
0.000000000000000000e+00
0.000000000000000000e+00
0.000000000000000000e+00
9.499877608485212122e-01
4.225920258998757006e+00
1.088159374258484968e+00
2.296681281491268933e+00
3.326709335188259287e-01
1.240848512175838358e+00
0.000000000000000000e+00
8.367657123634291150e-01
0.000000000000000000e+00
1.089078838861893717e+00
1.971189865543914621e+00
6.588248356301760200e-01
2.378730756830202964e-01
1.590134031033734185e+00
1.167926976571543651e+00
3.846194027374619240e-01
9.428777368793399560e-01
2.864314871009538077e+00
1.952302774188424905e+00
2.354203302858606794e-01
1.915484629883613010e+00
0.000000000000000000e+00
2.541076562910717040e+00
0.000000000000000000e+00
0.000000000000000000e+00
7.797461929839200057e-01
1.182089955434157069e+00
0.000000000000000000e+00
1.620057159015384718e+00
1.357833049289759675e+00
1.093591437957226242e+00
2.510406200621732586e-01
4.954032282164864132e-01
1.334720343235752393e+00
7.221971445026570402e-01
