# Ensemble A, m = 50.0, c_n/c_p = 0.75, lambda = [  1.35282138e-08  -1.00954295e-08   0.00000000e+00   1.01334697e-09], exposure = 51248kg years (before eff.)
6.941808203977582359e+00
4.977621754711583080e+00
6.619387894275362783e+00
5.424032640690242602e+00
6.542815573939162022e+00
6.840678126312309537e+00
6.815453207372294209e+00
6.352769722741604674e+00
6.058902547081772560e+00
6.854446011298970021e+00
5.397802386432302590e+00
5.863247824323854829e+00
5.960127798790106013e+00
6.986571048880891865e+00
6.416219209749950636e+00
6.178185861046994631e+00
6.321102685427169909e+00
6.178318023133275716e+00
5.847508614091817769e+00
6.152066580510486382e+00
5.303913368817458895e+00
7.157249291060335139e+00
4.346866722750870160e+00
6.256237298824308901e+00
6.719069029391845582e+00
6.267310011858978847e+00
7.288265378200956768e+00
4.803573100978939081e+00
6.783411680677332356e+00
5.427303288804590231e+00
4.892002687798637339e+00
6.562233223921137615e+00
6.073289317323108172e+00
7.048843250014189543e+00
5.884877580393979457e+00
6.538191703933969201e+00
6.609487987411399423e+00
6.714051827091809699e+00
6.335055987557145940e+00
6.375482444387479575e+00
4.435922537471089555e+00
5.644291873615458144e+00
6.583473193295923842e+00
6.466637205307531389e+00
6.860563224366255319e+00
6.387328711658400771e+00
6.554572271545609397e+00
6.343352231800857055e+00
6.558836313131846119e+00
6.304711587744196599e+00
6.741229274232551916e+00
6.612394322037921768e+00
6.232851585396200988e+00
4.970692112021144027e+00
6.187137093634191842e+00
6.402571696335082940e+00
6.100076344293438702e+00
6.473991607139264914e+00
6.994896762190176531e+00
5.676822475128891377e+00
6.804515308251836814e+00
4.346283210916030981e+00
5.819410051617172286e+00
6.447908818877652770e+00
5.893578474988768967e+00
5.999627098712915441e+00
6.393021638096569426e+00
5.934053981292251478e+00
6.070456263819543175e+00
4.998401474159765989e+00
6.200967850045778107e+00
5.701901414497300813e+00
6.387235776629833772e+00
5.673242260345653598e+00
7.428676030617423542e+00
6.139071883795000240e+00
5.870725754993615375e+00
5.278443655848884752e+00
6.092595267203266829e+00
5.813967060874038140e+00
6.480326868212372915e+00
5.784494687228489695e+00
6.381022454824617718e+00
5.222227128982699362e+00
5.715549345790111424e+00
6.359535644134237664e+00
6.653113295463150223e+00
5.671574493000949957e+00
4.901198407962918502e+00
5.300499063933845179e+00
6.358717093412802335e+00
4.603019654576850250e+00
6.778548098859896065e+00
3.683692379510274950e+00
5.997474501370989586e+00
5.242656253020209434e+00
6.621880167237495840e+00
4.244514449912810683e+00
6.928507297541703025e+00
5.724795367718112260e+00
