# Ensemble A, m = 50.0, c_n/c_p = 0.75, lambda = [  1.35282138e-08  -1.00954295e-08   0.00000000e+00   1.01334697e-09], exposure = 195kg years (before eff.)
1.487698606845900162e+00
1.083831457388878317e+00
1.532777252011956026e+00
0.000000000000000000e+00
1.130137721442780796e+00
5.423217463411830197e-01
1.064637250712359817e+00
9.833327495238340932e-01
8.464418402931815910e-01
0.000000000000000000e+00
4.852516455430713194e-01
1.373421694559367356e+00
6.607188134657164813e-01
5.296982456657620686e-01
5.390624649876599693e-03
1.089408978680422191e+00
7.877215072118706196e-01
1.037021492615127105e+00
1.390428797575326225e+00
6.214490294511443996e-02
9.098162422035483976e-01
7.391691496609611445e-01
1.443326623146433008e+00
4.262638726898378971e-01
7.415958735885516129e-01
5.217699028035784892e-01
0.000000000000000000e+00
0.000000000000000000e+00
1.501226232779785175e+00
1.344690409543429999e+00
0.000000000000000000e+00
1.484875198340918745e+00
1.361920156848943408e+00
7.151882246424966505e-01
0.000000000000000000e+00
1.013896886436773670e+00
5.996410360065366207e-01
5.836437329946581043e-01
1.335000124932519627e+00
9.067304211629030330e-01
2.189467838219090190e-01
1.678890646326181235e+00
0.000000000000000000e+00
7.411133860781107252e-01
0.000000000000000000e+00
1.404286524527647018e+00
2.834335715706673975e-01
4.228714709375440695e-01
0.000000000000000000e+00
6.581926088684003640e-01
1.470926323735645358e+00
1.154634873490451685e+00
4.892107790104264775e-01
1.598878979597307293e+00
1.260841474052714517e+00
1.237059987638735592e-01
1.226920653756700563e+00
1.040975624216528228e+00
0.000000000000000000e+00
0.000000000000000000e+00
0.000000000000000000e+00
4.185586060640772987e-01
0.000000000000000000e+00
1.300452660374827207e+00
7.310992337126137608e-01
8.664964015970438860e-01
9.320445630406775095e-01
2.631800696916403604e-03
0.000000000000000000e+00
3.453594868935052631e-01
0.000000000000000000e+00
1.216265052453894935e+00
1.596351454087986177e+00
1.247252803701225154e+00
9.350039640611707004e-01
0.000000000000000000e+00
1.466163239454730371e+00
0.000000000000000000e+00
0.000000000000000000e+00
0.000000000000000000e+00
0.000000000000000000e+00
9.652136462923242011e-01
2.725816160172188085e-01
1.888350748346089958e+00
0.000000000000000000e+00
1.082721463198861533e+00
1.159120361476686512e-01
1.789319003568352329e-01
1.457302747491562522e+00
9.871569035230047806e-01
3.716198195524909043e-01
3.827172685182799183e-01
1.179264990530180413e+00
1.440832531204278011e+00
0.000000000000000000e+00
7.778841421546270896e-01
1.419267079655769148e+00
9.522824171112304059e-01
5.712441365247954428e-01
1.274794573641520934e+00
