# Ensemble A, m = 50.0, c_n/c_p = 0.8, f = -0.995
# lambda = [  9.53805438e-09  -7.59229128e-09   0.00000000e+00   7.62089948e-10]
# exposure (of 3rd experiment) = 381kg years (before efficiency cut)
0.000000000000000000e+00
3.189236782113971658e-01
1.453776822208898478e+00
6.317890947493230991e-01
1.260339379427279916e+00
3.474762062628893755e+00
1.221881517840736953e+00
0.000000000000000000e+00
0.000000000000000000e+00
0.000000000000000000e+00
0.000000000000000000e+00
1.545788052468489937e+00
8.947942301517911590e-01
0.000000000000000000e+00
1.218060824660772257e+00
2.398070532633317598e+00
2.486298856395334322e+00
0.000000000000000000e+00
2.233957071412206119e+00
3.769537523731079087e-01
0.000000000000000000e+00
2.305030467979929831e+00
4.509191728061454629e-01
1.859350889599539869e+00
2.354186713149236887e+00
2.443503429233863766e+00
2.342090920547719168e+00
1.438221892809012248e+00
0.000000000000000000e+00
2.508147959353099199e-01
1.210895130805180298e+00
1.931736990709986834e+00
1.438100195971047990e+00
2.490407599109093262e+00
5.523259620918116175e-01
1.918401232562584546e+00
0.000000000000000000e+00
2.606371036312684630e+00
0.000000000000000000e+00
2.343209769566062306e+00
1.889543769530362294e+00
1.311886234866400880e+00
2.195758416487147979e+00
2.829204700177393450e-01
1.251356980329769497e+00
2.496716856087520142e+00
2.604421166720937375e+00
2.447676288063918459e+00
0.000000000000000000e+00
0.000000000000000000e+00
2.105918152516064623e+00
3.643338707747046712e+00
1.248658921957753964e+00
0.000000000000000000e+00
2.489355767781116668e+00
0.000000000000000000e+00
1.353871446488561281e+00
1.978669201929240895e+00
1.451196601971509459e+00
1.463696128636883920e+00
1.047401913044905708e+00
1.919722164199116232e+00
1.470716310701138951e+00
6.982361788909022815e-01
7.435682207702546398e-01
2.046132883163156002e+00
1.438100195971047990e+00
2.034745614237079003e+00
1.667273564261039009e+00
1.947290482571344183e+00
0.000000000000000000e+00
2.630214211020567294e+00
1.999292141650339527e+00
0.000000000000000000e+00
1.424962636334085486e+00
2.050109859513038035e+00
4.921292481059261759e-01
1.839613735573125020e+00
8.174309408990688697e-01
1.508888514053341456e+00
2.180768022161256869e+00
0.000000000000000000e+00
1.280068399425770220e+00
0.000000000000000000e+00
2.022674509700503442e+00
1.966938678476428670e+00
2.076087904020601282e+00
1.309530973381122898e+00
2.531309627820535813e+00
0.000000000000000000e+00
2.234959762619345369e+00
9.421683222247403400e-01
0.000000000000000000e+00
2.233357378066712862e+00
2.429787038004599609e+00
0.000000000000000000e+00
0.000000000000000000e+00
0.000000000000000000e+00
3.605580337899226606e+00
0.000000000000000000e+00
