# Ensemble A, m = 50.0, c_n/c_p = 0.75, lambda = [  1.35282138e-08  -1.00954295e-08   0.00000000e+00   1.01334697e-09], exposure = 4417kg years (before eff.)
4.538370040030745400e+00
3.857305369610226187e+00
4.126136194683732938e+00
4.023289244912620966e+00
4.373319991964229381e+00
4.342856560414718459e+00
3.798953055737445794e+00
4.422433142339144752e+00
4.726958493191312449e+00
4.395783678609307188e+00
4.301979649254026761e+00
4.785632113475328353e+00
4.406628947896719772e+00
3.650941567822467704e+00
4.116900487228950745e+00
4.762392022515233414e+00
4.051251039661107001e+00
3.324267780365369962e+00
4.994625025110567940e+00
3.835505600479124144e+00
4.291313750641790215e+00
4.320603937402899497e+00
3.822753233509615711e+00
4.218909603242703810e+00
4.193921256915543516e+00
3.557489215058769805e+00
4.408227271499964850e+00
3.971298355370445954e+00
4.784254140610251227e+00
4.094220313607052297e+00
4.586237402376840855e+00
4.136600422486181650e+00
4.496074378235595859e+00
3.983591200809892818e+00
4.571811703339249355e+00
3.676764120145954884e+00
3.804350029668893463e+00
4.733141013611930958e+00
4.783690486663773278e+00
4.032307240086943523e+00
4.483705436952899248e+00
2.634125365745838110e+00
4.494302536975538054e+00
4.062263747150851145e+00
3.737433354391939577e+00
3.437272525095590670e+00
4.146442666541944710e+00
3.543604460894725694e+00
3.378621054756422826e+00
3.193693378994437726e+00
4.249852979057450852e+00
4.675700662269935748e+00
4.259566493147898925e+00
4.524920494443668062e+00
4.527913874161069607e+00
3.397686266694609269e+00
4.420479869721099853e+00
4.837912696946754743e+00
3.857034798537407383e+00
5.039104571484839035e+00
5.060048534003350085e+00
4.968840490732286952e+00
4.871290258402797946e+00
4.943939177163689358e+00
3.716897073979724908e+00
4.454703404310948578e+00
4.348496204487918071e+00
3.664213733420996100e+00
4.022474599974964704e+00
1.434159486169479081e+00
3.273303849334426641e+00
3.921104518395150507e+00
3.976080280699661795e+00
4.700609265518250091e+00
4.485080635057452803e+00
3.732781599398382610e+00
4.486855542046373380e+00
4.555367550545823541e+00
4.878258767174112442e+00
4.523438288399225016e+00
3.473716490713095073e+00
3.974168261926668055e+00
3.907685345419619427e+00
2.799825644880553632e+00
4.169104527170881980e+00
4.078315811446447725e+00
3.833678614381465621e+00
1.597932889860183669e+00
2.699097612564127058e+00
3.324087948674428805e+00
4.311701445901167773e+00
4.733845359513771278e+00
4.480218215192346420e+00
3.612739041310761401e+00
4.586529970914797083e+00
2.592987603310526357e+00
3.986347417080168931e+00
4.118364459024390634e+00
3.345213655791144269e+00
4.568473109954600098e+00
