# Ensemble A, m = 50.0, c_n/c_p = 0.85, lambda = [  7.05345213e-09  -5.96545714e-09   0.00000000e+00   5.98793533e-10], exposure = 64040kg years (before eff.)
4.181053132769142699e+00
4.647130604675735910e+00
4.869145865530690287e+00
4.468589711401020459e+00
3.778982929869249663e+00
2.278914760552582131e+00
3.461851578574111077e+00
3.804305565320642568e+00
2.759863287692505995e+00
2.619283575989475921e+00
5.129827952894542520e+00
4.948716080490760838e+00
3.809420525840822247e+00
4.349245564615630499e+00
4.611534028926953965e+00
3.220471562948595601e+00
3.768842562028562160e+00
3.964205015524579601e+00
3.616330334991781026e+00
4.562121058064086299e+00
3.334075159711030079e+00
4.713302368502985118e+00
4.188535631306201878e+00
1.466059583476216233e+00
2.139959684900866854e+00
3.733934360532865426e+00
4.032538526364136011e+00
4.835026839612265981e+00
4.325607717812865793e+00
1.496333793147767155e+00
4.144775296814255938e+00
4.200189171886773210e+00
2.884719095069328887e+00
5.007465243278566014e+00
4.624301871652299667e+00
4.208216567644163852e+00
3.008287389257039646e+00
5.218826270887738872e+00
4.802315980692298147e+00
3.809860215589279342e+00
3.727077978272845371e+00
4.510799388214819849e+00
4.751406044847906074e+00
3.925362367465811353e+00
4.162700599772515275e+00
3.822420035099657554e+00
4.001726984803795517e+00
2.769160043546580852e+00
3.911204397873348615e+00
5.020312092594123143e+00
5.261415097379921413e+00
4.630392751011266128e+00
3.615275107406471289e+00
2.360178515383652087e+00
3.126724877869820229e+00
3.519264960618568416e+00
4.431129147256888778e+00
4.086212178691996932e+00
4.812443312314017341e+00
2.881339727944262741e+00
2.852880834862529635e+00
3.053756883767111852e+00
3.167355786086940128e+00
3.847901517094635349e+00
4.382094736523225009e+00
4.021874291123361367e+00
2.644218704648930274e+00
4.804934393738395038e+00
4.198930807776326546e+00
4.401658450841327230e+00
3.254558248504999085e+00
4.958289054290430542e+00
4.623517080595454409e+00
4.781861126167684439e+00
4.415941784366986589e+00
3.766360728430100835e+00
2.939495760465065999e+00
4.605558160504823917e+00
4.367481147592089386e+00
4.631671390388572007e+00
3.994320824125634939e+00
4.018750402464650762e+00
4.628177119863462252e+00
4.872065813676158541e+00
4.051602046098381926e+00
4.905523303503247945e+00
5.343185073648047734e+00
3.900719667854002815e+00
4.845741357609844258e+00
3.957985132255680494e+00
5.072708862193267443e+00
5.296994178898765782e+00
4.252705084463033636e+00
4.741228852859549647e+00
3.807552920746594349e+00
4.278866500516395277e+00
3.709867169994784941e+00
3.058432420572649413e+00
3.775003584576099414e+00
4.179915326932683861e+00
