# Ensemble D, m = 50.0, c_n/c_p = 0.961290322581, f = -0.998695652174
# lambda = [  4.48756066e-09  -4.30822187e-09   0.00000000e+00   2.20259650e-10]
#  
2.128521771801268336e+00
2.305929249228658939e+00
0.000000000000000000e+00
1.464832843515152527e+00
4.890310976579196334e-01
1.099274708194919903e+00
5.556784217569093326e-02
1.462701894060669749e+00
0.000000000000000000e+00
0.000000000000000000e+00
0.000000000000000000e+00
0.000000000000000000e+00
7.916225209170831834e-01
3.802911374412010215e-01
0.000000000000000000e+00
9.638437662247492099e-01
0.000000000000000000e+00
1.294438816425023120e+00
1.038084730529773125e+00
0.000000000000000000e+00
6.406031753188430322e-01
5.817130653486281000e-01
1.134616254315976569e+00
4.467636336855727031e-01
0.000000000000000000e+00
0.000000000000000000e+00
0.000000000000000000e+00
1.186422223709810986e+00
0.000000000000000000e+00
1.438522068718868896e+00
7.589446504835516416e-01
5.462905996767464245e-01
0.000000000000000000e+00
1.182927813300165720e+00
6.306259121924943090e-01
0.000000000000000000e+00
0.000000000000000000e+00
9.244423167232713734e-01
1.218469331031238445e+00
1.306612675617342623e+00
6.323625481501655710e-01
1.652620819219317916e+00
0.000000000000000000e+00
0.000000000000000000e+00
0.000000000000000000e+00
0.000000000000000000e+00
1.050542623288838628e+00
0.000000000000000000e+00
0.000000000000000000e+00
1.049355904789098376e-01
0.000000000000000000e+00
1.938774645005954950e-02
0.000000000000000000e+00
0.000000000000000000e+00
1.671979503793187494e+00
0.000000000000000000e+00
7.504265548831635657e-01
0.000000000000000000e+00
4.391070855086222080e-01
9.697202726589452260e-01
9.746653000010230272e-01
0.000000000000000000e+00
7.487890894270374798e-01
4.832283320043346819e-01
2.654608419440757650e-01
8.106813982413467734e-01
0.000000000000000000e+00
0.000000000000000000e+00
0.000000000000000000e+00
9.011226585989398075e-01
6.817728034809482363e-02
0.000000000000000000e+00
1.064916751547606122e+00
1.661307260870272806e-01
0.000000000000000000e+00
1.854143093804155651e+00
0.000000000000000000e+00
1.150553453100412737e-01
0.000000000000000000e+00
0.000000000000000000e+00
0.000000000000000000e+00
5.128094565252981629e-02
1.495486706646103059e+00
0.000000000000000000e+00
2.372774109435051293e-01
0.000000000000000000e+00
0.000000000000000000e+00
0.000000000000000000e+00
0.000000000000000000e+00
2.005597313834704742e+00
9.423410647194957468e-01
1.815859397807688458e+00
0.000000000000000000e+00
0.000000000000000000e+00
0.000000000000000000e+00
7.322772548817959581e-01
0.000000000000000000e+00
0.000000000000000000e+00
0.000000000000000000e+00
2.585406706259997245e-01
