# Ensemble D, m = 50.0, lambda = [  4.71683483e-09  -4.07005787e-09   0.00000000e+00   9.03217380e-10]
1.901216923915708124e-01
0.000000000000000000e+00
2.077099097710100928e+00
7.747548052230681659e-01
0.000000000000000000e+00
0.000000000000000000e+00
1.741557102917180577e-01
0.000000000000000000e+00
0.000000000000000000e+00
1.112465744615850072e-01
4.150833256003755994e-02
0.000000000000000000e+00
2.123030160344435008e-02
3.150176876947934357e-01
0.000000000000000000e+00
0.000000000000000000e+00
1.271934850784535609e+00
1.337784779623090836e+00
0.000000000000000000e+00
0.000000000000000000e+00
0.000000000000000000e+00
0.000000000000000000e+00
5.234118452169954534e-03
0.000000000000000000e+00
1.584939530578330480e+00
1.887054640037102438e+00
2.011594373123090751e+00
1.192127992113356690e-02
0.000000000000000000e+00
1.532931872244916338e+00
5.274334205047587903e-02
4.509355265985657835e-01
3.204524371985988940e-01
1.673148056382676607e+00
1.354104388604316478e+00
4.876165103043213489e-01
0.000000000000000000e+00
0.000000000000000000e+00
0.000000000000000000e+00
0.000000000000000000e+00
0.000000000000000000e+00
0.000000000000000000e+00
0.000000000000000000e+00
1.027062730834197080e+00
0.000000000000000000e+00
1.104053543245982816e+00
1.876164105665185100e-01
0.000000000000000000e+00
2.645659115946413439e-02
1.647171436189543425e-01
4.972376654147166453e-01
1.337108979175896106e+00
1.079291748190600378e-02
0.000000000000000000e+00
1.610157321606757286e+00
0.000000000000000000e+00
1.328392302334371333e+00
0.000000000000000000e+00
0.000000000000000000e+00
0.000000000000000000e+00
0.000000000000000000e+00
1.108412649656769666e+00
2.811791809169274181e+00
1.670717176140212423e+00
0.000000000000000000e+00
1.318067883943226715e+00
0.000000000000000000e+00
2.737571127550059158e-01
1.295097032614057841e+00
0.000000000000000000e+00
1.112043985078211783e+00
6.501291284954017202e-01
0.000000000000000000e+00
1.829076524512345925e+00
0.000000000000000000e+00
0.000000000000000000e+00
0.000000000000000000e+00
9.284682181653421962e-01
1.016827352013929264e-01
0.000000000000000000e+00
0.000000000000000000e+00
5.716285663041379417e-01
8.743826582550551230e-01
1.334723647005479297e+00
0.000000000000000000e+00
7.954083646074484523e-03
0.000000000000000000e+00
2.018718600544431752e+00
8.217018049036870497e-01
1.215121071779448503e+00
6.550174304319216212e-01
0.000000000000000000e+00
5.171393132985003804e-01
0.000000000000000000e+00
0.000000000000000000e+00
0.000000000000000000e+00
0.000000000000000000e+00
1.316063112059904783e-01
8.298378575349544262e-01
0.000000000000000000e+00
