# Ensemble D, m = 50.0, c_n/c_p = 0.832258064516, f = -0.952857142857
# lambda = [  4.39880478e-09  -3.48835355e-09   0.00000000e+00   1.11080004e-09]
#  
7.714125935334141815e-01
1.916763652144111707e-01
1.633527197296349209e+00
1.148366914217007873e+00
1.195546062804683451e+00
5.734712010900525625e-01
0.000000000000000000e+00
1.725942805793059920e+00
3.362024348607522278e-02
0.000000000000000000e+00
2.658263598969556885e-01
0.000000000000000000e+00
0.000000000000000000e+00
0.000000000000000000e+00
1.858704345171650951e+00
1.232805842254039552e+00
7.296541186785987509e-02
0.000000000000000000e+00
1.397610415167942488e+00
2.500606073176079181e-03
0.000000000000000000e+00
0.000000000000000000e+00
0.000000000000000000e+00
8.353746712046921097e-01
0.000000000000000000e+00
0.000000000000000000e+00
0.000000000000000000e+00
1.183084649386087150e+00
5.045286060951091889e-01
0.000000000000000000e+00
0.000000000000000000e+00
0.000000000000000000e+00
0.000000000000000000e+00
0.000000000000000000e+00
8.079623269527625995e-01
1.598751940808358807e+00
2.404177966954689633e-02
0.000000000000000000e+00
0.000000000000000000e+00
1.374779001067066159e-03
4.625821970657518212e-01
1.847628748509147156e+00
1.523341424608871009e+00
0.000000000000000000e+00
9.699178268073288534e-01
1.054914872190209296e+00
9.993568111590153125e-01
4.341154039126470243e-01
0.000000000000000000e+00
0.000000000000000000e+00
1.296177757099894023e+00
2.612881611238407897e-01
1.885518250661384565e+00
0.000000000000000000e+00
1.754409463904263999e-01
0.000000000000000000e+00
0.000000000000000000e+00
0.000000000000000000e+00
2.859335498799125741e+00
0.000000000000000000e+00
5.884338855437973859e-01
1.421549300807683158e+00
5.883882587349165139e-01
4.614092030240321551e-01
0.000000000000000000e+00
0.000000000000000000e+00
7.133578556396480419e-01
4.442930663098312860e-01
0.000000000000000000e+00
0.000000000000000000e+00
0.000000000000000000e+00
4.419349088476700604e-01
1.001047445199321428e+00
1.041666535214356287e-01
2.628206590127346587e-01
5.332555570633779052e-01
0.000000000000000000e+00
1.922122373257252326e+00
5.400463595668522077e-01
1.346619620051001220e+00
3.427002588101017710e-02
0.000000000000000000e+00
1.890740543829296794e+00
2.149703229122452708e-01
0.000000000000000000e+00
1.310929900211708965e+00
0.000000000000000000e+00
4.885947815289689786e-03
2.550995600986259770e+00
1.248819515684964188e+00
1.334896043829273182e+00
1.212052446115497339e+00
2.520564400782419542e-02
1.025904038973965759e+00
1.014960339755493823e+00
0.000000000000000000e+00
0.000000000000000000e+00
0.000000000000000000e+00
3.752912079206683904e-01
0.000000000000000000e+00
