# Ensemble D, m = 50.0, lambda = [  6.65138528e-09  -4.79302042e-09   0.00000000e+00   1.17481106e-09]
0.000000000000000000e+00
0.000000000000000000e+00
4.299336157292917848e-01
1.299834823701901509e+00
1.189511947743584930e+00
6.831069607907103158e-02
0.000000000000000000e+00
2.875639029871472907e+00
8.470020525434233116e-01
0.000000000000000000e+00
0.000000000000000000e+00
8.285815555083507755e-01
0.000000000000000000e+00
2.338107807948421879e+00
0.000000000000000000e+00
7.036659826889593052e-03
8.825728231840526128e-01
0.000000000000000000e+00
0.000000000000000000e+00
1.738881876569889018e+00
2.989654842120902933e-01
3.738939104810802272e-01
7.107317150104298653e-01
1.916630596702217249e+00
1.133326336497759046e+00
7.124806600058491979e-01
0.000000000000000000e+00
8.075038083775191167e-01
0.000000000000000000e+00
8.785935867566712076e-01
0.000000000000000000e+00
0.000000000000000000e+00
9.106400173788393726e-01
2.648760392145233400e+00
1.302531053483154455e+00
0.000000000000000000e+00
4.651013485543306070e-01
5.432046615244827681e-01
0.000000000000000000e+00
0.000000000000000000e+00
1.136036470308870339e+00
0.000000000000000000e+00
0.000000000000000000e+00
2.239368426071202123e-01
0.000000000000000000e+00
2.524760321137810015e-01
0.000000000000000000e+00
0.000000000000000000e+00
1.759686572143029926e+00
1.681961308336223787e-03
1.286135286150310586e-01
1.287749672771438814e+00
1.892276694544502147e-01
0.000000000000000000e+00
2.889179702497219004e+00
1.823899055634910393e+00
0.000000000000000000e+00
2.527042780451497883e+00
1.953402824352423461e-01
1.042582859650271532e+00
5.555314258556613011e-02
0.000000000000000000e+00
0.000000000000000000e+00
1.422330173579208878e+00
1.236391751134684025e+00
1.763547499123245599e+00
0.000000000000000000e+00
7.180841462690396027e-01
3.130030070756327554e+00
2.224848398386544968e-01
1.143721812747708455e+00
2.715904682254450808e-01
6.425684020079291958e-02
1.343947195031568176e-01
0.000000000000000000e+00
1.323866617390480505e+00
1.231892585954101893e+00
1.569761915379214834e+00
1.247020932327217446e+00
8.553811546665533727e-02
6.174773298751443651e-01
1.559581938656139644e-01
0.000000000000000000e+00
1.208428444270605251e+00
2.382622221983176303e+00
1.743181417822750934e+00
4.188865269109506850e-02
0.000000000000000000e+00
0.000000000000000000e+00
1.476594643404054885e+00
1.202177035850588105e+00
3.406464223695055971e-01
0.000000000000000000e+00
3.124709405494512926e-01
0.000000000000000000e+00
1.194568131835619162e+00
2.255244218441093906e+00
2.361197256977787262e+00
1.177065224674913368e+00
1.265222022584115313e+00
