# Ensemble D, m = 50.0, c_n/c_p = 0.832258064516, f = -0.97
# lambda = [  5.17411911e-09  -4.17701629e-09   0.00000000e+00   1.04685896e-09]
#  
0.000000000000000000e+00
3.695651978625221767e-01
0.000000000000000000e+00
2.726197552456897100e+00
1.653445950529482733e+00
3.751628554974840712e-01
0.000000000000000000e+00
0.000000000000000000e+00
1.623407950079853723e+00
8.531065082081289441e-01
8.678032750190496358e-01
3.460457093004946916e-02
5.194918617058015275e-01
0.000000000000000000e+00
0.000000000000000000e+00
1.811349119251353113e+00
1.135464063920760269e+00
1.966416898843507788e+00
1.154538107917642442e+00
6.022892970439365223e-01
1.272958661720003937e+00
2.748779534308231298e+00
9.490437809443846850e-01
0.000000000000000000e+00
6.172552788931243706e-01
1.309840765721376865e+00
1.369950623013007629e+00
1.279693166046199204e+00
6.450834715015586474e-01
1.193518050595927971e+00
0.000000000000000000e+00
1.755137681110563674e+00
4.457192094985393815e-01
4.007134451153634425e-01
1.157534465461608875e+00
0.000000000000000000e+00
1.689978693399423193e+00
7.777597367215158819e-01
1.098515492539584359e+00
1.360930550803869377e+00
4.325213415318968635e-01
9.008478105678173753e-01
1.631514624515873813e+00
4.387485940445591814e-01
6.782289317312873989e-01
4.324472309903477640e-01
2.569338484501379583e+00
0.000000000000000000e+00
6.028918728031397167e-01
3.251778685449042694e-01
4.149725809040060581e-02
1.039822950280550717e+00
0.000000000000000000e+00
1.636705154617730251e+00
0.000000000000000000e+00
4.609486913544192932e-01
9.026904209754063046e-01
0.000000000000000000e+00
2.260995711682578957e+00
0.000000000000000000e+00
2.099949191664342685e+00
1.315943668711449188e+00
0.000000000000000000e+00
8.623740227476553999e-01
0.000000000000000000e+00
2.326601697775519673e-01
0.000000000000000000e+00
0.000000000000000000e+00
0.000000000000000000e+00
5.523863680221425820e-01
5.612461614020081146e-01
1.367486196698449064e+00
1.475698176690273256e+00
0.000000000000000000e+00
1.327975663984962473e+00
1.208904424760450347e+00
0.000000000000000000e+00
5.764660492964774896e-01
4.811691790238951105e-01
0.000000000000000000e+00
1.021162027778143466e+00
1.777663715653024223e-01
0.000000000000000000e+00
5.381841634796736065e-03
2.341618583519946117e+00
2.084263050620559499e-01
2.079002489676569088e+00
0.000000000000000000e+00
1.082765955093357158e-01
2.299719915731025712e-03
1.232460096219347268e+00
2.280099910007023389e+00
5.414844977510909763e-01
0.000000000000000000e+00
0.000000000000000000e+00
1.721690084206554117e+00
0.000000000000000000e+00
0.000000000000000000e+00
2.164680979154654406e+00
1.687481242589125296e-01
