# Ensemble D, m = 50.0, c_n/c_p = 0.664516129032, f = -0.992173913043
# lambda = [  1.27089009e-08  -8.37917625e-09   0.00000000e+00   1.05450703e-09]
#  
9.134221045061852173e-01
8.450597831552072448e-01
0.000000000000000000e+00
1.467830776368033607e+00
0.000000000000000000e+00
3.215271609245683448e-01
1.025041202910888627e+00
1.251443856680924283e+00
0.000000000000000000e+00
1.396928295330455372e+00
1.146443131553396944e+00
1.172716406825836444e+00
2.862391577602508286e-01
6.348996156310307004e-01
1.286902420882708675e+00
2.044941570379754658e+00
2.141395884246811487e+00
1.455175655271829349e+00
1.044195114460407137e+00
4.164747722206104674e-01
1.502285312136607542e+00
0.000000000000000000e+00
5.070764929087263617e-01
3.843261796286777110e-01
0.000000000000000000e+00
0.000000000000000000e+00
2.394145255982480514e+00
5.036266046299197052e-01
2.924983214132449438e-01
5.698228754604489632e-01
6.149509836649875716e-01
7.367509562038383475e-01
1.281173054495955643e+00
1.514440916640048540e+00
1.928975409993143986e+00
3.733269384715995343e-01
1.250101379411156621e+00
0.000000000000000000e+00
1.469766464725914101e+00
7.597595440473660089e-01
5.453334759876001803e-01
0.000000000000000000e+00
1.025921514700115278e+00
5.535101022606031540e-01
2.513586505080066313e+00
4.254280856265068023e-01
1.749911173909113105e+00
0.000000000000000000e+00
5.094715470085809939e-01
1.579717246591955782e+00
1.075288015215174253e+00
6.300572438598214253e-01
2.238040727691641418e+00
0.000000000000000000e+00
2.968551057415895755e+00
6.239361680756775330e-01
1.356573417234352430e+00
9.549941983497660658e-01
0.000000000000000000e+00
5.779124527755161722e-01
3.472130984684005384e-01
1.429564705130276003e+00
1.654965814251086798e+00
2.489189361435136139e+00
2.260417798241191267e+00
1.181067328262970451e+00
0.000000000000000000e+00
9.331691020632117972e-01
1.248781067125868560e+00
1.811616035995723850e+00
7.251333454188155780e-01
6.142582913802547839e-01
0.000000000000000000e+00
0.000000000000000000e+00
6.367713170469799788e-01
2.264600960206387015e+00
1.231738840791606560e+00
5.094991510718696048e-01
2.266488467742561463e-01
2.055963435714443399e+00
7.833184058291736696e-01
1.330254355747794714e-01
0.000000000000000000e+00
1.824185732846161034e+00
1.871995781852063168e+00
2.759714989688449194e+00
5.231631451501121965e-01
0.000000000000000000e+00
2.499287129984835987e-01
3.334672816447553090e-01
1.189287480618167248e+00
9.036249210002569310e-01
2.100412239356208299e-01
9.493163275612580554e-01
4.389680292553094776e-01
1.514750311444455821e+00
1.647564018765953708e+00
0.000000000000000000e+00
1.254869695124782414e+00
4.953255088522541261e-01
