# Ensemble D, m = 50.0, lambda = [  4.91826327e-09  -3.38580496e-09   0.00000000e+00   1.18010824e-09]
2.374740828926872049e-01
0.000000000000000000e+00
0.000000000000000000e+00
1.291621006511202374e+00
8.108941621456804139e-02
0.000000000000000000e+00
1.414797469333248792e-01
1.168175405793523636e+00
0.000000000000000000e+00
2.431985594227301373e-01
0.000000000000000000e+00
5.231294586159842414e-02
0.000000000000000000e+00
9.294644600310600357e-02
4.765513889958272742e-01
2.125377563813425130e+00
0.000000000000000000e+00
3.065736193090933814e-01
0.000000000000000000e+00
1.259749042435043043e+00
0.000000000000000000e+00
2.224181339465577251e-02
0.000000000000000000e+00
0.000000000000000000e+00
0.000000000000000000e+00
7.791499305011672094e-01
1.203975323370483075e+00
0.000000000000000000e+00
0.000000000000000000e+00
5.791062891202475305e-02
0.000000000000000000e+00
3.873236598587163626e-01
0.000000000000000000e+00
1.356726171489710087e+00
1.588926247199990982e+00
1.099098954704778919e+00
2.215288805075365467e-03
1.023974607824405858e+00
2.471038949500391768e-01
8.169566758448167099e-02
0.000000000000000000e+00
9.586436722222138607e-02
5.163378889932257465e-01
5.596758826289667255e-01
1.142430279092258694e+00
5.841775534964210176e-02
1.102485230229131030e+00
0.000000000000000000e+00
0.000000000000000000e+00
1.343172313304949572e+00
1.443251761968860292e+00
1.816995465176500790e+00
3.872486204203638982e-01
0.000000000000000000e+00
0.000000000000000000e+00
0.000000000000000000e+00
3.329944082385196125e-01
0.000000000000000000e+00
0.000000000000000000e+00
5.490417642751097560e-01
0.000000000000000000e+00
1.145503856383095043e+00
5.674317278574133594e-01
7.488264249496672242e-01
8.454059499909784281e-02
2.211575832579578904e+00
0.000000000000000000e+00
1.741093931335034595e-02
0.000000000000000000e+00
4.823881147630626476e-01
2.023722741036656884e-03
7.931684820532135527e-01
1.529883735218275254e+00
1.089622847659451388e+00
0.000000000000000000e+00
6.099149175784150945e-01
0.000000000000000000e+00
2.092015040835642613e-03
1.081106398997900619e+00
2.140822236670998802e+00
0.000000000000000000e+00
0.000000000000000000e+00
0.000000000000000000e+00
1.537322934197466351e+00
1.197144438768075287e-03
0.000000000000000000e+00
1.463181167053473786e+00
1.298623393134489046e+00
2.168145985353254979e+00
4.505947054834719689e-01
4.138430327329745695e-01
0.000000000000000000e+00
0.000000000000000000e+00
0.000000000000000000e+00
8.295507729175803924e-01
1.145682514724139400e+00
0.000000000000000000e+00
0.000000000000000000e+00
4.636496614260482430e-02
0.000000000000000000e+00
