# Ensemble D, m = 50.0, c_n/c_p = 0.81935483871, f = -0.975217391304
# lambda = [  5.73814748e-09  -4.58506152e-09   0.00000000e+00   1.04021878e-09]
#  
1.169560052097079028e+00
0.000000000000000000e+00
9.666809816892616425e-01
1.419713005454343868e+00
0.000000000000000000e+00
6.773526220939144471e-01
7.336305856195620700e-01
2.901112619883142729e-01
1.869785744505666036e+00
2.715989854409662785e-01
1.086544059561083575e+00
0.000000000000000000e+00
3.619902844383398044e-01
1.505538270488484265e-01
9.582402485843350970e-01
4.990828114245822733e-01
7.096691419408069912e-01
2.114295643834394056e+00
0.000000000000000000e+00
0.000000000000000000e+00
1.757498932573692940e+00
1.232575166796057609e+00
2.290758415388869859e-02
1.294678385116948549e+00
0.000000000000000000e+00
1.703699721619904128e+00
1.483786901325173935e-01
8.519412458690471812e-01
0.000000000000000000e+00
3.189117021909073091e-01
2.134856939418028898e-01
7.758070418281647340e-01
7.308257371874503638e-01
6.348383499630286773e-03
7.619123034424385432e-01
2.560995752532168046e-01
6.192453019294272831e-01
5.404044447882369595e-02
1.160049643747022241e+00
2.272594611155497324e-01
0.000000000000000000e+00
0.000000000000000000e+00
4.430051930863668219e-01
1.347820588045218482e-01
0.000000000000000000e+00
1.778131632723828570e+00
5.489846216080975783e-01
0.000000000000000000e+00
7.868037420739718568e-01
2.177408753533328412e+00
1.357309042716647651e+00
0.000000000000000000e+00
7.209550979870146259e-01
8.594820613534966958e-01
1.799933908671014882e+00
6.252715020464545415e-01
0.000000000000000000e+00
9.669292810006487049e-02
3.224120609894387535e-01
5.003450237096699338e-01
2.593311529382826275e-01
0.000000000000000000e+00
1.713372913195472913e+00
2.956112216168776952e-01
1.425218983586687971e+00
6.832543268396484848e-01
0.000000000000000000e+00
5.140118882252756594e-01
0.000000000000000000e+00
0.000000000000000000e+00
0.000000000000000000e+00
4.142483215812424180e-01
0.000000000000000000e+00
1.044318267109969778e+00
0.000000000000000000e+00
0.000000000000000000e+00
1.555700082996455791e+00
1.834914132020683430e+00
0.000000000000000000e+00
0.000000000000000000e+00
0.000000000000000000e+00
1.851189495732010609e-02
2.097755215543334995e+00
1.850509240677867817e+00
0.000000000000000000e+00
1.923503435382734050e+00
2.851432550238058306e-01
0.000000000000000000e+00
1.641012696129726223e+00
0.000000000000000000e+00
5.741812425491311656e-01
9.097922440158195956e-01
1.026431576566596698e-01
0.000000000000000000e+00
1.735678875740488625e+00
2.786835034133060551e-01
0.000000000000000000e+00
2.023131823301050680e+00
0.000000000000000000e+00
0.000000000000000000e+00
