# Ensemble D, m = 50.0, lambda = [  6.78767551e-09  -5.90445660e-09   0.00000000e+00   2.95499933e-10]
1.452206973018555836e+00
8.812241688063106038e-01
6.006058098156168840e-02
0.000000000000000000e+00
0.000000000000000000e+00
0.000000000000000000e+00
1.457576979043918142e+00
6.612782160762222805e-01
0.000000000000000000e+00
2.736797252607892639e-01
2.755747548679766012e+00
2.384017018997049320e+00
2.369271676253362990e+00
0.000000000000000000e+00
0.000000000000000000e+00
0.000000000000000000e+00
2.744791670312718979e-01
0.000000000000000000e+00
1.960426921263772826e+00
0.000000000000000000e+00
1.861419726812867381e+00
8.414022735503621231e-01
4.860632019672823101e-01
0.000000000000000000e+00
1.455371603775774125e-01
0.000000000000000000e+00
1.589230008159935315e+00
0.000000000000000000e+00
6.452033984016709578e-01
5.602131403512888679e-03
0.000000000000000000e+00
0.000000000000000000e+00
0.000000000000000000e+00
2.772379419999628225e-01
0.000000000000000000e+00
0.000000000000000000e+00
0.000000000000000000e+00
0.000000000000000000e+00
6.335324881084369864e-01
1.062633435152752354e-01
3.728774265518041697e-01
0.000000000000000000e+00
5.822591361884568162e-01
0.000000000000000000e+00
2.053797823988371185e+00
2.216127085608183389e+00
0.000000000000000000e+00
6.555010835019100535e-01
0.000000000000000000e+00
0.000000000000000000e+00
0.000000000000000000e+00
0.000000000000000000e+00
0.000000000000000000e+00
0.000000000000000000e+00
0.000000000000000000e+00
1.302686159199275107e+00
0.000000000000000000e+00
9.309716795782848470e-03
1.104248239175081338e-02
0.000000000000000000e+00
9.240850884959287415e-01
0.000000000000000000e+00
0.000000000000000000e+00
1.630565721888310948e+00
0.000000000000000000e+00
0.000000000000000000e+00
0.000000000000000000e+00
0.000000000000000000e+00
0.000000000000000000e+00
3.614199621691264186e-01
1.018696290811263783e+00
5.999832203581720869e-01
0.000000000000000000e+00
0.000000000000000000e+00
0.000000000000000000e+00
3.767561436511145390e-01
0.000000000000000000e+00
0.000000000000000000e+00
0.000000000000000000e+00
0.000000000000000000e+00
0.000000000000000000e+00
3.425607196171581714e-01
0.000000000000000000e+00
1.986202180943174911e+00
1.483991541873825426e+00
0.000000000000000000e+00
3.791891321150254734e-01
1.141925883989691304e+00
0.000000000000000000e+00
5.072929470739970803e-01
3.769206189338225044e-01
0.000000000000000000e+00
8.320615140864621173e-01
0.000000000000000000e+00
1.480174279425959361e+00
0.000000000000000000e+00
0.000000000000000000e+00
0.000000000000000000e+00
0.000000000000000000e+00
0.000000000000000000e+00
