# Ensemble D, m = 50.0, lambda = [  6.44710913e-09  -5.49054531e-09   0.00000000e+00   6.76261652e-10]
1.124449198386680282e-01
2.763234048091223194e+00
0.000000000000000000e+00
1.954181418936457693e+00
1.766792703257870079e+00
1.051931763819650006e-01
2.229449692116348414e-01
1.388231059382271981e+00
1.008068713674405981e+00
0.000000000000000000e+00
2.670543429061085661e+00
0.000000000000000000e+00
0.000000000000000000e+00
0.000000000000000000e+00
0.000000000000000000e+00
0.000000000000000000e+00
1.139682037384836200e+00
1.999959283190358761e+00
1.584675668470408194e+00
0.000000000000000000e+00
8.327517119827010372e-01
2.936066535272528810e+00
0.000000000000000000e+00
2.300691501904369163e-01
9.580150914851220945e-01
7.280698809493389989e-01
0.000000000000000000e+00
1.564462183340402213e+00
1.089707755781938792e+00
2.694020528217228594e-01
2.165742061137356234e-01
1.538971844234771957e+00
0.000000000000000000e+00
2.343765001773630563e-01
0.000000000000000000e+00
1.514683522942449345e+00
1.184265384012155309e+00
1.293991832120002572e+00
1.456801314802795844e+00
0.000000000000000000e+00
0.000000000000000000e+00
8.838040866762676417e-01
2.413379979967158473e+00
9.707232604366585749e-01
0.000000000000000000e+00
9.674974505140661041e-01
0.000000000000000000e+00
0.000000000000000000e+00
8.805300112048725092e-01
1.956057498118037585e-01
9.571275369253445797e-01
0.000000000000000000e+00
0.000000000000000000e+00
1.345068809789144559e+00
1.052089656857543160e-01
1.743192314687815880e+00
0.000000000000000000e+00
1.866617417305714843e+00
0.000000000000000000e+00
7.520364483818118284e-01
0.000000000000000000e+00
3.870695869148090690e-02
9.206033240672911733e-01
0.000000000000000000e+00
0.000000000000000000e+00
1.284124725212015150e+00
1.295756250708829826e+00
6.311470064983596417e-01
0.000000000000000000e+00
9.608511945302150581e-01
0.000000000000000000e+00
0.000000000000000000e+00
5.077374579571289903e-01
7.731789244636904090e-01
0.000000000000000000e+00
9.386816843927699994e-01
6.431338576644219929e-01
5.155346526694063458e-01
0.000000000000000000e+00
5.311821488294532490e-02
5.087553818165626573e-01
1.744594310068829479e+00
1.587331585630919140e+00
1.324309337969381550e+00
3.487692764054439176e-01
0.000000000000000000e+00
5.958739287665976159e-02
1.552728963191503109e+00
0.000000000000000000e+00
6.235637867180551241e-01
0.000000000000000000e+00
8.451070267810432135e-01
5.736033910421919346e-01
1.530011620950602946e+00
7.715865591842763216e-01
6.401304701907729600e-01
2.424448256517959255e+00
5.337978857260479160e-01
1.212590434455330879e+00
0.000000000000000000e+00
