# Ensemble D, m = 50.0, lambda = [  6.79509507e-09  -3.98022694e-09   0.00000000e+00   8.83282317e-10]
0.000000000000000000e+00
7.091382077165323851e-03
0.000000000000000000e+00
1.089088385709670481e+00
0.000000000000000000e+00
0.000000000000000000e+00
0.000000000000000000e+00
0.000000000000000000e+00
1.435892065864487144e+00
5.966135339470891585e-01
0.000000000000000000e+00
0.000000000000000000e+00
0.000000000000000000e+00
1.598136408377557327e-01
1.816595285809064209e-01
4.568766729116269243e-01
0.000000000000000000e+00
0.000000000000000000e+00
0.000000000000000000e+00
4.547353694155160664e-01
0.000000000000000000e+00
4.780215551703385218e-02
1.268154965640431620e+00
1.390906008053754306e+00
6.281029139030041009e-01
1.262551614586902460e+00
0.000000000000000000e+00
0.000000000000000000e+00
0.000000000000000000e+00
5.754315899238680865e-02
0.000000000000000000e+00
0.000000000000000000e+00
0.000000000000000000e+00
0.000000000000000000e+00
0.000000000000000000e+00
1.141088159187124251e+00
1.005068915089954773e+00
1.012731302814347867e+00
1.233538784978701619e+00
3.121874628534558882e-01
7.858109698217886629e-01
8.017134815339359566e-01
1.527483639246852487e+00
7.733007306329707786e-01
0.000000000000000000e+00
0.000000000000000000e+00
7.090585546017883628e-03
1.050857466908520221e+00
1.601027382617699335e-01
1.046849789257344510e+00
0.000000000000000000e+00
0.000000000000000000e+00
1.480985200637053023e-01
1.983599298577609193e+00
5.394439222310862952e-02
2.124904064224574896e+00
0.000000000000000000e+00
4.965660552753565771e-01
0.000000000000000000e+00
0.000000000000000000e+00
0.000000000000000000e+00
1.428798672260135572e+00
6.404383454776800821e-01
1.440639307712666684e+00
0.000000000000000000e+00
0.000000000000000000e+00
0.000000000000000000e+00
0.000000000000000000e+00
2.247455669131087852e+00
5.652307216507780341e-01
8.912115703217744489e-01
1.678995843695844314e+00
1.050644058462245178e+00
0.000000000000000000e+00
0.000000000000000000e+00
1.605506136071051193e+00
4.868412002106414782e-01
0.000000000000000000e+00
1.313086038784950782e+00
7.593991999780429492e-01
1.023257056437192558e+00
3.182784350962155062e-01
6.701116849235292383e-01
0.000000000000000000e+00
1.057264077484700193e+00
1.572346686845328412e+00
9.953553930037215558e-01
2.744606578157496868e-01
0.000000000000000000e+00
3.577566404885539758e-02
0.000000000000000000e+00
0.000000000000000000e+00
0.000000000000000000e+00
0.000000000000000000e+00
1.083474687802089331e+00
1.037921377177095428e+00
0.000000000000000000e+00
4.343666072577585524e-01
2.937119093375744616e-01
1.290730896359170821e+00
