# Ensemble D, m = 50.0, c_n/c_p = 0.909677419355, f = -0.996086956522
# lambda = [  5.37105763e-09  -4.86681099e-09   0.00000000e+00   4.31811587e-10]
#  
0.000000000000000000e+00
0.000000000000000000e+00
0.000000000000000000e+00
8.811023023748411065e-01
1.168910116541563293e-01
0.000000000000000000e+00
1.612114653309822287e+00
0.000000000000000000e+00
0.000000000000000000e+00
1.389368659831451969e-01
1.369569890265678769e+00
9.481360153288974635e-01
0.000000000000000000e+00
1.768465020419668132e+00
0.000000000000000000e+00
0.000000000000000000e+00
1.753826564389008968e+00
0.000000000000000000e+00
6.746395213078395514e-01
0.000000000000000000e+00
9.280848390140717871e-03
2.110762600533794942e+00
0.000000000000000000e+00
0.000000000000000000e+00
0.000000000000000000e+00
0.000000000000000000e+00
4.680504073526289832e-01
7.116053856747107942e-02
4.418651310795077558e-01
9.351042928994955997e-03
0.000000000000000000e+00
3.916925714315898366e-02
0.000000000000000000e+00
5.675424636941891476e-01
1.884004086578463077e+00
0.000000000000000000e+00
0.000000000000000000e+00
2.030209798183737202e-01
1.644258506487804361e+00
7.335687871836723550e-01
2.181492784526655737e-01
1.401072867783144105e+00
1.384715127406720321e-02
4.804763186853744372e-01
3.636550250213911317e-01
0.000000000000000000e+00
1.175609470371126397e+00
4.877085884257694737e-01
1.580039406065098184e+00
0.000000000000000000e+00
0.000000000000000000e+00
1.217438380545883048e+00
0.000000000000000000e+00
0.000000000000000000e+00
0.000000000000000000e+00
0.000000000000000000e+00
0.000000000000000000e+00
4.638496213570282856e-01
0.000000000000000000e+00
0.000000000000000000e+00
0.000000000000000000e+00
4.877213915320313675e-01
0.000000000000000000e+00
1.076603079552615583e+00
0.000000000000000000e+00
0.000000000000000000e+00
1.835456183871124747e+00
1.352558374803635610e+00
0.000000000000000000e+00
0.000000000000000000e+00
0.000000000000000000e+00
2.761049051758681771e-03
0.000000000000000000e+00
1.284742936957977699e+00
1.473781768734991615e-01
0.000000000000000000e+00
0.000000000000000000e+00
0.000000000000000000e+00
6.699967626602932116e-03
5.234409535481688858e-01
0.000000000000000000e+00
7.582843814380313407e-01
1.478381010375148907e+00
0.000000000000000000e+00
1.644485062793037855e+00
0.000000000000000000e+00
2.933413030462254101e-01
8.743074140092415014e-01
1.038799490546111981e+00
0.000000000000000000e+00
3.893841391975059185e-01
5.863420987236367399e-01
0.000000000000000000e+00
8.467059805924158633e-01
0.000000000000000000e+00
6.075672446111985980e-01
0.000000000000000000e+00
0.000000000000000000e+00
5.982005312338880554e-01
0.000000000000000000e+00
