# Ensemble D, m = 50.0, c_n/c_p = 0.6, f = -0.94
# lambda = [  4.79464274e-09  -2.70417851e-09   0.00000000e+00   9.81485738e-10]
#  
1.646130646953823051e+00
2.445890601225636729e+00
1.199792483303468327e+00
1.244896481286015488e+00
0.000000000000000000e+00
0.000000000000000000e+00
1.483785954135215190e+00
1.492645743801709557e+00
0.000000000000000000e+00
1.717324065768341512e+00
1.227664463176763920e+00
0.000000000000000000e+00
1.015141629570252557e-01
1.809046095093873374e+00
0.000000000000000000e+00
0.000000000000000000e+00
0.000000000000000000e+00
0.000000000000000000e+00
1.622408168518902905e-01
8.958111901010835654e-01
1.732913313731381244e-01
7.205421549375065071e-01
0.000000000000000000e+00
1.004490899140808136e+00
0.000000000000000000e+00
1.139095858007040718e+00
0.000000000000000000e+00
0.000000000000000000e+00
1.418433341114295310e+00
0.000000000000000000e+00
5.031304242531641213e-01
7.565923687062440228e-01
0.000000000000000000e+00
9.652726606316378577e-01
0.000000000000000000e+00
7.977666227642221664e-01
0.000000000000000000e+00
1.435207748381605253e+00
5.145353850013377750e-01
2.517155855577714263e+00
0.000000000000000000e+00
8.370882852432780241e-02
0.000000000000000000e+00
7.506633779228182313e-01
1.169169940618139503e+00
0.000000000000000000e+00
1.158476958281221859e-02
3.491190936333043449e-01
4.306004830754312507e-01
0.000000000000000000e+00
1.046765311733725889e+00
0.000000000000000000e+00
0.000000000000000000e+00
1.585462186855848832e-01
0.000000000000000000e+00
0.000000000000000000e+00
0.000000000000000000e+00
1.061039984088380184e+00
6.064617631408387721e-01
0.000000000000000000e+00
1.164298138189476806e+00
7.553980460117667439e-01
0.000000000000000000e+00
9.198951292493742216e-01
1.038569190142369258e+00
0.000000000000000000e+00
7.615422741134444395e-01
7.878139877328191876e-01
2.725048495126947690e-01
0.000000000000000000e+00
0.000000000000000000e+00
0.000000000000000000e+00
0.000000000000000000e+00
6.479730806674531829e-01
2.028265873813552389e+00
0.000000000000000000e+00
7.989034067142019024e-01
2.213901475174480660e-01
0.000000000000000000e+00
1.549254245511178407e+00
0.000000000000000000e+00
0.000000000000000000e+00
6.678488262247830320e-01
0.000000000000000000e+00
7.638963596880445073e-02
0.000000000000000000e+00
0.000000000000000000e+00
3.083415847062211945e-01
8.488527887803656857e-02
0.000000000000000000e+00
3.882110971328105870e-03
0.000000000000000000e+00
3.589326005167726708e-01
0.000000000000000000e+00
0.000000000000000000e+00
0.000000000000000000e+00
1.279545184198862096e+00
0.000000000000000000e+00
1.614499705693483556e+00
1.228126707599132672e+00
