# Ensemble D, m = 50.0, lambda = [  4.89604064e-09  -3.85686165e-09   0.00000000e+00   1.10340805e-09]
8.539660132258103387e-01
1.220456219288791111e+00
1.655505815010273052e+00
1.411516760991192165e-01
3.941212641466859123e-01
0.000000000000000000e+00
6.895338563155734013e-01
1.679720008129991671e+00
1.024919832701369771e+00
0.000000000000000000e+00
1.688147458236040288e+00
0.000000000000000000e+00
0.000000000000000000e+00
0.000000000000000000e+00
1.362145060043270739e+00
0.000000000000000000e+00
0.000000000000000000e+00
0.000000000000000000e+00
5.988130412250650680e-01
0.000000000000000000e+00
0.000000000000000000e+00
0.000000000000000000e+00
0.000000000000000000e+00
4.957278096413327284e-01
1.783535366679393830e+00
2.315550913335343575e-01
1.295940278352664343e+00
1.056896633636484895e+00
0.000000000000000000e+00
1.427586190125557764e+00
0.000000000000000000e+00
6.517494114173524311e-01
0.000000000000000000e+00
6.998226165522353215e-01
5.496707699820869708e-01
0.000000000000000000e+00
0.000000000000000000e+00
1.697971493783387187e+00
0.000000000000000000e+00
1.013344373000879317e+00
0.000000000000000000e+00
3.922652264398781008e-01
0.000000000000000000e+00
0.000000000000000000e+00
8.845834068989767429e-01
3.437047885350384968e-01
3.334424522392447771e-02
3.539589930270418128e-01
2.110305346497955092e+00
0.000000000000000000e+00
0.000000000000000000e+00
1.457896575563044639e+00
8.947429505617322532e-01
6.639256072227599503e-01
1.677940810139949779e+00
5.409820013308640485e-01
0.000000000000000000e+00
3.860318023624709771e-01
1.006959286561501576e+00
9.234248751888822770e-01
3.280008143857203073e+00
0.000000000000000000e+00
6.789844009675359837e-01
0.000000000000000000e+00
1.168305011046653519e+00
0.000000000000000000e+00
0.000000000000000000e+00
4.666476728755760556e-02
9.669274162355078195e-01
1.676009513664563633e+00
1.032533826111007302e+00
8.839076082682442159e-01
2.916882564391714006e+00
0.000000000000000000e+00
2.290772156788909164e-01
0.000000000000000000e+00
3.303098367420442827e-01
8.142382913285202140e-01
2.389403923043209144e+00
1.424169050139893589e+00
4.831106513541034153e-01
4.297093028707530404e-01
1.092291988171965489e+00
0.000000000000000000e+00
3.657040029803107495e-01
0.000000000000000000e+00
0.000000000000000000e+00
0.000000000000000000e+00
0.000000000000000000e+00
7.756810482169463894e-01
0.000000000000000000e+00
7.380364739260635298e-01
0.000000000000000000e+00
0.000000000000000000e+00
0.000000000000000000e+00
1.591605786984657378e+00
6.717525887438938748e-01
2.802623041240853707e-01
0.000000000000000000e+00
0.000000000000000000e+00
