# Ensemble D, m = 50.0, c_n/c_p = 0.935483870968, f = -0.961428571429
# lambda = [  3.63930534e-09  -3.27319458e-09   0.00000000e+00   9.36426962e-10]
#  
0.000000000000000000e+00
0.000000000000000000e+00
0.000000000000000000e+00
7.418579693954555632e-01
2.106978879066334909e-01
1.590080255822968303e+00
9.665666238888216341e-03
8.211667342713302453e-01
0.000000000000000000e+00
5.114650833544704955e-01
0.000000000000000000e+00
1.143395672504569527e+00
1.495584518654286210e+00
0.000000000000000000e+00
6.161660255670879938e-01
1.043928099063581083e+00
1.089342380561047152e+00
8.147931966580400642e-01
8.179375213475071904e-01
1.342697656183645429e-02
3.709846798230993503e-01
0.000000000000000000e+00
1.620932332989514779e-01
0.000000000000000000e+00
0.000000000000000000e+00
0.000000000000000000e+00
1.663658556013501766e+00
1.110272510939256385e+00
8.984824121596518554e-01
0.000000000000000000e+00
5.638873252912134787e-03
6.274262028343009501e-01
0.000000000000000000e+00
0.000000000000000000e+00
6.416899292707532731e-02
0.000000000000000000e+00
3.685894693037224112e-02
1.310645607017635772e+00
1.107272092327140217e-01
1.018604288450457446e-01
8.822103272649016725e-01
0.000000000000000000e+00
1.104445916870609445e-01
6.352582206970591727e-01
0.000000000000000000e+00
0.000000000000000000e+00
1.865674999735052464e-01
0.000000000000000000e+00
9.296563443606157273e-01
4.731722179353961208e-03
0.000000000000000000e+00
0.000000000000000000e+00
1.230256915858534583e+00
0.000000000000000000e+00
0.000000000000000000e+00
1.258456290757828722e+00
0.000000000000000000e+00
5.240994751774507021e-01
0.000000000000000000e+00
1.826214353811927094e+00
0.000000000000000000e+00
0.000000000000000000e+00
5.314430951222228749e-01
4.110796672724782441e-01
1.477619139895415268e+00
0.000000000000000000e+00
1.131947912692770952e+00
1.355630116345885927e+00
0.000000000000000000e+00
0.000000000000000000e+00
0.000000000000000000e+00
6.583881898075987227e-01
7.657761031199775692e-01
5.774218619823708876e-01
8.450975099616078179e-01
0.000000000000000000e+00
1.184804265251247823e+00
0.000000000000000000e+00
0.000000000000000000e+00
0.000000000000000000e+00
0.000000000000000000e+00
1.599712918253229033e+00
1.844387281177572654e-02
0.000000000000000000e+00
1.330994172281904753e+00
1.677085507664877628e+00
1.297351136903819313e+00
0.000000000000000000e+00
0.000000000000000000e+00
7.920642330485317961e-01
0.000000000000000000e+00
0.000000000000000000e+00
1.411099801262119202e+00
0.000000000000000000e+00
0.000000000000000000e+00
0.000000000000000000e+00
0.000000000000000000e+00
3.438539570111629473e-01
7.465441275543587274e-01
1.000424522378507319e+00
