# Ensemble D, m = 50.0, c_n/c_p = 0.987096774194, f = -0.944285714286
# lambda = [  2.96550476e-09  -2.76415109e-09   0.00000000e+00   9.63433370e-10]
#  
4.609984316116146341e-01
6.740364166659803535e-01
4.987457696307084909e-01
1.317491898289737451e+00
0.000000000000000000e+00
3.551607091689465978e-01
0.000000000000000000e+00
3.931016907826043183e-01
4.603820834410946583e-01
0.000000000000000000e+00
4.632425938208763888e-02
4.230790313550309434e-01
9.986880237988394748e-01
1.224575477649515243e+00
4.339370502940936292e-01
1.016333706351950417e+00
3.583134789351897775e-01
0.000000000000000000e+00
0.000000000000000000e+00
2.288020709204744985e-01
2.781465750017573679e+00
4.106938705089592245e-01
8.402997006756448561e-01
0.000000000000000000e+00
0.000000000000000000e+00
0.000000000000000000e+00
9.630718255603658573e-01
0.000000000000000000e+00
5.868037874927427566e-01
5.002278758558654781e-01
5.224509191060839886e-01
6.095842942900570050e-01
1.424696166342554360e+00
0.000000000000000000e+00
1.857354628203203850e-01
3.500850445695048024e-02
0.000000000000000000e+00
4.104263226085723693e-01
0.000000000000000000e+00
0.000000000000000000e+00
0.000000000000000000e+00
6.477151343227626201e-01
1.003677444542678543e-01
0.000000000000000000e+00
9.885524393403007926e-01
5.100790535862887928e-03
6.110123512947779334e-01
0.000000000000000000e+00
1.550785846039596516e-01
0.000000000000000000e+00
0.000000000000000000e+00
2.343156880932425468e-01
0.000000000000000000e+00
0.000000000000000000e+00
0.000000000000000000e+00
6.142410575088950164e-01
0.000000000000000000e+00
4.646701313478359130e-01
1.242497474295781279e+00
9.612796435370892789e-01
1.720074876807636377e+00
0.000000000000000000e+00
6.931203894070337990e-01
2.778115295205200175e-01
0.000000000000000000e+00
9.148704378489883604e-01
1.215315824020282154e+00
8.878933382807229213e-01
0.000000000000000000e+00
1.690597735634176813e+00
6.054504356851805325e-01
0.000000000000000000e+00
9.532341129959524817e-02
1.560752958291089953e+00
0.000000000000000000e+00
1.266322207068684147e+00
1.706510909634474105e-01
3.225821487421021150e-01
0.000000000000000000e+00
0.000000000000000000e+00
6.331236394986821114e-01
6.799458340335394757e-01
0.000000000000000000e+00
1.036893368885570821e+00
1.667291698096377839e-02
0.000000000000000000e+00
1.116564855092667119e-01
0.000000000000000000e+00
2.850421626861557867e-01
0.000000000000000000e+00
0.000000000000000000e+00
4.575124374630280544e-01
0.000000000000000000e+00
0.000000000000000000e+00
0.000000000000000000e+00
7.020543494585029798e-01
0.000000000000000000e+00
0.000000000000000000e+00
5.124056432767756797e-02
7.832285921452152300e-01
