# Ensemble D, m = 50.0, lambda = [  8.07973385e-09  -5.99216520e-09   0.00000000e+00   1.13599610e-09]
8.939091165365128377e-01
1.948366532215002334e+00
1.348176926837977962e+00
0.000000000000000000e+00
0.000000000000000000e+00
1.330685664878078229e-03
1.428111830530789828e+00
1.221213454314397984e+00
0.000000000000000000e+00
2.898777105463224757e+00
0.000000000000000000e+00
1.889417498720400435e+00
0.000000000000000000e+00
1.410324060248003164e+00
1.841048521809532268e+00
0.000000000000000000e+00
2.108657120279857189e+00
1.056202753452480936e+00
1.244379131401651239e+00
0.000000000000000000e+00
1.659118386988092331e+00
2.254088772446923628e+00
4.541403914360214733e-01
1.303635123523034567e+00
2.810648424223174402e-01
3.584033746961290845e+00
1.888653641463270860e+00
2.725942509111136669e+00
1.327983288365846448e+00
9.094315305596700760e-01
1.512418266911855325e+00
0.000000000000000000e+00
2.421230619117660521e-01
2.543051950862334376e+00
1.486281440273363064e+00
1.161186882223108618e+00
0.000000000000000000e+00
0.000000000000000000e+00
3.088346429793572753e-03
0.000000000000000000e+00
1.431359481716325988e+00
1.463844736422173387e+00
0.000000000000000000e+00
0.000000000000000000e+00
1.908947540981197122e+00
8.372321530363515674e-01
0.000000000000000000e+00
1.475913983429332221e+00
0.000000000000000000e+00
0.000000000000000000e+00
1.699687175306232589e-01
0.000000000000000000e+00
8.960523029712533782e-01
1.471294677483971469e+00
0.000000000000000000e+00
1.999473187444247735e+00
1.041790571768657303e+00
0.000000000000000000e+00
1.616719251811326918e+00
2.180414646693679792e+00
1.540846866296884166e+00
0.000000000000000000e+00
5.126776389913493270e-01
0.000000000000000000e+00
1.056718385085646084e+00
1.155418236482873340e+00
8.712109885333829684e-01
0.000000000000000000e+00
5.179124618909608513e-01
0.000000000000000000e+00
1.248687851155108497e+00
0.000000000000000000e+00
7.293279465761280944e-01
1.100145189897618225e+00
2.264195064422053427e+00
5.180945285693255853e-01
0.000000000000000000e+00
1.796181748122092303e+00
0.000000000000000000e+00
6.991434494944044342e-01
2.843686460275816064e+00
2.385619303944008784e+00
0.000000000000000000e+00
0.000000000000000000e+00
0.000000000000000000e+00
1.496756506090538341e+00
0.000000000000000000e+00
0.000000000000000000e+00
7.927875940769602003e-01
1.233564252440361386e+00
1.117988415956817638e+00
0.000000000000000000e+00
1.224334753020562161e+00
6.580999527490540846e-01
0.000000000000000000e+00
1.406353131925912159e+00
6.946227586106213936e-01
1.648554501413515561e-02
1.213881759505075930e+00
5.002255466233117981e-02
