# Ensemble D, m = 50.0, lambda = [  4.79069784e-09  -4.06301402e-09   0.00000000e+00   9.49754971e-10]
0.000000000000000000e+00
4.994595751356394886e-01
0.000000000000000000e+00
0.000000000000000000e+00
0.000000000000000000e+00
2.683609423393573112e-01
2.965112184930370542e+00
1.913748692982530031e+00
2.588187517999459338e-03
1.041541994350805078e+00
1.319688611054612437e+00
0.000000000000000000e+00
2.625186511320797500e+00
4.513705558761448855e-01
3.921710518938089640e-01
0.000000000000000000e+00
2.672165931860408072e+00
0.000000000000000000e+00
2.665595766925414445e+00
0.000000000000000000e+00
7.415103017589970424e-03
5.406598284588021164e-01
1.732611406773542750e+00
5.330689369459419291e-01
0.000000000000000000e+00
0.000000000000000000e+00
0.000000000000000000e+00
3.058524834999565983e-02
0.000000000000000000e+00
1.699966787626346232e+00
4.869775834118770796e-01
4.861030717335609874e-01
7.222082767059343489e-01
7.762959257151379466e-01
1.131761939105161208e+00
0.000000000000000000e+00
1.822405784399748541e+00
4.215767743695520431e-01
0.000000000000000000e+00
2.692614715427971817e+00
0.000000000000000000e+00
0.000000000000000000e+00
3.027549641057094010e-01
1.722270573135359584e+00
0.000000000000000000e+00
0.000000000000000000e+00
0.000000000000000000e+00
0.000000000000000000e+00
0.000000000000000000e+00
1.832126305469125027e+00
2.505145267720244817e+00
0.000000000000000000e+00
0.000000000000000000e+00
0.000000000000000000e+00
1.001108966707411785e+00
0.000000000000000000e+00
3.103312148672901505e-02
1.129722900561004550e+00
3.779701788285228653e-02
1.486672929156323875e+00
2.503560025366960082e-02
0.000000000000000000e+00
0.000000000000000000e+00
0.000000000000000000e+00
0.000000000000000000e+00
0.000000000000000000e+00
2.749185908973075243e-01
4.280516574327142970e-03
0.000000000000000000e+00
0.000000000000000000e+00
0.000000000000000000e+00
0.000000000000000000e+00
1.321142421566820824e+00
4.647325172339872995e-02
0.000000000000000000e+00
4.308318840555163676e-01
0.000000000000000000e+00
0.000000000000000000e+00
0.000000000000000000e+00
6.170439526835470867e-02
6.659606667455859608e-01
0.000000000000000000e+00
1.564335027717529414e+00
0.000000000000000000e+00
2.683468334726280879e+00
0.000000000000000000e+00
8.012769581096675919e-01
0.000000000000000000e+00
1.428421679549047273e-03
0.000000000000000000e+00
3.558856488795733922e-03
0.000000000000000000e+00
1.706475965210713444e-02
0.000000000000000000e+00
1.066361238943415168e+00
6.603238782318137101e-01
1.588014835764132604e+00
1.624387239614632161e+00
0.000000000000000000e+00
0.000000000000000000e+00
