# Ensemble D, m = 50.0, lambda = [  5.32710820e-09  -4.73541254e-09   0.00000000e+00   6.30581958e-10]
0.000000000000000000e+00
8.129634568735812916e-01
3.142588242216947519e-02
0.000000000000000000e+00
9.701910895764211951e-01
0.000000000000000000e+00
0.000000000000000000e+00
3.995745379846144529e-01
0.000000000000000000e+00
6.632104798318268039e-03
0.000000000000000000e+00
1.315397278701179729e-01
0.000000000000000000e+00
0.000000000000000000e+00
9.594492288735482211e-01
0.000000000000000000e+00
0.000000000000000000e+00
8.861421415381818753e-03
0.000000000000000000e+00
9.447423399185236326e-01
0.000000000000000000e+00
3.843593409294224997e-03
0.000000000000000000e+00
0.000000000000000000e+00
0.000000000000000000e+00
1.053983172552489966e+00
1.496763142162237104e-01
0.000000000000000000e+00
1.510239688186507223e+00
0.000000000000000000e+00
1.139159235268456083e+00
4.480706444834827717e-01
0.000000000000000000e+00
1.254312041054630678e+00
2.184869769554036889e+00
2.247299844250487233e+00
0.000000000000000000e+00
0.000000000000000000e+00
0.000000000000000000e+00
0.000000000000000000e+00
1.424694568061803057e+00
7.018623299880639710e-01
7.571503243345442113e-01
0.000000000000000000e+00
1.407989618831690937e+00
2.105644594785426871e-01
1.172720779710682670e+00
0.000000000000000000e+00
0.000000000000000000e+00
0.000000000000000000e+00
0.000000000000000000e+00
6.136711005247711403e-01
0.000000000000000000e+00
0.000000000000000000e+00
0.000000000000000000e+00
0.000000000000000000e+00
2.070117975858491999e+00
0.000000000000000000e+00
6.066902666069899919e-01
0.000000000000000000e+00
0.000000000000000000e+00
0.000000000000000000e+00
3.740402462111696580e-01
1.177018925883012379e+00
0.000000000000000000e+00
0.000000000000000000e+00
0.000000000000000000e+00
0.000000000000000000e+00
0.000000000000000000e+00
0.000000000000000000e+00
0.000000000000000000e+00
9.561203689249939131e-03
0.000000000000000000e+00
1.421287422551471558e+00
0.000000000000000000e+00
0.000000000000000000e+00
4.879766355417447521e-01
7.356415308641950368e-01
8.766027172482726559e-01
2.563129557927345537e-01
4.806900334357255833e-02
1.820662504422650430e-01
0.000000000000000000e+00
0.000000000000000000e+00
0.000000000000000000e+00
1.887159960448374085e-01
0.000000000000000000e+00
0.000000000000000000e+00
9.298104651895719996e-01
0.000000000000000000e+00
8.940997179056855426e-01
1.112386277179246985e+00
0.000000000000000000e+00
0.000000000000000000e+00
0.000000000000000000e+00
6.625236976620570983e-01
0.000000000000000000e+00
0.000000000000000000e+00
5.577672168471468905e-02
0.000000000000000000e+00
