# Ensemble D, m = 50.0, c_n/c_p = 0.858064516129, f = -0.986956521739
# lambda = [  5.88893588e-09  -4.98717709e-09   0.00000000e+00   8.13481461e-10]
#  
1.217461427338424773e+00
9.904267244551283600e-01
1.288524814181674749e+00
1.170187711240985973e+00
0.000000000000000000e+00
5.851233914072307973e-01
2.535841426807679433e+00
1.728594594706418741e+00
1.424167694889890035e+00
0.000000000000000000e+00
7.663295913885179722e-01
2.173952971422410840e+00
9.040254666979208320e-02
1.093532906532755922e+00
0.000000000000000000e+00
1.288509214479021558e+00
5.407847854285462441e-01
6.800579703960789590e-01
1.070259022883172761e+00
0.000000000000000000e+00
0.000000000000000000e+00
0.000000000000000000e+00
5.112931748009464927e-01
1.641290412721472469e+00
1.323319251657374407e+00
1.136421764745858098e+00
1.382892915966452141e-01
2.151110054477636258e-01
6.226726356238180410e-02
0.000000000000000000e+00
5.235344057287552033e-01
1.193806974899251472e+00
4.361798973206060803e-01
9.063625595026467696e-01
1.738062142292569057e+00
1.947216895846372919e+00
2.022720824013730656e-01
6.870084568177039497e-01
0.000000000000000000e+00
8.197849145751838762e-01
0.000000000000000000e+00
0.000000000000000000e+00
0.000000000000000000e+00
1.349048789070090848e+00
1.407688373874103505e+00
1.663210151391025793e-02
0.000000000000000000e+00
5.654902352071323746e-01
9.542238094094488421e-01
4.569984560959157449e-02
1.387996814989775896e+00
2.193720379613526283e+00
1.391377054893586429e+00
2.354057676390286957e+00
2.168631873394935461e+00
0.000000000000000000e+00
6.876742580447686715e-01
0.000000000000000000e+00
1.181780348800723690e+00
0.000000000000000000e+00
0.000000000000000000e+00
0.000000000000000000e+00
0.000000000000000000e+00
0.000000000000000000e+00
8.097987506641376454e-01
4.546897049534959212e-01
5.153398474640867866e-01
5.701557034820758582e-03
1.235986463698833360e+00
0.000000000000000000e+00
8.406634599443207900e-01
7.714909542708020540e-01
6.090370682860265505e-01
1.532831762952515220e+00
1.596000411884490378e+00
5.453481986285394489e-01
0.000000000000000000e+00
0.000000000000000000e+00
0.000000000000000000e+00
6.180781147075540272e-01
0.000000000000000000e+00
2.008707110640911342e+00
1.229970765121694232e+00
0.000000000000000000e+00
1.286803831902212369e+00
0.000000000000000000e+00
1.531868559465592972e+00
7.959563067525241703e-03
1.759268351730274738e+00
0.000000000000000000e+00
8.516458177768991833e-01
4.841149199686868299e-01
6.005321707436144241e-01
1.348069418807521735e+00
7.032206538985955602e-01
1.944860064724853940e-02
0.000000000000000000e+00
4.667952699426645979e-02
9.830202029782961759e-01
7.202882828462442433e-01
