# Ensemble D, m = 50.0, c_n/c_p = 0.987096774194, f = -0.998695652174
# lambda = [  4.09014911e-09  -4.03210686e-09   0.00000000e+00   2.06143154e-10]
#  
0.000000000000000000e+00
2.744798640248088395e-01
0.000000000000000000e+00
0.000000000000000000e+00
0.000000000000000000e+00
0.000000000000000000e+00
0.000000000000000000e+00
1.625809818807671281e+00
1.260755003229911297e+00
1.152433701070924466e+00
0.000000000000000000e+00
4.888968268230126091e-01
3.455439705659800464e-02
1.003268627551305192e+00
0.000000000000000000e+00
1.534937804766604685e+00
2.370622957599831937e-01
0.000000000000000000e+00
0.000000000000000000e+00
0.000000000000000000e+00
0.000000000000000000e+00
3.193229910050467968e-01
0.000000000000000000e+00
0.000000000000000000e+00
0.000000000000000000e+00
0.000000000000000000e+00
3.930662591866180833e-01
3.974060511684597841e-01
0.000000000000000000e+00
1.851931858691435284e+00
0.000000000000000000e+00
0.000000000000000000e+00
0.000000000000000000e+00
4.111987302359208785e-02
0.000000000000000000e+00
1.152488333021377126e-01
9.900772341954613420e-01
8.866203160423987706e-01
7.414131019627925312e-01
3.145305974659897252e+00
0.000000000000000000e+00
4.048977805626615134e-01
6.817728034809482363e-02
8.374398712880865014e-01
0.000000000000000000e+00
1.608937698060696642e+00
0.000000000000000000e+00
5.651314305403017102e-02
3.307325934992147443e-01
0.000000000000000000e+00
7.765342612432380998e-01
3.717275906780633798e-01
4.955776794156648291e-01
2.603072297786439004e-01
0.000000000000000000e+00
0.000000000000000000e+00
3.220884293786521191e-01
0.000000000000000000e+00
0.000000000000000000e+00
4.601429433846812578e-01
3.569572518157942964e-01
0.000000000000000000e+00
1.009126517115877864e+00
7.391073192941188807e-01
6.963270413056296682e-02
4.498435667949088890e-01
0.000000000000000000e+00
2.286987900892943626e-01
0.000000000000000000e+00
0.000000000000000000e+00
3.414276667795960729e-01
5.469382159462385928e-01
0.000000000000000000e+00
0.000000000000000000e+00
0.000000000000000000e+00
0.000000000000000000e+00
0.000000000000000000e+00
0.000000000000000000e+00
0.000000000000000000e+00
0.000000000000000000e+00
1.344703005918256089e+00
1.910223236944147196e+00
1.481997131451087579e+00
0.000000000000000000e+00
0.000000000000000000e+00
0.000000000000000000e+00
0.000000000000000000e+00
6.691535066554106237e-01
0.000000000000000000e+00
0.000000000000000000e+00
6.597728338361523726e-01
0.000000000000000000e+00
0.000000000000000000e+00
3.714829470915257947e-01
0.000000000000000000e+00
6.478509585617648892e-01
0.000000000000000000e+00
7.238047021991370622e-01
0.000000000000000000e+00
1.457002707025550237e+00
