# Ensemble D, m = 50.0, lambda = [  4.32910448e-09  -3.98906031e-09   0.00000000e+00   6.98811843e-10]
0.000000000000000000e+00
8.729241339245323236e-03
9.539000856063905021e-01
0.000000000000000000e+00
2.399576965603574585e+00
6.466681255642561105e-03
0.000000000000000000e+00
0.000000000000000000e+00
0.000000000000000000e+00
1.366975501601051413e+00
1.026046508107954836e+00
0.000000000000000000e+00
4.562546120626054247e-01
0.000000000000000000e+00
0.000000000000000000e+00
0.000000000000000000e+00
0.000000000000000000e+00
7.469369855178206175e-01
0.000000000000000000e+00
0.000000000000000000e+00
0.000000000000000000e+00
1.519751573879005946e+00
7.470222605838272231e-03
1.549677331755971305e-02
6.272745764021968595e-01
0.000000000000000000e+00
3.909280215881034137e-01
8.151126372031950243e-03
0.000000000000000000e+00
0.000000000000000000e+00
2.138007993816459784e+00
0.000000000000000000e+00
0.000000000000000000e+00
0.000000000000000000e+00
0.000000000000000000e+00
0.000000000000000000e+00
3.208336502492852293e-01
7.508569296518576852e-01
3.455790610902127746e-02
6.951228576600475551e-01
0.000000000000000000e+00
3.665240667043207501e-01
0.000000000000000000e+00
0.000000000000000000e+00
0.000000000000000000e+00
1.038651501912791764e+00
0.000000000000000000e+00
1.350803164476550799e+00
0.000000000000000000e+00
0.000000000000000000e+00
2.378998402656329336e-01
5.102269337796315751e-01
3.455251226758591643e-01
0.000000000000000000e+00
2.170689863328131075e+00
2.767811922826275417e-01
0.000000000000000000e+00
0.000000000000000000e+00
0.000000000000000000e+00
1.494138413974658436e-02
0.000000000000000000e+00
1.404621696673135522e+00
1.933671193033069224e+00
0.000000000000000000e+00
0.000000000000000000e+00
0.000000000000000000e+00
0.000000000000000000e+00
0.000000000000000000e+00
2.328295833468861709e+00
0.000000000000000000e+00
1.059713863210157259e+00
0.000000000000000000e+00
0.000000000000000000e+00
1.713182064038588415e+00
8.790726532031654106e-01
1.833155048874212767e+00
4.573323261497595771e-02
2.555841024779740844e-01
1.772604385836881180e+00
0.000000000000000000e+00
0.000000000000000000e+00
1.702969588382282184e+00
0.000000000000000000e+00
3.094001154508334572e-01
0.000000000000000000e+00
1.630341775712121355e-01
2.048920885645622469e+00
7.434015425442654923e-01
4.509772978925775944e-02
2.669170017246713100e-01
4.786456815400320086e-01
0.000000000000000000e+00
0.000000000000000000e+00
3.770167600446942130e-02
0.000000000000000000e+00
0.000000000000000000e+00
9.176287518932567042e-03
1.740334897287941107e+00
2.204894633379070434e+00
6.558756132547949314e-01
