# Ensemble D, m = 50.0, lambda = [  5.83626786e-09  -5.03236903e-09   0.00000000e+00   7.17073750e-10]
0.000000000000000000e+00
0.000000000000000000e+00
0.000000000000000000e+00
0.000000000000000000e+00
7.788487684303577741e-01
0.000000000000000000e+00
1.437140861480015186e+00
3.231376495329179588e-01
4.496043786698390998e-01
0.000000000000000000e+00
5.766965393584552041e-02
6.975088188557475588e-01
2.029928720536884779e+00
5.109872104653872399e-02
4.517855553293833593e-01
6.409144584725834370e-01
0.000000000000000000e+00
2.019175844172139023e+00
0.000000000000000000e+00
0.000000000000000000e+00
0.000000000000000000e+00
5.806207037227535395e-01
5.465136508275229010e-01
1.926993374219629462e+00
1.710525872621771359e+00
0.000000000000000000e+00
1.253734853089375711e+00
0.000000000000000000e+00
1.293887113973692937e+00
0.000000000000000000e+00
1.039052062374767015e-02
0.000000000000000000e+00
3.966353954893342970e-01
0.000000000000000000e+00
6.371070668332944331e-01
5.090663084866161592e-01
5.218599537683870082e-01
0.000000000000000000e+00
2.475585327740808528e-01
1.608922338455187340e-01
1.110802885185789846e+00
1.277350724151034234e+00
0.000000000000000000e+00
0.000000000000000000e+00
1.373309659353750600e+00
3.948797327753473252e-01
0.000000000000000000e+00
7.973882892833125124e-01
1.785475510212917394e+00
7.052197949940682831e-01
0.000000000000000000e+00
1.412607463784937956e+00
0.000000000000000000e+00
8.185615914021086015e-01
0.000000000000000000e+00
7.181361184417623354e-03
1.575543179595078724e+00
2.823430497656052474e+00
0.000000000000000000e+00
0.000000000000000000e+00
1.727617779770338202e-01
1.290918447779591527e-01
1.600235485140881542e+00
0.000000000000000000e+00
2.477265944964946731e-01
7.448782703972176567e-01
0.000000000000000000e+00
0.000000000000000000e+00
1.184054218587390128e+00
0.000000000000000000e+00
0.000000000000000000e+00
0.000000000000000000e+00
6.417255385498805698e-01
0.000000000000000000e+00
0.000000000000000000e+00
0.000000000000000000e+00
0.000000000000000000e+00
0.000000000000000000e+00
7.739322301762885381e-01
2.849651127119278704e-01
4.396986147866615013e-01
5.831790585865105347e-01
1.859338843261998109e-01
4.627221021452941341e-01
3.530022109401849684e-01
0.000000000000000000e+00
1.629004066131658268e+00
0.000000000000000000e+00
0.000000000000000000e+00
0.000000000000000000e+00
0.000000000000000000e+00
1.118660394669364067e+00
2.520967837110772436e-01
1.621506647617452224e+00
0.000000000000000000e+00
8.814363816196091328e-01
1.894159940866763980e+00
1.518331320406720142e+00
0.000000000000000000e+00
2.526553491336757773e+00
