# Ensemble D, m = 50.0, lambda = [  3.91803748e-09  -3.63221032e-09   0.00000000e+00   7.83797236e-10]
0.000000000000000000e+00
0.000000000000000000e+00
0.000000000000000000e+00
1.625473349773013831e+00
0.000000000000000000e+00
0.000000000000000000e+00
2.219352378477431331e-01
0.000000000000000000e+00
5.293084021100143977e-01
6.151167861887499866e-01
0.000000000000000000e+00
7.819836818760851349e-01
0.000000000000000000e+00
0.000000000000000000e+00
0.000000000000000000e+00
0.000000000000000000e+00
0.000000000000000000e+00
6.701405549535562056e-02
0.000000000000000000e+00
0.000000000000000000e+00
0.000000000000000000e+00
0.000000000000000000e+00
1.159532255845518556e+00
0.000000000000000000e+00
0.000000000000000000e+00
0.000000000000000000e+00
0.000000000000000000e+00
1.196826427361320722e+00
8.222850616894791242e-01
2.048834721153873217e-01
7.063935351235615112e-01
0.000000000000000000e+00
2.844209993285317165e-02
0.000000000000000000e+00
1.231437164459056044e-01
0.000000000000000000e+00
0.000000000000000000e+00
9.743580447737132388e-01
0.000000000000000000e+00
9.335992202445988486e-01
0.000000000000000000e+00
3.647868167125727923e-01
0.000000000000000000e+00
0.000000000000000000e+00
2.205769922152526430e+00
1.552311440421997979e+00
1.538286364993973476e-01
2.273361163271671259e+00
0.000000000000000000e+00
0.000000000000000000e+00
0.000000000000000000e+00
0.000000000000000000e+00
0.000000000000000000e+00
0.000000000000000000e+00
0.000000000000000000e+00
0.000000000000000000e+00
1.311522358062017501e-01
1.125968026740407524e+00
0.000000000000000000e+00
0.000000000000000000e+00
0.000000000000000000e+00
2.668687528052416380e-01
0.000000000000000000e+00
0.000000000000000000e+00
1.269175754833751224e+00
0.000000000000000000e+00
3.169198355878177775e-01
6.424748025162074772e-01
2.158352010238592522e-01
6.780176134646686004e-01
0.000000000000000000e+00
8.902434191705411726e-01
1.030672124350936469e+00
0.000000000000000000e+00
8.502658263141459338e-01
8.605782202327048880e-02
0.000000000000000000e+00
0.000000000000000000e+00
1.265071318189067817e+00
3.249112649392981167e-01
0.000000000000000000e+00
1.404968461973198135e+00
0.000000000000000000e+00
0.000000000000000000e+00
9.625991508192660584e-02
0.000000000000000000e+00
0.000000000000000000e+00
2.245783398800465791e-01
0.000000000000000000e+00
0.000000000000000000e+00
2.672698793271149550e-03
8.661099509032135213e-01
8.332589835473328543e-01
1.572992119630790553e+00
0.000000000000000000e+00
4.100354406515491767e-01
6.079417344837972567e-03
4.479981579997868724e-01
0.000000000000000000e+00
5.215874613546458427e-01
