# Ensemble D, m = 50.0, c_n/c_p = 0.703225806452, f = -0.97652173913
# lambda = [  7.76542679e-09  -5.33263729e-09   0.00000000e+00   1.17636986e-09]
#  
1.290243267256812043e+00
0.000000000000000000e+00
1.346098079307051609e+00
2.007045055823839963e+00
4.127916637252502241e-01
0.000000000000000000e+00
9.496817049868461202e-01
1.808525670164888410e+00
6.493465170709634693e-01
3.398645274498177660e-01
6.331490329204203515e-01
0.000000000000000000e+00
0.000000000000000000e+00
1.091013225314602320e+00
5.748366537466661000e-03
0.000000000000000000e+00
3.957942698386429647e-01
8.069199263782941278e-01
7.950879960611786368e-01
2.302983874084530563e-02
1.451487836008788168e+00
1.417393292780054548e+00
1.903307547972663771e+00
2.136884063565693381e+00
0.000000000000000000e+00
0.000000000000000000e+00
0.000000000000000000e+00
0.000000000000000000e+00
1.082260204772987455e+00
6.821660786637195883e-01
1.852807166503414871e-01
0.000000000000000000e+00
1.048608829395603959e+00
4.514354141829494266e-02
0.000000000000000000e+00
1.837216471574959487e+00
1.524966526727233207e+00
0.000000000000000000e+00
7.806697092399410565e-01
1.694056908746379708e-01
1.189949846159502611e-01
1.298483843225759049e+00
5.406171388729419380e-01
0.000000000000000000e+00
1.962241995491514235e+00
1.486700776961790815e+00
1.105736976745699263e+00
0.000000000000000000e+00
6.218373553796571751e-02
0.000000000000000000e+00
5.305245375662267504e-01
8.465475334740621971e-01
1.727719979169087955e-02
0.000000000000000000e+00
1.617114152616689005e+00
0.000000000000000000e+00
1.934491195442254341e+00
0.000000000000000000e+00
0.000000000000000000e+00
0.000000000000000000e+00
1.488916764330047160e+00
2.249168242866278478e-01
1.143368846437917474e+00
0.000000000000000000e+00
0.000000000000000000e+00
0.000000000000000000e+00
0.000000000000000000e+00
7.276287442315957366e-01
3.017878658269600667e+00
0.000000000000000000e+00
0.000000000000000000e+00
1.753350843045409890e+00
1.314785009400818883e+00
4.569536891312970806e-01
1.282615377197901418e+00
3.606307311380046454e-01
0.000000000000000000e+00
9.360989939279635852e-01
6.248974110554255113e-01
0.000000000000000000e+00
6.892875784886526302e-01
3.271891991109540099e-01
0.000000000000000000e+00
2.271728257744415558e+00
2.152553641099104187e+00
2.515387117004498907e-01
0.000000000000000000e+00
1.035530066337174704e+00
1.411264682525008585e+00
3.450678354036395556e-01
1.156001915517120525e-02
2.101422660626413030e+00
0.000000000000000000e+00
4.372676591882453390e-01
1.164769832818593365e+00
1.370110696204779321e+00
0.000000000000000000e+00
1.629165291789504089e+00
0.000000000000000000e+00
1.076601905379594770e+00
