# Ensemble D, m = 50.0, lambda = [  6.31362286e-09  -4.79932078e-09   0.00000000e+00   1.12187129e-09]
2.073627013489868887e+00
2.855765713678654727e+00
7.647269065360302875e-02
5.078042127437046860e-01
2.637568739423533648e-01
1.647022883714675423e+00
9.877632225413447431e-01
1.374348470726296956e+00
6.001899619541559705e-01
1.986205717243046953e+00
0.000000000000000000e+00
5.746312652438335666e-01
0.000000000000000000e+00
2.869566348605275818e-01
8.780389088250632051e-03
0.000000000000000000e+00
1.750443482561120145e+00
1.770109937876602979e+00
1.031087748076078725e+00
2.080330314595848051e+00
0.000000000000000000e+00
0.000000000000000000e+00
6.731260628774343724e-01
0.000000000000000000e+00
0.000000000000000000e+00
9.431432475614566838e-03
2.333803734853157508e+00
0.000000000000000000e+00
1.818692304367774959e+00
1.306587078325471829e+00
0.000000000000000000e+00
9.058489929494977222e-01
0.000000000000000000e+00
1.310920674138005726e+00
2.016632718420815262e+00
3.367065771484050729e-01
0.000000000000000000e+00
0.000000000000000000e+00
0.000000000000000000e+00
0.000000000000000000e+00
1.815965193472393047e-01
1.811061333387950389e+00
1.717479714779766464e+00
1.626056259060001397e-01
4.070965297065401445e-02
0.000000000000000000e+00
0.000000000000000000e+00
0.000000000000000000e+00
9.909343001063068979e-01
8.876071327160798274e-01
3.105731230944299630e-04
0.000000000000000000e+00
8.702931026893385644e-03
0.000000000000000000e+00
1.461771806545304697e+00
1.227269112842739318e+00
2.015422221378261991e+00
2.514305254777735144e+00
1.112175760287450021e+00
1.822331883804107822e+00
1.212832235392065083e+00
2.025095768594422085e-01
1.569773974439430120e+00
5.856853655598380781e-01
5.312363672183220142e-01
7.336922357913255865e-01
1.360326633466585111e+00
6.148389980560061731e-03
2.306831262437527841e-01
1.064705143693888377e-02
0.000000000000000000e+00
2.114100626907445601e+00
1.044280622491997601e-01
1.999434496039194983e-03
3.001037647796636273e-02
4.873347525995457286e-01
0.000000000000000000e+00
1.713040285635801241e-01
0.000000000000000000e+00
0.000000000000000000e+00
1.775237617690186287e+00
0.000000000000000000e+00
8.624673686371523221e-03
3.365811327143883869e-01
1.869167909766991542e+00
1.099864417637471448e+00
1.283548353297302880e+00
0.000000000000000000e+00
2.355686027334365912e-02
1.245360275285471996e+00
5.938682865248128273e-01
8.505602080063514106e-03
0.000000000000000000e+00
7.827580292611286544e-03
5.459591150118138225e-01
0.000000000000000000e+00
1.816381276483364005e+00
9.472495332448057637e-01
3.118341350446354188e-01
0.000000000000000000e+00
