# Ensemble D, m = 50.0, c_n/c_p = 0.767741935484, f = -0.971304347826
# lambda = [  6.28878371e-09  -4.68961569e-09   0.00000000e+00   1.14833027e-09]
#  
1.682801307114310863e+00
0.000000000000000000e+00
0.000000000000000000e+00
5.397280233908697822e-01
4.013324368593517155e-01
1.108419954659812134e+00
2.828779679628429911e+00
1.132022259860307424e-03
5.001439247065380123e-01
0.000000000000000000e+00
6.905721441966487795e-02
1.244981882343802582e+00
2.232543710691508476e+00
2.566186694477660790e+00
4.561820889279611518e-02
4.684370644102203163e-01
4.832265777467020795e-02
1.523409824662520611e-02
2.392573999468559087e+00
1.175125258887085078e+00
2.212726106987314423e-02
1.248630741299460389e+00
9.798707381010490769e-01
0.000000000000000000e+00
0.000000000000000000e+00
1.178911543390547489e+00
1.040496745919317956e+00
1.622339625159706866e+00
0.000000000000000000e+00
1.742285186776626027e+00
0.000000000000000000e+00
2.521025444602409404e+00
0.000000000000000000e+00
2.404551547762030506e+00
1.509426355863839664e+00
7.190276054761346458e-02
2.485631829927903713e-01
1.258607481320624277e+00
1.104348331064821664e+00
3.436263520452728648e-01
1.142975051115039609e+00
1.013955964144324540e+00
9.365810381483624658e-02
2.729953293931309144e+00
2.931238466552117949e-01
1.057132803720676639e+00
0.000000000000000000e+00
2.720214768900487634e+00
1.224911019665018697e-01
1.747758797678203413e+00
9.015781983896592466e-01
0.000000000000000000e+00
1.405129961386656134e+00
1.911678488982187174e+00
0.000000000000000000e+00
1.684481104189597955e+00
2.440254936676610420e+00
1.288699816260062025e+00
0.000000000000000000e+00
9.862341478621169943e-02
1.936796749303561910e-02
1.948858087532071293e-01
2.367689142163784233e+00
0.000000000000000000e+00
1.408693215952253330e-01
0.000000000000000000e+00
6.437390639078358068e-02
0.000000000000000000e+00
1.418804621806080357e+00
0.000000000000000000e+00
1.656295054200148886e+00
0.000000000000000000e+00
3.148061832068436150e-01
1.309499892155275846e+00
7.396286027796158957e-02
1.494463983598817602e+00
2.733505006312748897e-02
1.139503339313280961e+00
2.356788170385907488e+00
1.369582597797849077e+00
0.000000000000000000e+00
0.000000000000000000e+00
1.689893356710212791e+00
0.000000000000000000e+00
0.000000000000000000e+00
0.000000000000000000e+00
2.352811130617528390e-01
0.000000000000000000e+00
1.588698609335811973e+00
0.000000000000000000e+00
1.079546459739696873e+00
4.825065637984782829e-01
4.947325759627983488e-01
1.416291905711289267e+00
1.468606948115582345e+00
0.000000000000000000e+00
1.779079990596475203e-01
1.072589899621062548e+00
1.265884915496593155e-01
2.490884448118914907e-01
