# Ensemble D, m = 50.0, c_n/c_p = 0.6, f = -0.973913043478
# lambda = [  6.58441377e-09  -3.84758787e-09   0.00000000e+00   8.96487173e-10]
#  
0.000000000000000000e+00
0.000000000000000000e+00
0.000000000000000000e+00
0.000000000000000000e+00
1.347520278110723391e+00
1.110500776987666693e+00
4.085534278034570477e-01
1.978194814772761267e-01
0.000000000000000000e+00
0.000000000000000000e+00
1.210312490791102924e+00
9.584555224873575474e-01
0.000000000000000000e+00
0.000000000000000000e+00
0.000000000000000000e+00
8.725590992886330666e-01
1.053481408441388156e+00
0.000000000000000000e+00
0.000000000000000000e+00
0.000000000000000000e+00
0.000000000000000000e+00
0.000000000000000000e+00
1.555511026763507498e+00
5.343866442817953866e-01
0.000000000000000000e+00
9.215262359995963770e-01
0.000000000000000000e+00
7.898176649618647849e-01
5.421822364191927202e-01
2.276231120367963712e+00
1.087265919454180940e+00
1.243834531533847709e+00
0.000000000000000000e+00
0.000000000000000000e+00
1.397982187258456799e+00
1.114770667174665775e+00
1.576444267214217154e+00
5.935493394013463542e-01
1.627129158472618409e+00
0.000000000000000000e+00
1.312456338724585114e+00
0.000000000000000000e+00
0.000000000000000000e+00
2.048656710619107368e+00
1.048146800720632793e-01
8.328147264150251305e-03
1.518603031655369195e-01
3.235634195938124069e-01
9.143537107809938114e-01
4.714686148336417193e-01
1.463944085850112042e+00
1.584586446520841019e+00
0.000000000000000000e+00
8.811917375567682731e-01
0.000000000000000000e+00
0.000000000000000000e+00
0.000000000000000000e+00
1.090680599620308611e+00
9.308474935059621869e-01
1.149950260450502970e+00
1.508465148869985395e+00
0.000000000000000000e+00
7.085009484156387094e-01
0.000000000000000000e+00
0.000000000000000000e+00
7.853952075977256309e-01
0.000000000000000000e+00
0.000000000000000000e+00
0.000000000000000000e+00
0.000000000000000000e+00
0.000000000000000000e+00
1.407627620545631286e+00
1.585630974476628097e-01
0.000000000000000000e+00
5.752041600470114702e-01
6.561732975944073454e-01
3.550804489227426530e-01
0.000000000000000000e+00
0.000000000000000000e+00
1.258473429709735525e+00
2.611794656052375818e-01
0.000000000000000000e+00
1.433056419085957600e+00
6.399830187405024517e-01
0.000000000000000000e+00
5.524203726427180383e-01
1.330317379725176608e+00
0.000000000000000000e+00
4.632627142689040856e-01
0.000000000000000000e+00
9.382091668532539508e-01
1.433205178977992933e+00
0.000000000000000000e+00
7.106623716963424153e-02
8.436480128544591173e-01
0.000000000000000000e+00
3.036391826155982465e-01
8.014459257460223099e-03
1.189037831405581613e+00
0.000000000000000000e+00
