# Ensemble D, m = 50.0, c_n/c_p = 0.677419354839, f = -0.957142857143
# lambda = [  5.81594667e-09  -3.77098478e-09   0.00000000e+00   1.14104005e-09]
#  
0.000000000000000000e+00
0.000000000000000000e+00
1.275329622080749514e+00
2.639948484451822286e-01
0.000000000000000000e+00
1.456662283922227408e+00
2.150220499760813198e+00
0.000000000000000000e+00
3.332177003961543926e-01
0.000000000000000000e+00
1.241420132273880705e+00
4.099786917809660758e-01
5.611443017098245375e-03
6.586027974885347858e-01
1.149084510962332883e+00
0.000000000000000000e+00
1.200514654545024699e-02
4.810208463449318697e-03
5.763328958020130788e-01
0.000000000000000000e+00
1.056082990425024182e+00
3.618460745627364861e-01
1.971799935659696690e+00
2.065589195629307165e-02
1.203453889629021722e-01
0.000000000000000000e+00
7.320566563792754167e-01
9.958214515505693365e-01
1.212417321280902849e+00
6.055796662716154133e-01
1.767046228824356913e+00
8.268947339698109467e-01
1.439431436393621144e+00
5.639455151290437840e-01
0.000000000000000000e+00
4.177837606283781313e-01
3.849363953511913405e-01
5.269878287920196774e-03
4.693375159947758141e-02
8.800364907806247639e-02
9.991969636943837108e-01
1.892801593842136532e+00
1.139325778785867938e-01
0.000000000000000000e+00
3.150010761785942970e-01
7.215272066219273750e-01
5.786921055385783885e-02
0.000000000000000000e+00
1.138934970977278471e+00
8.941116455397911389e-02
1.347128446585741379e-01
0.000000000000000000e+00
6.450586068951912333e-01
2.614430011416159494e-01
1.160364102679636994e-01
0.000000000000000000e+00
1.936199693028902713e-01
5.958245488014124458e-01
7.265631222834412206e-01
2.724473960148543039e+00
6.676794477239333947e-01
1.884326739949918617e+00
0.000000000000000000e+00
8.937429255802713524e-01
1.261103143778918856e-01
6.644732501899507371e-01
7.360250974196038687e-01
9.025418905315202300e-01
0.000000000000000000e+00
3.561399610101386171e-01
1.797173461020558083e+00
1.355150830708329535e+00
9.574965267722521656e-01
1.508137247147776396e-02
1.971425642436719361e+00
4.208274341679331121e-01
1.664954932106591290e+00
8.851474921332422863e-01
2.705985818956501809e+00
2.828882469979491776e-01
0.000000000000000000e+00
7.748610804627838709e-03
2.319486372555023657e+00
1.315629043901261230e+00
1.072287111797738168e+00
1.758649695330578355e+00
0.000000000000000000e+00
8.499225392642495436e-02
0.000000000000000000e+00
2.811418745021828869e+00
4.949893535538340550e-01
1.667856733734472519e+00
1.562960960002160116e+00
2.096447633408526912e-01
5.451352514264704574e-01
0.000000000000000000e+00
3.997601610777485326e-01
9.789347024621748439e-01
1.728185824268971604e+00
0.000000000000000000e+00
