# Ensemble D, m = 50.0, lambda = [  3.83494602e-09  -3.67993998e-09   0.00000000e+00   6.44659504e-10]
0.000000000000000000e+00
0.000000000000000000e+00
0.000000000000000000e+00
0.000000000000000000e+00
1.818612727804261642e+00
1.159185840713677917e+00
8.551646817470913708e-01
4.736324462075694464e-01
6.603815308098324177e-01
0.000000000000000000e+00
9.088358768347895023e-01
0.000000000000000000e+00
0.000000000000000000e+00
2.859847724903801680e+00
0.000000000000000000e+00
6.510985935869934016e-01
0.000000000000000000e+00
0.000000000000000000e+00
0.000000000000000000e+00
0.000000000000000000e+00
1.799864316397267183e+00
0.000000000000000000e+00
0.000000000000000000e+00
1.861642546852595170e-01
2.176094368258180423e-01
0.000000000000000000e+00
5.883030954001929880e-01
1.317711482797624845e+00
6.364098190274292133e-01
1.643244745014894370e+00
8.813922379276529773e-01
0.000000000000000000e+00
0.000000000000000000e+00
0.000000000000000000e+00
0.000000000000000000e+00
9.978050266000810797e-01
0.000000000000000000e+00
0.000000000000000000e+00
0.000000000000000000e+00
0.000000000000000000e+00
0.000000000000000000e+00
0.000000000000000000e+00
0.000000000000000000e+00
0.000000000000000000e+00
0.000000000000000000e+00
0.000000000000000000e+00
8.789776506919106946e-01
0.000000000000000000e+00
0.000000000000000000e+00
5.400380389839501589e-03
0.000000000000000000e+00
8.064363373750053077e-01
1.810895163821843457e-01
4.281513919617879749e-01
1.720999175856452179e-01
0.000000000000000000e+00
0.000000000000000000e+00
0.000000000000000000e+00
7.671963234604581815e-03
0.000000000000000000e+00
1.012146463254716577e+00
0.000000000000000000e+00
0.000000000000000000e+00
1.938578136137658614e+00
1.004379629680575814e+00
0.000000000000000000e+00
1.450895699373442538e+00
1.251948095202441991e+00
3.039678390073599634e-01
7.151523453530227170e-02
0.000000000000000000e+00
0.000000000000000000e+00
4.060312952347696624e-01
6.335859205909986080e-01
0.000000000000000000e+00
0.000000000000000000e+00
0.000000000000000000e+00
2.565578914666013066e+00
0.000000000000000000e+00
1.362915334107253518e+00
2.281792059706587092e-02
0.000000000000000000e+00
7.004667830464548217e-01
3.850921887996595627e-01
1.350916644387990806e-01
0.000000000000000000e+00
1.895043648080601273e-01
0.000000000000000000e+00
5.952213448906119586e-01
1.716346010657342214e-01
1.494850628300495830e-02
1.704988949599790082e+00
7.171686556449548278e-02
4.851198947338087319e-01
0.000000000000000000e+00
9.252234259469386268e-01
3.528529589905929909e-01
1.229182074221669474e+00
1.215455169158318957e-02
2.993332419859745519e-01
