# Ensemble D, m = 50.0, lambda = [  7.65824871e-09  -5.99362954e-09   0.00000000e+00   1.00431786e-09]
5.182032601957832219e-01
0.000000000000000000e+00
2.252520971156650731e-01
4.376519869404400520e-01
0.000000000000000000e+00
0.000000000000000000e+00
1.488396383612669238e+00
6.053144368196154979e-01
0.000000000000000000e+00
8.751006369391587172e-03
1.045969944938963447e+00
0.000000000000000000e+00
2.605562528342049156e+00
0.000000000000000000e+00
1.274259038861293991e+00
1.707789174355593131e-01
2.061694976309431215e+00
9.596355943163387137e-01
1.124961631031338616e+00
1.962655129332125714e+00
0.000000000000000000e+00
0.000000000000000000e+00
9.316747085917419513e-01
1.409088647468765831e+00
1.925151332537485160e+00
0.000000000000000000e+00
1.412117537367501896e+00
1.720590070139686789e+00
1.102510597401378245e+00
1.960788777101353242e+00
1.905112258166179684e+00
2.347141625345240179e+00
0.000000000000000000e+00
0.000000000000000000e+00
1.797897540194792754e+00
5.347838585445251480e-01
4.624497682110839149e-03
0.000000000000000000e+00
0.000000000000000000e+00
3.053019386677210956e-01
0.000000000000000000e+00
3.029405329399732949e+00
0.000000000000000000e+00
1.584527288302863823e+00
1.554825795196841387e+00
1.911119742732822757e-01
1.134449001187419537e+00
6.899053585743314398e-01
0.000000000000000000e+00
1.555694316510874753e+00
0.000000000000000000e+00
1.067885228788590712e+00
0.000000000000000000e+00
1.822452881884285836e-01
7.812600284476050039e-01
2.279910179148151583e-01
5.307855449128949799e-01
0.000000000000000000e+00
1.048962520201124127e+00
4.116639970498914280e-01
2.543949142288723115e-03
2.587182067062396396e+00
3.947610700101114034e-01
2.205505863841533465e+00
2.054290926717710963e+00
2.592306332207252151e+00
3.672544363890574148e-01
3.762195236658129049e-01
0.000000000000000000e+00
0.000000000000000000e+00
0.000000000000000000e+00
1.108465835335101790e+00
9.957030764573858717e-01
0.000000000000000000e+00
7.932785412169837125e-01
4.193652702463674942e-01
0.000000000000000000e+00
7.900655485148330159e-01
9.322717356515567433e-01
0.000000000000000000e+00
0.000000000000000000e+00
1.200161182738674448e+00
0.000000000000000000e+00
0.000000000000000000e+00
1.403420746037664646e+00
7.375934121134157806e-01
0.000000000000000000e+00
2.220218351110474941e+00
5.966071306530441598e-01
2.286863229962924571e+00
0.000000000000000000e+00
1.033918330410742437e+00
2.677302226162907139e+00
7.620218692422602302e-01
0.000000000000000000e+00
1.128070575213306004e+00
2.457228171844658693e+00
0.000000000000000000e+00
2.788371683563871106e-01
6.041204212113492344e-01
