# Ensemble D, m = 50.0, c_n/c_p = 0.858064516129, f = -0.973913043478
# lambda = [  4.99531517e-09  -4.17448610e-09   0.00000000e+00   9.72654393e-10]
#  
0.000000000000000000e+00
6.749234031590255478e-01
7.807287188836516956e-01
0.000000000000000000e+00
5.556238207581867122e-02
0.000000000000000000e+00
0.000000000000000000e+00
0.000000000000000000e+00
0.000000000000000000e+00
0.000000000000000000e+00
1.798495860804340207e+00
2.442645141559106892e-01
1.002984209276154726e+00
1.899585796954988748e+00
0.000000000000000000e+00
2.987990870391406539e-01
0.000000000000000000e+00
1.229139450369000741e+00
6.547880050519117034e-01
1.699318096928049249e+00
3.208855140578508736e-01
2.176520329274071130e+00
1.339072456071143336e+00
0.000000000000000000e+00
0.000000000000000000e+00
3.840787687363949043e-01
2.198395831347506046e+00
1.123383535241150977e+00
6.908082940648517800e-01
0.000000000000000000e+00
1.306271818273741392e+00
1.330493587644338005e+00
1.935214872501498151e+00
2.334451753236979898e-01
8.792318421522005156e-03
0.000000000000000000e+00
4.827880067597687397e-01
0.000000000000000000e+00
0.000000000000000000e+00
0.000000000000000000e+00
8.283403510856828245e-01
1.769991828867125472e+00
0.000000000000000000e+00
5.280511364592724854e-01
9.065656791419142158e-01
1.402436409660480221e+00
1.706800700664468096e+00
9.472167057344118568e-01
0.000000000000000000e+00
8.995971425642873553e-01
9.543605069859935064e-01
0.000000000000000000e+00
0.000000000000000000e+00
1.547223616413945013e+00
1.746340917147584937e-01
0.000000000000000000e+00
0.000000000000000000e+00
0.000000000000000000e+00
0.000000000000000000e+00
6.161867436378811735e-01
1.481129892274080539e+00
0.000000000000000000e+00
0.000000000000000000e+00
1.170668347078462380e-02
9.332641043728576169e-02
2.891106911080883468e-01
0.000000000000000000e+00
1.692311329053871605e+00
8.247808327507619719e-01
0.000000000000000000e+00
6.012346639736220189e-01
8.759718168120080861e-01
4.003053140324363580e-03
1.293186452037714262e-01
0.000000000000000000e+00
1.835154106982327393e+00
2.185191605541312032e-01
1.063275290649000837e+00
4.578536215979889801e-01
0.000000000000000000e+00
0.000000000000000000e+00
1.230296072447846889e+00
3.372039825561667925e-01
2.321675936469794477e-01
0.000000000000000000e+00
1.693976421132978860e+00
2.763606141268232452e+00
1.369543496160475771e-01
1.327367653003414638e+00
0.000000000000000000e+00
0.000000000000000000e+00
3.074886771682998950e-03
0.000000000000000000e+00
2.047761467625911713e+00
0.000000000000000000e+00
0.000000000000000000e+00
2.575313127418192294e-01
0.000000000000000000e+00
1.586713319554973856e+00
9.532341129959524817e-02
