# Ensemble D, m = 50.0, lambda = [  4.18622125e-09  -3.77040119e-09   0.00000000e+00   8.36718296e-10]
8.188126649614358987e-01
0.000000000000000000e+00
1.499843368274393240e+00
4.243058682588857905e-03
3.645511567256879415e-01
0.000000000000000000e+00
4.597974274772672065e-01
3.083259326364179084e-02
0.000000000000000000e+00
0.000000000000000000e+00
1.917829374675915188e+00
0.000000000000000000e+00
0.000000000000000000e+00
0.000000000000000000e+00
0.000000000000000000e+00
3.243146248801335729e-01
2.234262781495780226e-01
2.356271630221137947e+00
0.000000000000000000e+00
0.000000000000000000e+00
4.284586566005709612e-02
7.799254567961259044e-01
0.000000000000000000e+00
1.929679276718512526e-01
4.562728388740197039e-01
0.000000000000000000e+00
5.765613203876867043e-01
0.000000000000000000e+00
4.057385074172207284e-01
1.087152953171261205e-01
0.000000000000000000e+00
0.000000000000000000e+00
2.968379709290647206e-01
4.555527666923293584e-01
0.000000000000000000e+00
0.000000000000000000e+00
1.186545685077927459e+00
1.036479074291459801e+00
8.058724796318295081e-01
5.098691999001264685e-01
0.000000000000000000e+00
3.268698745265842809e-01
7.570655385794924364e-01
0.000000000000000000e+00
5.434430759105746134e-01
2.656262006860837799e-01
2.742130361348698031e-01
3.285853830190207381e-01
0.000000000000000000e+00
4.699881207310999676e-01
1.986070878640767479e+00
2.440074668738390073e+00
0.000000000000000000e+00
0.000000000000000000e+00
1.277895938143989163e+00
0.000000000000000000e+00
4.664436746979771509e-01
5.544853987521836114e-01
1.940572128665444041e+00
4.978876117247034161e-01
1.160850587927041211e+00
0.000000000000000000e+00
0.000000000000000000e+00
2.278054839870277959e-01
6.752845325547790489e-01
3.519618021029754518e-01
9.796306297129828700e-01
1.091859089001636328e-02
0.000000000000000000e+00
1.136451519182973303e-02
0.000000000000000000e+00
1.891906226744480390e+00
0.000000000000000000e+00
0.000000000000000000e+00
6.155756923825249638e-01
0.000000000000000000e+00
0.000000000000000000e+00
1.596472548743747444e+00
0.000000000000000000e+00
8.059411236414196211e-02
0.000000000000000000e+00
0.000000000000000000e+00
1.077435986193902684e+00
1.005204735042173114e+00
0.000000000000000000e+00
0.000000000000000000e+00
0.000000000000000000e+00
0.000000000000000000e+00
0.000000000000000000e+00
0.000000000000000000e+00
1.281039955929084151e+00
0.000000000000000000e+00
4.046083301861506248e-02
0.000000000000000000e+00
2.023589322488297704e+00
0.000000000000000000e+00
0.000000000000000000e+00
0.000000000000000000e+00
7.005795026447655394e-01
1.561598344011920318e-02
