# Ensemble D, m = 50.0, lambda = [  5.28574635e-09  -3.20243154e-09   0.00000000e+00   1.06873544e-09]
0.000000000000000000e+00
0.000000000000000000e+00
6.494347641853170927e-01
8.138543457553898408e-01
1.325259431470359947e-02
1.236810796400813039e+00
0.000000000000000000e+00
0.000000000000000000e+00
0.000000000000000000e+00
0.000000000000000000e+00
5.283306110611657447e-01
8.238530187615172862e-01
1.283452111429116485e-02
2.684602804057194536e+00
0.000000000000000000e+00
0.000000000000000000e+00
5.780985344041428275e-01
1.690243846994864185e+00
0.000000000000000000e+00
0.000000000000000000e+00
6.375149855672926913e-01
1.064011928179068667e-03
0.000000000000000000e+00
7.197903045086742058e-01
0.000000000000000000e+00
1.861579901733271480e+00
0.000000000000000000e+00
3.769440988338338405e-01
0.000000000000000000e+00
0.000000000000000000e+00
1.113443079329500707e+00
1.180632085582817847e+00
6.092131839855038367e-01
0.000000000000000000e+00
1.263252445840426397e+00
1.112091393726784422e-01
4.460691694805605234e-01
1.835222602914608148e+00
6.078967006592316327e-03
0.000000000000000000e+00
8.526701090888229029e-01
7.606329638147988348e-01
9.416324469435391475e-02
6.986063107818275553e-01
1.216130091527662493e+00
0.000000000000000000e+00
0.000000000000000000e+00
2.011249893577630399e+00
7.175352977638562724e-01
0.000000000000000000e+00
0.000000000000000000e+00
0.000000000000000000e+00
1.448605944222713493e+00
7.756941278992037780e-01
0.000000000000000000e+00
0.000000000000000000e+00
1.323985784840360891e+00
1.216910793146187331e+00
1.157444383402677746e+00
0.000000000000000000e+00
0.000000000000000000e+00
6.192504775455380805e-01
8.977834214601646545e-01
0.000000000000000000e+00
0.000000000000000000e+00
0.000000000000000000e+00
0.000000000000000000e+00
0.000000000000000000e+00
7.173799491564922248e-02
1.948611667851667950e-01
0.000000000000000000e+00
4.876743291635780020e-01
0.000000000000000000e+00
0.000000000000000000e+00
1.899777514392566452e-02
1.534202296683998323e+00
0.000000000000000000e+00
0.000000000000000000e+00
0.000000000000000000e+00
0.000000000000000000e+00
0.000000000000000000e+00
0.000000000000000000e+00
0.000000000000000000e+00
0.000000000000000000e+00
6.994215960171079605e-01
6.254238239113474318e-03
7.621147958006407874e-01
1.084552098720544588e+00
1.390140690344094654e-01
0.000000000000000000e+00
1.465106515916982710e+00
6.291222746965581258e-01
6.206736176523983683e-01
1.316130589538654139e+00
0.000000000000000000e+00
0.000000000000000000e+00
1.491917664483707329e+00
1.285897802372530485e+00
1.360593639540553124e+00
0.000000000000000000e+00
