# Ensemble D, m = 50.0, lambda = [  7.41102206e-09  -6.01153421e-09   0.00000000e+00   8.56597232e-10]
0.000000000000000000e+00
0.000000000000000000e+00
2.189840984637320798e+00
0.000000000000000000e+00
0.000000000000000000e+00
9.080569485628688930e-01
2.947946487025790430e-01
9.053272333534608807e-01
0.000000000000000000e+00
2.919473142901466201e+00
2.848148062682379855e+00
6.433183212366373471e-01
2.235936327868816687e+00
1.568425427916956938e+00
1.471633705430412054e+00
1.339352204993966344e+00
1.649036972083232910e-01
0.000000000000000000e+00
3.612717875322619676e+00
2.176477643726633993e+00
2.706190426731813203e-01
2.064923268431112291e+00
0.000000000000000000e+00
5.029511348734193588e-01
0.000000000000000000e+00
7.308334043540606340e-01
8.504526766851012998e-02
1.099845371726615451e+00
8.487949644723683518e-01
0.000000000000000000e+00
0.000000000000000000e+00
2.801548314800343054e+00
0.000000000000000000e+00
4.686209464051064866e-01
9.612370500622553493e-01
3.053780738162174657e+00
0.000000000000000000e+00
1.345358637632537158e-01
6.647260471693605677e-01
2.307614719916977641e+00
0.000000000000000000e+00
1.856910585429299765e+00
1.893410401945228583e-01
2.622463986345857645e-01
0.000000000000000000e+00
1.549664649294087537e+00
0.000000000000000000e+00
3.888855260416575477e-01
0.000000000000000000e+00
7.077623526670706600e-02
0.000000000000000000e+00
2.417087129313378657e+00
2.754513979371263632e-01
1.194799908389144738e+00
1.266704789460932234e+00
2.332617184856586867e+00
6.849631785962021491e-01
9.110931597836575691e-01
4.340255122018067679e-02
9.450970492199371048e-03
2.526983803548639607e+00
0.000000000000000000e+00
1.184825623020574703e+00
2.971171418231735917e+00
2.253770684180524508e+00
2.437590666969411846e+00
0.000000000000000000e+00
1.185530641269725738e+00
5.317212881326244256e-01
0.000000000000000000e+00
7.477587670861085556e-01
2.188746473266317771e+00
0.000000000000000000e+00
8.572176518737194550e-01
1.310716122298233310e-01
2.175416705099438630e+00
7.331115171107823736e-01
1.761639388643579274e+00
5.780274324546845754e-01
0.000000000000000000e+00
2.904179918931600879e-01
2.617548582520312195e+00
2.374057557687952347e+00
2.005481536443573631e+00
7.301290856512995253e-01
2.110346091649727140e-01
4.452403233124361814e-01
7.604432602421121734e-01
0.000000000000000000e+00
6.112797851735469745e-01
1.661410666988141216e+00
0.000000000000000000e+00
0.000000000000000000e+00
0.000000000000000000e+00
1.828087765316726232e+00
2.046714738521937971e+00
1.393682487188059316e-01
1.960165295471045788e+00
1.246928187564250834e+00
2.401979764523709537e-01
