# Ensemble D, m = 50.0, lambda = [  6.98287748e-09  -5.24042429e-09   0.00000000e+00   1.13083487e-09]
0.000000000000000000e+00
9.643801920059055788e-02
8.110878835558653632e-01
1.044313310773973713e+00
1.940062835574754230e+00
7.308879221784951585e-02
1.934346427804636503e+00
8.180790300097393608e-01
0.000000000000000000e+00
1.574931765686073515e+00
9.550970776906358983e-01
1.877890585044525551e+00
0.000000000000000000e+00
2.534260742112375286e+00
0.000000000000000000e+00
8.090850592563155752e-01
1.323888147459737485e+00
1.640774633692639650e+00
0.000000000000000000e+00
0.000000000000000000e+00
1.960369567397870938e+00
1.222107788802743178e+00
0.000000000000000000e+00
0.000000000000000000e+00
1.416352354914776512e+00
1.457230753345865715e+00
0.000000000000000000e+00
1.885246573255662250e-01
1.543931199857637271e+00
0.000000000000000000e+00
0.000000000000000000e+00
0.000000000000000000e+00
1.057909588799028633e+00
0.000000000000000000e+00
0.000000000000000000e+00
5.157018140624617525e-02
0.000000000000000000e+00
8.565136710558164390e-01
4.417398934548895650e-01
0.000000000000000000e+00
2.241037769575609850e+00
0.000000000000000000e+00
1.862964886177897350e+00
0.000000000000000000e+00
0.000000000000000000e+00
9.655561672016703678e-01
2.891987232959855270e+00
0.000000000000000000e+00
1.546492956729177415e+00
0.000000000000000000e+00
4.819608065212621639e-02
2.395383408530740610e+00
1.836923186184266088e+00
6.473621276117436096e-01
1.196492577377664901e+00
2.706652507238284766e+00
2.199297001247368044e+00
0.000000000000000000e+00
0.000000000000000000e+00
5.643350649223710658e-01
6.480629691152711702e-02
0.000000000000000000e+00
6.669304376798170786e-01
1.550610199006173806e-01
1.704184359093684265e+00
2.555973621216165004e+00
5.885690196469329366e-03
0.000000000000000000e+00
3.256600246822947131e-01
1.162622694918360455e+00
1.081480063205374487e+00
5.099862327643109317e-02
8.661582543545198742e-01
1.423903835221104863e+00
1.859833822257498159e+00
0.000000000000000000e+00
5.243078420256643835e-01
0.000000000000000000e+00
1.937408294786027996e-01
0.000000000000000000e+00
1.582307425898804798e+00
2.711441541687773960e+00
1.620574223111132195e+00
2.018899911534998426e-01
3.375717463166674260e-04
0.000000000000000000e+00
1.267145278221676552e+00
1.263050715311816230e+00
2.029971674081010757e+00
1.260770021363615684e-02
0.000000000000000000e+00
6.444339283377554795e-01
0.000000000000000000e+00
1.090496744609563029e+00
1.908883479992218746e+00
1.979659425967253750e+00
2.279939979948176210e-01
0.000000000000000000e+00
0.000000000000000000e+00
1.265363784982130646e+00
