# Ensemble D, m = 50.0, c_n/c_p = 0.612903225806, f = -0.992173913043
# lambda = [  9.80036674e-09  -5.95966762e-09   0.00000000e+00   7.50015423e-10]
#  
0.000000000000000000e+00
1.490692423503147568e+00
0.000000000000000000e+00
0.000000000000000000e+00
2.245863154193245559e-01
0.000000000000000000e+00
1.726582446502880286e+00
0.000000000000000000e+00
1.810554657848110871e+00
0.000000000000000000e+00
0.000000000000000000e+00
7.036507425579010544e-01
3.022380929723382237e-01
8.054456258233649857e-01
1.970762929397203100e+00
0.000000000000000000e+00
0.000000000000000000e+00
2.348600800403804367e+00
4.280439772425298495e-01
7.472192842142068026e-01
0.000000000000000000e+00
0.000000000000000000e+00
1.849764979103663221e+00
0.000000000000000000e+00
0.000000000000000000e+00
6.693997273253737834e-02
1.177065066801707971e+00
0.000000000000000000e+00
1.427164529248296621e+00
1.517371817153209568e+00
0.000000000000000000e+00
0.000000000000000000e+00
0.000000000000000000e+00
7.083294072265667873e-01
0.000000000000000000e+00
0.000000000000000000e+00
2.003760832212411636e+00
1.263769262533592341e+00
0.000000000000000000e+00
1.763770118457794467e-01
0.000000000000000000e+00
0.000000000000000000e+00
7.213885495930580927e-01
1.328494747986221913e+00
2.964918753756577985e-01
8.122846249056545620e-01
0.000000000000000000e+00
0.000000000000000000e+00
1.163645194061466714e+00
1.208636276647157143e-01
1.578671771091139098e+00
5.657180325865047710e-01
0.000000000000000000e+00
0.000000000000000000e+00
4.937988018536909052e-01
6.635663487082255063e-01
3.513144160230639579e-01
1.516657208903694709e+00
1.089139558354734472e-01
0.000000000000000000e+00
0.000000000000000000e+00
0.000000000000000000e+00
3.818831700306281607e-01
5.138631866580068985e-01
3.684119668882683551e-02
0.000000000000000000e+00
0.000000000000000000e+00
1.663611359777077858e+00
5.192539036922506623e-01
7.919662965205241933e-01
1.082134651862428409e+00
1.099603132570233344e+00
1.165611283753347882e+00
2.024786073742345316e+00
5.966619537876690638e-01
3.742308237386212100e-01
0.000000000000000000e+00
0.000000000000000000e+00
0.000000000000000000e+00
2.055250454819928407e+00
0.000000000000000000e+00
1.081101096718904753e+00
7.028616085657132251e-01
7.147342538358696373e-01
1.913296088938001571e-01
1.306005674423537766e+00
0.000000000000000000e+00
0.000000000000000000e+00
0.000000000000000000e+00
3.413829703028425921e-01
8.169965183040519552e-01
1.783888101587178365e+00
2.191698198557892052e+00
1.631186695053392199e+00
0.000000000000000000e+00
4.091953056726622684e-01
2.071035049128661654e-01
0.000000000000000000e+00
0.000000000000000000e+00
7.079911863290431207e-01
