# Ensemble D, m = 50.0, c_n/c_p = 0.883870967742, f = -0.94
# lambda = [  3.60087334e-09  -2.99174496e-09   0.00000000e+00   1.08585842e-09]
#  
0.000000000000000000e+00
7.014532298444418673e-04
2.222116480543021577e+00
1.664395750357286485e-02
0.000000000000000000e+00
0.000000000000000000e+00
4.497021438367223567e-01
0.000000000000000000e+00
0.000000000000000000e+00
0.000000000000000000e+00
0.000000000000000000e+00
1.500042887402631253e+00
7.668609229279742256e-02
4.664381393391682784e-01
6.364858133634631043e-01
1.179198142657422559e-03
9.204610249185136983e-02
1.426723197334119231e+00
0.000000000000000000e+00
1.908861840671648435e+00
0.000000000000000000e+00
5.711950573844610801e-01
0.000000000000000000e+00
0.000000000000000000e+00
0.000000000000000000e+00
1.454498725252422187e+00
0.000000000000000000e+00
0.000000000000000000e+00
1.310311142417766028e-01
1.218476952817085568e+00
0.000000000000000000e+00
1.657496525073440807e+00
6.550052549264202550e-01
0.000000000000000000e+00
0.000000000000000000e+00
2.098698146595897374e+00
4.505779734539585440e-02
0.000000000000000000e+00
0.000000000000000000e+00
0.000000000000000000e+00
0.000000000000000000e+00
0.000000000000000000e+00
0.000000000000000000e+00
0.000000000000000000e+00
1.920529080521601983e+00
0.000000000000000000e+00
0.000000000000000000e+00
0.000000000000000000e+00
2.168699882744681950e+00
1.959918617168046273e+00
2.480033541007477527e-01
1.569119297202292707e+00
0.000000000000000000e+00
3.203224681992830059e-01
1.442521175458721938e-01
1.440506206980101789e+00
1.316095243359275413e+00
0.000000000000000000e+00
0.000000000000000000e+00
1.039122052678270736e+00
8.813758964865123779e-01
9.051695520483571400e-02
0.000000000000000000e+00
9.725221435746077281e-02
6.086870620661987558e-02
5.007055357894177883e-01
1.271277328458815803e-01
4.055483297081390881e-01
1.573679948536463660e-02
1.239002265510649625e+00
0.000000000000000000e+00
0.000000000000000000e+00
6.835440321068089187e-01
2.893769001853310069e-02
2.068398707879375298e+00
0.000000000000000000e+00
0.000000000000000000e+00
1.869156301866720327e+00
0.000000000000000000e+00
0.000000000000000000e+00
0.000000000000000000e+00
0.000000000000000000e+00
1.179536008935493097e-01
0.000000000000000000e+00
6.234472170363777321e-01
0.000000000000000000e+00
0.000000000000000000e+00
4.021286572438334539e-01
0.000000000000000000e+00
0.000000000000000000e+00
0.000000000000000000e+00
9.194440508079096061e-03
1.705961661939242591e+00
0.000000000000000000e+00
0.000000000000000000e+00
3.264022162394872306e-01
2.851845028477609234e-01
2.303840697863153986e-01
9.104348649535094285e-04
0.000000000000000000e+00
