# Ensemble D, m = 50.0, lambda = [  4.72495215e-09  -4.23370954e-09   0.00000000e+00   7.41670003e-10]
7.857101543941019672e-01
1.520930756773261505e+00
0.000000000000000000e+00
0.000000000000000000e+00
1.562291672699438916e+00
5.885168677067187382e-01
0.000000000000000000e+00
3.415607558117377263e-01
1.869340650295566730e-01
0.000000000000000000e+00
3.215855863061188868e-01
0.000000000000000000e+00
0.000000000000000000e+00
0.000000000000000000e+00
4.939487501477782816e-01
0.000000000000000000e+00
6.726845343200480443e-01
8.294799063280136053e-01
2.963375083212251848e-01
6.707845397905830565e-01
5.320844282399371794e-01
0.000000000000000000e+00
1.286721375577603244e+00
0.000000000000000000e+00
4.522542644878044804e-01
0.000000000000000000e+00
0.000000000000000000e+00
0.000000000000000000e+00
0.000000000000000000e+00
0.000000000000000000e+00
1.257077070566585242e+00
8.483857743241155491e-01
1.941941172621515221e-01
7.779855534796366323e-02
4.845452307282225313e-01
2.325525910755533943e+00
0.000000000000000000e+00
1.266517193115242357e+00
0.000000000000000000e+00
0.000000000000000000e+00
2.862449838613216335e-01
3.099953399900536866e-01
3.485721700077846173e-03
1.237843966145326657e+00
0.000000000000000000e+00
0.000000000000000000e+00
0.000000000000000000e+00
0.000000000000000000e+00
1.262104085209551085e+00
0.000000000000000000e+00
1.811022353227938808e+00
0.000000000000000000e+00
0.000000000000000000e+00
0.000000000000000000e+00
0.000000000000000000e+00
2.411916701843909827e+00
4.250763395705722814e-01
8.610151615023210470e-01
0.000000000000000000e+00
1.918627340718354946e+00
0.000000000000000000e+00
0.000000000000000000e+00
0.000000000000000000e+00
9.300498265116464991e-02
0.000000000000000000e+00
9.649426635429703136e-01
8.117612837629991640e-01
0.000000000000000000e+00
7.811226021332919878e-01
0.000000000000000000e+00
5.655362232994209926e-01
0.000000000000000000e+00
1.025254741596806962e+00
1.901298033788926034e+00
1.551315549713036646e+00
2.104412347764428315e+00
8.421189209655702834e-01
9.578843646870739414e-01
8.296705986208546824e-01
9.077005214894929841e-01
8.220906851756012435e-01
0.000000000000000000e+00
1.723961958527654714e-02
1.419517629130580827e-01
0.000000000000000000e+00
2.355557807221282385e-01
1.617043621600803727e+00
0.000000000000000000e+00
2.533906215683580376e-02
1.365001154614217782e+00
0.000000000000000000e+00
1.260127338895113414e-01
0.000000000000000000e+00
9.855781510867698061e-03
0.000000000000000000e+00
2.306794242502472336e+00
4.381720441343086581e-01
0.000000000000000000e+00
1.021768136041104169e+00
1.076442154860892009e+00
