# Ensemble D, m = 50.0, lambda = [  3.28852657e-09  -3.13479932e-09   0.00000000e+00   8.42709491e-10]
0.000000000000000000e+00
0.000000000000000000e+00
0.000000000000000000e+00
4.449409928550047133e-01
4.927562077206213975e-01
0.000000000000000000e+00
0.000000000000000000e+00
1.184434209522851500e+00
4.946143947630306514e-01
0.000000000000000000e+00
0.000000000000000000e+00
7.354023623680157051e-01
0.000000000000000000e+00
6.174282385160815290e-01
3.176332779685621388e-02
7.806272747250923849e-03
1.249526749650893276e+00
6.556339068660826941e-01
0.000000000000000000e+00
2.115072943442852349e+00
1.074314202696385223e+00
9.840568556316487969e-01
6.288471517619425022e-01
0.000000000000000000e+00
0.000000000000000000e+00
6.405787014008698654e-02
1.574015923505968306e+00
0.000000000000000000e+00
0.000000000000000000e+00
3.521370102508652317e-02
0.000000000000000000e+00
1.835132040061995040e+00
3.017228386987605426e-03
1.019384881012050936e+00
0.000000000000000000e+00
0.000000000000000000e+00
0.000000000000000000e+00
6.845658411353857664e-01
0.000000000000000000e+00
6.280123234534974209e-03
0.000000000000000000e+00
0.000000000000000000e+00
2.912492116920307739e-01
0.000000000000000000e+00
6.807500723745520954e-01
7.456823007947738224e-01
0.000000000000000000e+00
0.000000000000000000e+00
0.000000000000000000e+00
0.000000000000000000e+00
0.000000000000000000e+00
0.000000000000000000e+00
1.672181372602636218e+00
5.392250026553842002e-01
0.000000000000000000e+00
0.000000000000000000e+00
0.000000000000000000e+00
0.000000000000000000e+00
7.227132783003235028e-01
0.000000000000000000e+00
0.000000000000000000e+00
6.348846268059030740e-01
0.000000000000000000e+00
4.590571254366189735e-01
0.000000000000000000e+00
1.792413005784506685e+00
0.000000000000000000e+00
0.000000000000000000e+00
0.000000000000000000e+00
7.747062243928494185e-01
0.000000000000000000e+00
6.011332801760128630e-01
0.000000000000000000e+00
0.000000000000000000e+00
0.000000000000000000e+00
1.541248081985516327e+00
2.421520495689764574e-01
8.790776753105076224e-01
8.571512646802351698e-01
0.000000000000000000e+00
0.000000000000000000e+00
2.069915326756606444e-01
0.000000000000000000e+00
0.000000000000000000e+00
7.170130615240260900e-03
2.183495524292746459e-01
8.127932329482183763e-03
0.000000000000000000e+00
2.431090491551902044e+00
9.653181418877614384e-01
5.253776494377113138e-02
2.541331737189622131e-01
0.000000000000000000e+00
0.000000000000000000e+00
0.000000000000000000e+00
1.054639511477702216e-03
6.711163604220263812e-01
0.000000000000000000e+00
1.141974138266991012e+00
0.000000000000000000e+00
