# Ensemble D, m = 50.0, lambda = [  6.35047443e-09  -3.91704287e-09   0.00000000e+00   1.05299538e-09]
4.402473857673213087e-01
0.000000000000000000e+00
3.066791397666574492e-01
0.000000000000000000e+00
0.000000000000000000e+00
0.000000000000000000e+00
0.000000000000000000e+00
0.000000000000000000e+00
6.482218200753966375e-01
0.000000000000000000e+00
0.000000000000000000e+00
8.236606456831213618e-01
0.000000000000000000e+00
8.070414141605115610e-01
0.000000000000000000e+00
9.872679287354172439e-01
0.000000000000000000e+00
0.000000000000000000e+00
4.531114542265042913e-03
2.457912191139147051e+00
1.911892178101850748e+00
1.155947669787408705e+00
2.067831324939982007e+00
0.000000000000000000e+00
0.000000000000000000e+00
0.000000000000000000e+00
2.019565351234072992e+00
0.000000000000000000e+00
0.000000000000000000e+00
9.710611252681992100e-01
1.171380325268247091e+00
4.635914150786438204e-01
2.417745994759853190e+00
6.228602837179912921e-01
0.000000000000000000e+00
1.188434587774792162e+00
1.310515946538113319e+00
0.000000000000000000e+00
1.125309799465349814e+00
1.294942804964747562e+00
0.000000000000000000e+00
0.000000000000000000e+00
1.934150791111241441e+00
2.447804729712166061e-01
3.127740310991804495e-01
8.437455677906765539e-01
0.000000000000000000e+00
7.943691666760586967e-02
4.681827759273601286e-01
1.052879239313241788e+00
7.034250869088187752e-01
0.000000000000000000e+00
0.000000000000000000e+00
1.267510405723693889e+00
0.000000000000000000e+00
3.986053476392816264e-01
0.000000000000000000e+00
0.000000000000000000e+00
1.290581937711428484e+00
0.000000000000000000e+00
2.425693599654635824e-01
1.415767645727832091e+00
4.335178981877176319e-01
0.000000000000000000e+00
5.653546672505274095e-01
4.401416274330586242e-01
1.387016834437391488e-01
9.417791486783301247e-01
5.584185266296221375e-03
1.391623041701554264e+00
1.161617076656797698e+00
0.000000000000000000e+00
7.552733073738446823e-01
0.000000000000000000e+00
3.081076278377991251e+00
4.179477868458183858e-03
0.000000000000000000e+00
9.132352134631142038e-01
0.000000000000000000e+00
0.000000000000000000e+00
7.214668703870300570e-01
0.000000000000000000e+00
4.468624901698378671e-01
0.000000000000000000e+00
0.000000000000000000e+00
1.703633201738756764e+00
0.000000000000000000e+00
8.516228710914905964e-01
1.489211850219715139e+00
1.301730143555849040e+00
1.379864010373891059e+00
5.153870452243297651e-01
0.000000000000000000e+00
0.000000000000000000e+00
6.879753079345135580e-01
3.698844412825789685e-01
0.000000000000000000e+00
0.000000000000000000e+00
0.000000000000000000e+00
6.475649066513477006e-03
