# Ensemble D, m = 50.0, lambda = [  4.21780618e-09  -3.73132986e-09   0.00000000e+00   8.93611782e-10]
0.000000000000000000e+00
0.000000000000000000e+00
0.000000000000000000e+00
0.000000000000000000e+00
0.000000000000000000e+00
0.000000000000000000e+00
9.308341365282321034e-01
6.582529809120158948e-01
1.083043649094206362e+00
0.000000000000000000e+00
4.464755154679421190e-01
0.000000000000000000e+00
1.227126865083706164e+00
0.000000000000000000e+00
0.000000000000000000e+00
1.214379520682494329e+00
1.059503336221774283e+00
9.599488914236632420e-01
0.000000000000000000e+00
0.000000000000000000e+00
0.000000000000000000e+00
0.000000000000000000e+00
0.000000000000000000e+00
8.354227127181371171e-02
0.000000000000000000e+00
3.310979602379119369e-01
0.000000000000000000e+00
6.205892162958580316e-02
1.675795502329905373e+00
0.000000000000000000e+00
8.780481267133173617e-02
0.000000000000000000e+00
0.000000000000000000e+00
0.000000000000000000e+00
0.000000000000000000e+00
0.000000000000000000e+00
1.429830059980519819e+00
0.000000000000000000e+00
0.000000000000000000e+00
0.000000000000000000e+00
1.117995006774046285e+00
0.000000000000000000e+00
0.000000000000000000e+00
9.594491293446623104e-01
0.000000000000000000e+00
1.122034933330245732e+00
0.000000000000000000e+00
7.110862943554106808e-02
0.000000000000000000e+00
0.000000000000000000e+00
0.000000000000000000e+00
1.143726845305322204e+00
0.000000000000000000e+00
0.000000000000000000e+00
0.000000000000000000e+00
6.729573654134478333e-02
8.024262069870027186e-03
2.262384311653713783e-03
0.000000000000000000e+00
0.000000000000000000e+00
0.000000000000000000e+00
0.000000000000000000e+00
0.000000000000000000e+00
0.000000000000000000e+00
0.000000000000000000e+00
0.000000000000000000e+00
0.000000000000000000e+00
1.004757491012356008e+00
0.000000000000000000e+00
1.900330418184331904e+00
1.117476646986549138e+00
0.000000000000000000e+00
2.503579585451482306e-02
2.637735793365322934e+00
0.000000000000000000e+00
1.467363033266922745e+00
0.000000000000000000e+00
0.000000000000000000e+00
5.787092530366894083e-01
0.000000000000000000e+00
0.000000000000000000e+00
0.000000000000000000e+00
0.000000000000000000e+00
0.000000000000000000e+00
0.000000000000000000e+00
0.000000000000000000e+00
0.000000000000000000e+00
1.633814378606283230e-02
2.324538636826835702e+00
1.020237088903604983e+00
0.000000000000000000e+00
7.815059952161240719e-01
8.041750351122287643e-01
8.387237903823491214e-01
1.096489382850935890e+00
7.364374013093243077e-02
0.000000000000000000e+00
0.000000000000000000e+00
2.000343063050822323e+00
0.000000000000000000e+00
