# Ensemble D, m = 50.0, lambda = [  3.53057695e-09  -3.34487999e-09   0.00000000e+00   8.01061359e-10]
0.000000000000000000e+00
1.768765161810366804e+00
0.000000000000000000e+00
1.918663024464966727e+00
0.000000000000000000e+00
0.000000000000000000e+00
3.921001188016503408e-02
1.639586674336192956e-02
1.207154847320092816e+00
0.000000000000000000e+00
1.736665725382984915e+00
0.000000000000000000e+00
0.000000000000000000e+00
0.000000000000000000e+00
2.758357139863195640e-01
0.000000000000000000e+00
0.000000000000000000e+00
2.665819536543435841e+00
0.000000000000000000e+00
0.000000000000000000e+00
1.391987921514870941e+00
0.000000000000000000e+00
1.979369481449465118e+00
6.638179254399357854e-01
0.000000000000000000e+00
4.962300722063843206e-01
0.000000000000000000e+00
0.000000000000000000e+00
9.406172407855795115e-01
0.000000000000000000e+00
0.000000000000000000e+00
1.775951294210006970e-01
1.202437717971502451e+00
9.864479623152565546e-01
9.810933198380378251e-02
0.000000000000000000e+00
0.000000000000000000e+00
0.000000000000000000e+00
0.000000000000000000e+00
0.000000000000000000e+00
2.134560431068208974e-01
2.579301471063213391e-01
0.000000000000000000e+00
1.208617220761882757e-02
0.000000000000000000e+00
0.000000000000000000e+00
0.000000000000000000e+00
6.291862120129171343e-01
0.000000000000000000e+00
0.000000000000000000e+00
1.764954629429349442e+00
1.430817883907327392e-01
0.000000000000000000e+00
0.000000000000000000e+00
9.205103245380240606e-01
0.000000000000000000e+00
8.112492059100488984e-01
4.723474324311467409e-01
0.000000000000000000e+00
3.828806707611366322e-01
4.751986727646501096e-01
0.000000000000000000e+00
7.478098009960305603e-01
0.000000000000000000e+00
0.000000000000000000e+00
4.981528238417876620e-01
0.000000000000000000e+00
0.000000000000000000e+00
0.000000000000000000e+00
0.000000000000000000e+00
0.000000000000000000e+00
0.000000000000000000e+00
0.000000000000000000e+00
4.137807405847660457e-03
0.000000000000000000e+00
0.000000000000000000e+00
1.378865520143848500e-01
0.000000000000000000e+00
1.836327073568469581e+00
0.000000000000000000e+00
0.000000000000000000e+00
0.000000000000000000e+00
0.000000000000000000e+00
1.719624001301106597e+00
2.963471684706022180e-01
0.000000000000000000e+00
6.130059071781014390e-01
1.637815988920145460e-01
1.099323873278472002e-01
0.000000000000000000e+00
1.849776039738888711e+00
0.000000000000000000e+00
1.767347778012779980e+00
0.000000000000000000e+00
0.000000000000000000e+00
0.000000000000000000e+00
2.289844340093731279e-01
0.000000000000000000e+00
0.000000000000000000e+00
3.992625175714127339e-01
