# Ensemble D, m = 50.0, c_n/c_p = 0.987096774194, f = -0.980434782609
# lambda = [  3.58340024e-09  -3.46795746e-09   0.00000000e+00   6.96269967e-10]
#  
1.191394075168473288e+00
8.616170129287336055e-01
8.726561724233276029e-01
1.721702945891769421e+00
0.000000000000000000e+00
0.000000000000000000e+00
7.558234521827580932e-02
1.352530358522183285e+00
0.000000000000000000e+00
6.360962239950936903e-01
1.971165744688812838e-01
2.526728245635326608e+00
0.000000000000000000e+00
0.000000000000000000e+00
1.025261550842820890e+00
0.000000000000000000e+00
2.685767238268077062e+00
7.778476122644394364e-01
1.515873858672319274e+00
9.298091016212702842e-01
5.146878414478091301e-03
0.000000000000000000e+00
0.000000000000000000e+00
0.000000000000000000e+00
0.000000000000000000e+00
0.000000000000000000e+00
5.945541935169524894e-01
0.000000000000000000e+00
9.734775510256182818e-01
0.000000000000000000e+00
0.000000000000000000e+00
0.000000000000000000e+00
0.000000000000000000e+00
6.152138668582280978e-01
5.562242430596880949e-01
0.000000000000000000e+00
0.000000000000000000e+00
0.000000000000000000e+00
1.850995103807226982e-01
3.471281423316193715e-01
0.000000000000000000e+00
0.000000000000000000e+00
2.188547196527139249e+00
0.000000000000000000e+00
7.549110918441341855e-01
7.748641221810094182e-01
0.000000000000000000e+00
0.000000000000000000e+00
2.367427904224649327e-01
0.000000000000000000e+00
2.582723421667794561e+00
0.000000000000000000e+00
2.826274675448478546e-01
2.224491421249876755e+00
0.000000000000000000e+00
1.294056425192093407e+00
3.627201061815439886e-01
2.479500016448571709e-01
0.000000000000000000e+00
1.948549470820068130e+00
0.000000000000000000e+00
0.000000000000000000e+00
4.086332335355827294e-01
0.000000000000000000e+00
1.135080710910005619e+00
1.876363985530143497e+00
0.000000000000000000e+00
4.893541074513512168e-01
1.026342258334369123e-01
0.000000000000000000e+00
0.000000000000000000e+00
0.000000000000000000e+00
0.000000000000000000e+00
0.000000000000000000e+00
0.000000000000000000e+00
3.697165521363330321e-01
4.493014565415231476e-01
3.357830374211050906e+00
5.244452061155499001e-01
0.000000000000000000e+00
0.000000000000000000e+00
0.000000000000000000e+00
1.633915852659704404e+00
0.000000000000000000e+00
8.766636451354051784e-01
0.000000000000000000e+00
2.441903998403285314e-01
1.057477187828664844e+00
1.664069754020743863e+00
8.045045345621333333e-01
1.318248398070295466e-02
0.000000000000000000e+00
1.342183606499715909e+00
5.947102549129536925e-02
9.672474776310732159e-01
0.000000000000000000e+00
6.190187792509850295e-01
9.924495014268087667e-01
1.141871509063876244e+00
0.000000000000000000e+00
