# Ensemble D, m = 50.0, c_n/c_p = 0.961290322581, f = -0.988260869565
# lambda = [  4.09168969e-09  -3.88712816e-09   0.00000000e+00   6.00913425e-10]
#  
1.088609699763946947e+00
3.004145613893828837e-01
1.197067525501931851e+00
0.000000000000000000e+00
0.000000000000000000e+00
6.554766799601717542e-02
1.962759332482746227e-02
3.348195813135065313e-01
0.000000000000000000e+00
2.258623677524908280e-01
4.749803866415188147e-01
0.000000000000000000e+00
6.952332672567911320e-01
0.000000000000000000e+00
0.000000000000000000e+00
0.000000000000000000e+00
0.000000000000000000e+00
8.482420799138152834e-01
0.000000000000000000e+00
1.000846780885934040e+00
0.000000000000000000e+00
0.000000000000000000e+00
9.696550107699323240e-01
1.347340537441252595e+00
0.000000000000000000e+00
6.925555305588880772e-01
1.473006024799559111e+00
7.292628762231530004e-01
4.440142236944701892e-01
6.344130388561534106e-01
9.180387823046972651e-01
0.000000000000000000e+00
1.795594325836294747e+00
0.000000000000000000e+00
0.000000000000000000e+00
5.919878113297578626e-01
1.224280191292366649e+00
0.000000000000000000e+00
2.252563726648917353e+00
7.949415863031662477e-01
1.423799522154806763e+00
8.480208112055387382e-01
9.190911849688202517e-01
1.192254744333742345e+00
3.859578347430157597e-01
2.763878176679942289e+00
0.000000000000000000e+00
1.866006807364265496e+00
1.064127078824633532e+00
7.061338890800451518e-01
3.354274180874156075e-01
0.000000000000000000e+00
9.543346488562156615e-01
1.530767801477471435e-01
0.000000000000000000e+00
4.914755084988742806e-01
0.000000000000000000e+00
1.090074635255681379e+00
1.674109412887388348e+00
0.000000000000000000e+00
0.000000000000000000e+00
0.000000000000000000e+00
0.000000000000000000e+00
1.599984535078987857e+00
6.816255065155468057e-03
5.750949072580332500e-01
0.000000000000000000e+00
4.661554780877493753e-01
0.000000000000000000e+00
1.228086992316167247e+00
1.134107402194270531e+00
0.000000000000000000e+00
1.567025702395024034e-01
0.000000000000000000e+00
0.000000000000000000e+00
1.209714734859277829e+00
0.000000000000000000e+00
0.000000000000000000e+00
0.000000000000000000e+00
1.720538315575418503e-02
0.000000000000000000e+00
1.549632605828715981e+00
0.000000000000000000e+00
6.090349805322685661e-01
0.000000000000000000e+00
0.000000000000000000e+00
0.000000000000000000e+00
0.000000000000000000e+00
1.016695473654055104e-01
1.843741505811455905e+00
0.000000000000000000e+00
4.101727833033942672e-02
2.935269098916986508e+00
7.691528507218260424e-01
0.000000000000000000e+00
9.050780963577905736e-01
0.000000000000000000e+00
1.081897218449370035e+00
1.013462546378902929e-01
0.000000000000000000e+00
