# Ensemble D, m = 50.0, c_n/c_p = 0.961290322581, f = -0.97652173913
# lambda = [  3.75127217e-09  -3.52139758e-09   0.00000000e+00   7.76813751e-10]
#  
0.000000000000000000e+00
0.000000000000000000e+00
0.000000000000000000e+00
4.612172612640432767e-01
0.000000000000000000e+00
2.398658507909108728e+00
0.000000000000000000e+00
0.000000000000000000e+00
0.000000000000000000e+00
0.000000000000000000e+00
1.597903202377160825e-01
1.249469619682267441e+00
8.682817673583453563e-03
1.831334569521468961e-02
0.000000000000000000e+00
6.597817610061238458e-01
0.000000000000000000e+00
0.000000000000000000e+00
0.000000000000000000e+00
6.065962188338226424e-01
0.000000000000000000e+00
0.000000000000000000e+00
0.000000000000000000e+00
3.160348408282308008e-01
0.000000000000000000e+00
6.446990751350580862e-01
2.548190273990267873e-01
0.000000000000000000e+00
0.000000000000000000e+00
7.225413072737479903e-01
1.023661430541727285e-02
9.646832678207782619e-02
1.332805321154428846e+00
2.363751010884032500e+00
0.000000000000000000e+00
0.000000000000000000e+00
0.000000000000000000e+00
9.238677986768406569e-01
2.159457146241055003e-01
3.873568046904573431e-02
9.460202612162281754e-01
5.186781415775822968e-01
0.000000000000000000e+00
1.530170334875118332e-01
1.561338649690935831e+00
0.000000000000000000e+00
0.000000000000000000e+00
0.000000000000000000e+00
3.377373959724040420e-01
6.554217582259026509e-01
1.922240556373575604e+00
0.000000000000000000e+00
1.083470716679609147e+00
2.344055438845610018e-01
0.000000000000000000e+00
0.000000000000000000e+00
2.415156522189993549e+00
0.000000000000000000e+00
4.774676099793686568e-01
1.601773259082415191e-01
5.281094998055092526e-01
0.000000000000000000e+00
1.085026133657341241e+00
0.000000000000000000e+00
0.000000000000000000e+00
1.540637915526332780e+00
1.163058906887680433e+00
2.771308260508610566e+00
2.274711540823101119e-01
1.393216821947643069e+00
0.000000000000000000e+00
1.274263551200390365e+00
0.000000000000000000e+00
8.641038089584318627e-02
0.000000000000000000e+00
0.000000000000000000e+00
1.136349606246407802e-02
0.000000000000000000e+00
1.050121091274331536e-01
0.000000000000000000e+00
0.000000000000000000e+00
0.000000000000000000e+00
2.950263437554693891e+00
0.000000000000000000e+00
0.000000000000000000e+00
0.000000000000000000e+00
1.167442331362761987e+00
4.181214046429615298e-03
3.702632105732380219e-01
0.000000000000000000e+00
8.799889221598877764e-01
0.000000000000000000e+00
0.000000000000000000e+00
1.407842761162388268e+00
0.000000000000000000e+00
0.000000000000000000e+00
4.559090901883320890e-01
0.000000000000000000e+00
6.578953631467953089e-01
0.000000000000000000e+00
