# Ensemble D, m = 50.0, c_n/c_p = 0.703225806452, f = -0.985652173913
# lambda = [  9.93306057e-09  -6.88496232e-09   0.00000000e+00   1.17902367e-09]
#  
1.133731683892685194e+00
1.240750508773273530e+00
1.593010643678130167e+00
0.000000000000000000e+00
1.572283915557618483e+00
7.375942924207024021e-01
1.764882659037866564e+00
1.571187811744513718e+00
6.902237155208727770e-02
6.167872100707630922e-01
7.303460439807236693e-01
1.365075228096223725e+00
1.884147389933439776e+00
7.458762119265855972e-01
8.100989948743267943e-01
2.597462224558376942e+00
3.199891493449195101e-01
1.210757683196607815e+00
0.000000000000000000e+00
5.575709340540366821e-01
3.092143499616507807e+00
1.590143539866869959e+00
4.048374899871268195e-01
1.694642396421817354e+00
0.000000000000000000e+00
1.140864340266249943e+00
7.204228342609065860e-01
4.750242948265438470e-01
2.039628325969874645e+00
6.504927370470268144e-01
4.878562362528074958e-01
1.004733273234871493e+00
0.000000000000000000e+00
8.187386853908561468e-01
2.254614396155310452e+00
1.739944450342723492e+00
0.000000000000000000e+00
7.971666061419699356e-02
1.370163645816639519e+00
1.181761667681432204e+00
0.000000000000000000e+00
2.065573305497790280e+00
2.319759912059084161e+00
2.510227473421851596e-01
7.903109975968165557e-01
1.289121104082528557e+00
6.020083858630584928e-01
2.663441614237488597e+00
1.000285766536361809e+00
6.249971313452639121e-01
0.000000000000000000e+00
2.957975623479916383e+00
0.000000000000000000e+00
2.114468233224754634e+00
3.211457186849021039e-01
9.874839024418790023e-01
1.427371728072239221e-01
2.424720037706297404e+00
0.000000000000000000e+00
9.832742547167031555e-01
1.963104676256632652e+00
7.402226885737916984e-01
1.620826075545977574e+00
4.628277391720309053e-01
0.000000000000000000e+00
2.855433171790852320e+00
2.369093522965498799e+00
1.581141157788731100e+00
1.816543526550902010e+00
2.551932269130683384e+00
0.000000000000000000e+00
1.336502291965687705e+00
1.156346868564233743e+00
1.299453920764891690e-01
9.790362876842714779e-02
0.000000000000000000e+00
2.131531543854841004e+00
1.302714794417064503e+00
9.898566887824641336e-01
5.132631889707963690e-01
9.638168260153805456e-01
1.589872257716047621e-02
3.084252389960037144e-01
1.374258041020488319e+00
3.166392906393309444e-03
1.429652874793692519e+00
2.638776373680911114e+00
1.661190430570154586e+00
5.647862073819727158e-01
6.211424285986644200e-01
4.156881798247519022e+00
1.814945577540046928e+00
0.000000000000000000e+00
0.000000000000000000e+00
8.735526631689898291e-01
1.897247493950642960e+00
1.986001229423145498e+00
6.404538489767200860e-01
0.000000000000000000e+00
5.295580301762680131e-01
