# Ensemble D, m = 50.0, lambda = [  3.54558376e-09  -3.42546282e-09   0.00000000e+00   7.17666069e-10]
1.830027079325955430e+00
0.000000000000000000e+00
1.493661947399922862e+00
0.000000000000000000e+00
0.000000000000000000e+00
0.000000000000000000e+00
3.311465324288722090e-01
8.767489879288189458e-01
9.958045795345075168e-01
5.790965303032507006e-01
1.639484768287332361e+00
9.977720879983491276e-03
0.000000000000000000e+00
0.000000000000000000e+00
0.000000000000000000e+00
4.875368178353864379e-01
0.000000000000000000e+00
0.000000000000000000e+00
0.000000000000000000e+00
2.194109724717145937e+00
1.230820007022559448e+00
9.870231672214874186e-01
5.042969245534193456e-01
4.967317450141999768e-01
0.000000000000000000e+00
3.467031008347700172e-01
0.000000000000000000e+00
0.000000000000000000e+00
0.000000000000000000e+00
1.535331430524882634e+00
0.000000000000000000e+00
0.000000000000000000e+00
0.000000000000000000e+00
0.000000000000000000e+00
0.000000000000000000e+00
0.000000000000000000e+00
8.039215337055465316e-01
1.516970390634244215e+00
2.106705603094246371e+00
0.000000000000000000e+00
0.000000000000000000e+00
0.000000000000000000e+00
6.917222437588094186e-01
6.678049620943679043e-01
0.000000000000000000e+00
0.000000000000000000e+00
4.749795819830343602e-01
0.000000000000000000e+00
3.103961125233774439e-03
0.000000000000000000e+00
1.770189050165283107e-01
0.000000000000000000e+00
1.127239919142535296e+00
0.000000000000000000e+00
6.021274238297435674e-03
0.000000000000000000e+00
0.000000000000000000e+00
7.475061583100165441e-01
0.000000000000000000e+00
4.561026305166018813e-02
3.151594502473648030e-01
0.000000000000000000e+00
0.000000000000000000e+00
1.470701098869744428e+00
0.000000000000000000e+00
5.212101693972018834e-01
9.765419869387246266e-01
0.000000000000000000e+00
0.000000000000000000e+00
0.000000000000000000e+00
1.916715102811814009e-01
6.064429993386097895e-01
0.000000000000000000e+00
0.000000000000000000e+00
1.151590105926965091e+00
0.000000000000000000e+00
0.000000000000000000e+00
1.511123323322880685e+00
2.354903816214831414e-01
1.921820445823650747e+00
1.699370773340967755e+00
0.000000000000000000e+00
6.584857497774971868e-01
3.059119366146150210e-01
1.044412016885565508e+00
0.000000000000000000e+00
0.000000000000000000e+00
1.057094068861092806e+00
2.122684727656639903e-01
0.000000000000000000e+00
1.633956525715617669e+00
0.000000000000000000e+00
0.000000000000000000e+00
2.265495623631755162e+00
0.000000000000000000e+00
5.183995269085635016e-01
0.000000000000000000e+00
2.376432058771638545e+00
0.000000000000000000e+00
0.000000000000000000e+00
