# Ensemble D, m = 50.0, lambda = [  5.43514234e-09  -4.74991992e-09   0.00000000e+00   7.18565147e-10]
5.075117519217811068e-01
0.000000000000000000e+00
6.756515036261123708e-01
0.000000000000000000e+00
0.000000000000000000e+00
0.000000000000000000e+00
3.330429132337279774e-01
0.000000000000000000e+00
1.171582952103678466e+00
0.000000000000000000e+00
0.000000000000000000e+00
6.086107751402923816e-01
0.000000000000000000e+00
1.248528834993656578e-01
0.000000000000000000e+00
0.000000000000000000e+00
0.000000000000000000e+00
4.051658647142550307e-01
2.500024291553237243e-01
6.525640035596206312e-01
4.182257409941059767e-01
0.000000000000000000e+00
0.000000000000000000e+00
0.000000000000000000e+00
2.028994621046893876e+00
0.000000000000000000e+00
1.251998135510542065e+00
0.000000000000000000e+00
6.410854642736882880e-01
8.267819810009029435e-01
0.000000000000000000e+00
4.078055730186193606e-01
5.193330272888611043e-01
0.000000000000000000e+00
0.000000000000000000e+00
2.257359749482988676e+00
1.202038678202143274e+00
5.907827337090126862e-02
0.000000000000000000e+00
0.000000000000000000e+00
4.782534364907662927e-01
2.813654852300875309e-01
2.328277095046868972e+00
0.000000000000000000e+00
2.245506198808773668e+00
0.000000000000000000e+00
1.046430634066284782e+00
0.000000000000000000e+00
0.000000000000000000e+00
0.000000000000000000e+00
4.016877857240864214e-01
0.000000000000000000e+00
0.000000000000000000e+00
1.072409264955758168e-01
0.000000000000000000e+00
0.000000000000000000e+00
0.000000000000000000e+00
7.743786984912127969e-02
0.000000000000000000e+00
0.000000000000000000e+00
0.000000000000000000e+00
1.573143652355032673e-01
0.000000000000000000e+00
7.949254608774370956e-01
5.065883005860920552e-01
0.000000000000000000e+00
1.495942097798020454e+00
0.000000000000000000e+00
0.000000000000000000e+00
0.000000000000000000e+00
0.000000000000000000e+00
2.932455953315508124e-01
2.315234479671157253e+00
1.422612905272705897e+00
0.000000000000000000e+00
1.213321377199787499e+00
1.219127027773323935e+00
2.932323298065251826e+00
0.000000000000000000e+00
0.000000000000000000e+00
1.103254323947128634e+00
2.386568765908166689e+00
3.856752115759656124e-02
0.000000000000000000e+00
0.000000000000000000e+00
2.649460377646641329e-01
4.216193578223535465e-01
1.712132876667988857e+00
0.000000000000000000e+00
2.628525972503119590e+00
2.534534474222578826e+00
0.000000000000000000e+00
2.964828048384946738e-03
0.000000000000000000e+00
4.268554877294419153e-02
0.000000000000000000e+00
0.000000000000000000e+00
0.000000000000000000e+00
0.000000000000000000e+00
0.000000000000000000e+00
