# Ensemble D, m = 50.0, c_n/c_p = 1.0, f = -0.948571428571
# lambda = [  2.94207951e-09  -2.79077256e-09   0.00000000e+00   9.31354035e-10]
#  
5.420540301002614303e-01
0.000000000000000000e+00
0.000000000000000000e+00
0.000000000000000000e+00
1.363285179405727465e+00
2.481836450302529751e-01
0.000000000000000000e+00
5.686729481609421356e-03
1.556538942539852644e-01
0.000000000000000000e+00
0.000000000000000000e+00
0.000000000000000000e+00
0.000000000000000000e+00
0.000000000000000000e+00
1.257373103093074374e+00
4.995698177225536135e-03
0.000000000000000000e+00
2.308888431892437698e-01
4.287706581957616003e-01
0.000000000000000000e+00
1.437533832817418977e+00
0.000000000000000000e+00
0.000000000000000000e+00
1.596294541271081266e-02
1.079977413374950013e+00
2.681127550578748853e+00
0.000000000000000000e+00
6.910781346907090006e-01
6.101893106957108071e-01
4.437671051480950035e-02
0.000000000000000000e+00
0.000000000000000000e+00
2.652759098001896687e-01
0.000000000000000000e+00
2.260292896580513300e-01
4.013123195821571843e-01
1.087430880163142155e-01
0.000000000000000000e+00
0.000000000000000000e+00
4.212764513390119397e-03
4.849083455494345059e-03
0.000000000000000000e+00
2.253150464355527793e-01
0.000000000000000000e+00
0.000000000000000000e+00
2.545109061406062079e+00
6.150932934041346556e-01
0.000000000000000000e+00
0.000000000000000000e+00
0.000000000000000000e+00
0.000000000000000000e+00
0.000000000000000000e+00
1.254531929870134732e+00
0.000000000000000000e+00
0.000000000000000000e+00
1.212377884336406142e+00
0.000000000000000000e+00
1.761556392222927592e+00
5.636783127871357602e-01
0.000000000000000000e+00
4.530772134786202332e-01
1.161490302540498121e+00
3.884732887775080301e-01
1.357461156103602296e+00
0.000000000000000000e+00
6.865671731690891066e-01
1.454660289452100810e-02
0.000000000000000000e+00
1.563020708819665974e-03
0.000000000000000000e+00
1.555490774634852302e-01
0.000000000000000000e+00
0.000000000000000000e+00
0.000000000000000000e+00
0.000000000000000000e+00
0.000000000000000000e+00
0.000000000000000000e+00
0.000000000000000000e+00
7.334652585223154775e-01
1.695702110269752538e-01
4.051946742022601855e-01
0.000000000000000000e+00
0.000000000000000000e+00
0.000000000000000000e+00
1.079975866301105203e+00
9.271659786626429423e-01
0.000000000000000000e+00
2.033489015265010913e+00
0.000000000000000000e+00
8.124314022414353964e-01
1.248218255714317770e+00
8.326034658017281709e-01
0.000000000000000000e+00
0.000000000000000000e+00
0.000000000000000000e+00
4.752624505236773267e-01
5.314725063749623502e-01
0.000000000000000000e+00
7.808624562529017377e-01
1.155725225588938587e-01
