# Ensemble D, m = 50.0, lambda = [  7.06416791e-09  -5.50765827e-09   0.00000000e+00   1.04414316e-09]
9.126568587479460745e-03
0.000000000000000000e+00
1.086522654073251715e-01
0.000000000000000000e+00
1.159229490010236674e+00
1.844688294659730277e+00
1.527517596561170032e+00
0.000000000000000000e+00
2.082843707113845699e+00
2.261383043908197887e+00
2.431053668758283715e-01
4.674630984850624421e-02
2.445108737740070204e+00
1.454701958573286769e+00
1.019630868172781257e+00
0.000000000000000000e+00
1.220115905445876558e+00
0.000000000000000000e+00
1.743379493878938868e+00
2.438849673126166628e+00
0.000000000000000000e+00
3.047186146040516075e+00
2.093323476134276717e+00
0.000000000000000000e+00
1.426975489769147565e+00
6.077672927690842553e-01
0.000000000000000000e+00
3.641763943133881076e-01
1.263816513633787331e+00
1.865130152472006086e+00
0.000000000000000000e+00
0.000000000000000000e+00
2.529567557607033113e+00
0.000000000000000000e+00
6.677068124039154950e-01
0.000000000000000000e+00
0.000000000000000000e+00
1.101554722679675358e+00
7.922991905510379240e-01
2.917972234085400629e+00
7.288574294799319286e-01
0.000000000000000000e+00
0.000000000000000000e+00
0.000000000000000000e+00
6.067952412341601764e-01
1.271351269611692647e+00
0.000000000000000000e+00
1.470424180212817067e+00
6.976146075429816573e-01
0.000000000000000000e+00
1.833996989490477292e+00
9.868013439922024288e-01
2.072498418654066921e+00
0.000000000000000000e+00
2.076823002675308505e+00
5.487520926829551060e-01
9.703640882108982568e-01
0.000000000000000000e+00
9.762583758994256011e-02
0.000000000000000000e+00
6.070354572192809828e-01
3.185329085309543284e+00
9.112292225260042455e-01
1.156740878929336525e+00
1.334076360218054313e+00
6.767411754360354026e-01
0.000000000000000000e+00
1.334989360044367634e+00
3.872258132838974909e-01
9.127540715660269477e-01
0.000000000000000000e+00
0.000000000000000000e+00
0.000000000000000000e+00
0.000000000000000000e+00
1.361687366595980997e+00
1.603880025688447342e+00
0.000000000000000000e+00
0.000000000000000000e+00
0.000000000000000000e+00
5.457264167450519565e-01
0.000000000000000000e+00
0.000000000000000000e+00
3.521448605542624732e-01
0.000000000000000000e+00
1.521568113212321105e+00
0.000000000000000000e+00
0.000000000000000000e+00
0.000000000000000000e+00
0.000000000000000000e+00
0.000000000000000000e+00
6.528456666080353910e-02
8.259345074799852304e-02
2.772689881005287127e+00
0.000000000000000000e+00
1.526037597258331324e+00
0.000000000000000000e+00
2.019354789723776022e+00
2.973276285540410679e+00
1.297526987870786463e+00
0.000000000000000000e+00
