# Ensemble D, m = 50.0, c_n/c_p = 0.612903225806, f = -0.998695652174
# lambda = [  1.25025473e-08  -7.65285654e-09   0.00000000e+00   3.91255501e-10]
#  
0.000000000000000000e+00
5.550062539897938629e-01
7.158573844499994676e-01
0.000000000000000000e+00
0.000000000000000000e+00
0.000000000000000000e+00
0.000000000000000000e+00
3.356474469931122750e-01
0.000000000000000000e+00
1.036445057253585489e+00
3.780165966253318244e-01
0.000000000000000000e+00
4.996163737030877017e-01
1.628105628235595015e+00
1.643460649876619384e-01
0.000000000000000000e+00
1.376454592947204292e+00
1.916627076619222547e-01
3.652884481379299331e-01
0.000000000000000000e+00
7.283777140639720038e-01
0.000000000000000000e+00
6.628646701744113356e-02
2.656978371341142675e-01
4.947973834330892107e-01
2.153494295801734459e+00
0.000000000000000000e+00
0.000000000000000000e+00
5.595023876363974802e-01
1.347864208873071457e+00
0.000000000000000000e+00
2.185729738208668504e-01
1.420852140732581093e-01
3.190959809271766145e-01
7.354806518120833303e-01
0.000000000000000000e+00
0.000000000000000000e+00
5.586056854876826350e-01
1.399100888971022361e+00
0.000000000000000000e+00
0.000000000000000000e+00
0.000000000000000000e+00
8.641360877074483193e-01
7.144342857593789509e-01
1.751682888561018892e-01
0.000000000000000000e+00
0.000000000000000000e+00
1.136072761345707782e+00
1.654635918218589685e+00
1.267245879803031272e+00
0.000000000000000000e+00
2.707876740788337511e-01
6.066611764183206246e-01
4.571944547387695734e-01
0.000000000000000000e+00
0.000000000000000000e+00
0.000000000000000000e+00
1.517190145454668126e+00
6.251367780307801603e-01
0.000000000000000000e+00
0.000000000000000000e+00
0.000000000000000000e+00
0.000000000000000000e+00
6.100962030101789724e-01
0.000000000000000000e+00
1.290336439350372455e-01
0.000000000000000000e+00
2.986494507750543814e+00
1.225085504007699111e+00
1.178211327299038658e+00
1.144596839141655970e-01
0.000000000000000000e+00
0.000000000000000000e+00
0.000000000000000000e+00
6.037289117684813133e-01
0.000000000000000000e+00
1.224140057253558123e+00
0.000000000000000000e+00
3.368792808761164048e-01
3.272019027232094673e-02
1.976988079496318829e+00
3.682707722744530537e-02
0.000000000000000000e+00
2.524509426689247049e-01
2.415532010619291792e-01
1.093969021022535681e+00
1.306632482024606468e+00
0.000000000000000000e+00
1.095116847569300500e+00
0.000000000000000000e+00
0.000000000000000000e+00
0.000000000000000000e+00
1.605116218426571262e+00
0.000000000000000000e+00
3.473692088905640935e-02
8.282995577997221970e-01
0.000000000000000000e+00
1.282077370402557204e+00
0.000000000000000000e+00
0.000000000000000000e+00
