# Ensemble D, m = 50.0, lambda = [  4.27385949e-09  -3.85919172e-09   0.00000000e+00   8.08536277e-10]
0.000000000000000000e+00
0.000000000000000000e+00
0.000000000000000000e+00
2.406220846916418687e-01
0.000000000000000000e+00
1.953089715592185138e+00
0.000000000000000000e+00
0.000000000000000000e+00
0.000000000000000000e+00
4.348715191605617703e-01
1.081847494307746516e+00
2.533500343543920730e-01
0.000000000000000000e+00
5.387416282641034337e-01
8.241434531545082098e-01
4.719359815259905333e-01
2.288842097601253567e+00
1.660454903306502139e+00
6.323856330406263382e-01
0.000000000000000000e+00
0.000000000000000000e+00
4.811960320894750204e-02
2.629552739880800568e-03
4.505394496393658188e-02
1.615128619736462268e+00
4.894542022581084284e-01
0.000000000000000000e+00
0.000000000000000000e+00
1.734722322085482826e+00
0.000000000000000000e+00
0.000000000000000000e+00
0.000000000000000000e+00
0.000000000000000000e+00
0.000000000000000000e+00
0.000000000000000000e+00
6.307090664791116241e-01
1.743714560971010741e+00
1.519550747829455428e+00
8.031608805095756809e-01
0.000000000000000000e+00
1.846496102257160432e+00
2.298954460894805929e-01
2.218282052045281283e+00
1.610686817710538010e+00
8.586458157536554225e-02
0.000000000000000000e+00
0.000000000000000000e+00
0.000000000000000000e+00
0.000000000000000000e+00
0.000000000000000000e+00
0.000000000000000000e+00
0.000000000000000000e+00
0.000000000000000000e+00
2.298400268054024143e-01
2.142710289491345232e-02
0.000000000000000000e+00
1.551512372216879099e+00
1.303456781444834074e-02
3.684378392366116084e-01
2.686092149449523792e-01
6.174820202483217724e-01
0.000000000000000000e+00
0.000000000000000000e+00
2.125295489845450803e+00
1.387708073686384491e+00
0.000000000000000000e+00
2.316373325042309972e+00
9.244696240103502660e-01
4.591587530851405918e-01
0.000000000000000000e+00
3.978910104303049478e-01
0.000000000000000000e+00
0.000000000000000000e+00
2.021932549805381729e+00
0.000000000000000000e+00
1.271491159192166265e+00
0.000000000000000000e+00
4.291644187208346062e-01
0.000000000000000000e+00
1.776600084468136664e+00
0.000000000000000000e+00
0.000000000000000000e+00
1.302912776923336846e+00
1.662906831619421100e+00
0.000000000000000000e+00
0.000000000000000000e+00
0.000000000000000000e+00
1.217163499690396833e+00
0.000000000000000000e+00
4.601088457238423635e-01
1.863031754296429421e+00
4.480317097113322711e-01
0.000000000000000000e+00
6.554673227851467443e-01
1.379971000159373240e+00
0.000000000000000000e+00
0.000000000000000000e+00
0.000000000000000000e+00
1.002180848655508605e+00
0.000000000000000000e+00
