# Ensemble D, m = 50.0, lambda = [  5.13388187e-09  -4.63515008e-09   0.00000000e+00   5.70903995e-10]
1.439547428786007964e-02
0.000000000000000000e+00
0.000000000000000000e+00
0.000000000000000000e+00
0.000000000000000000e+00
1.251200183597298565e+00
0.000000000000000000e+00
1.162736168754950228e+00
4.000627335226598080e-01
8.732484001405680374e-01
1.571475703319239914e+00
0.000000000000000000e+00
5.048628735942157358e-03
0.000000000000000000e+00
0.000000000000000000e+00
0.000000000000000000e+00
0.000000000000000000e+00
0.000000000000000000e+00
0.000000000000000000e+00
0.000000000000000000e+00
7.613745762839708997e-02
5.148964722742171984e-02
9.802576299936002213e-01
8.470715042505497783e-01
0.000000000000000000e+00
2.092333856954308402e+00
0.000000000000000000e+00
0.000000000000000000e+00
2.074091857458067789e+00
6.034479762977020822e-01
0.000000000000000000e+00
0.000000000000000000e+00
4.317362160560422324e-01
5.643855856852889596e-01
0.000000000000000000e+00
6.167251099061158044e-03
0.000000000000000000e+00
3.853870572623761537e-01
2.315244742580614412e-01
0.000000000000000000e+00
0.000000000000000000e+00
2.601969638920514694e+00
0.000000000000000000e+00
0.000000000000000000e+00
4.857646362165464748e-01
5.272580872510089778e-01
4.377075546670359252e-01
0.000000000000000000e+00
8.916779484532284805e-02
0.000000000000000000e+00
7.250528973808132438e-01
8.569534838898178464e-01
3.762476013616317672e-01
0.000000000000000000e+00
0.000000000000000000e+00
1.310471590961876487e+00
0.000000000000000000e+00
0.000000000000000000e+00
1.169466974159228678e-01
6.324245921717197572e-01
0.000000000000000000e+00
1.209804708694436903e-01
0.000000000000000000e+00
0.000000000000000000e+00
1.316360117274195662e+00
0.000000000000000000e+00
8.373336443571584020e-01
6.221810219382847285e-01
0.000000000000000000e+00
0.000000000000000000e+00
5.975529448263018351e-01
0.000000000000000000e+00
0.000000000000000000e+00
0.000000000000000000e+00
1.568048815577182120e+00
2.155914387603528604e-01
0.000000000000000000e+00
6.166548178699399196e-01
9.530216382283479559e-01
0.000000000000000000e+00
2.056001235105009428e+00
0.000000000000000000e+00
0.000000000000000000e+00
0.000000000000000000e+00
4.416224931272093590e-01
1.714813573242147005e+00
0.000000000000000000e+00
2.238642517393836684e+00
1.077490341716374811e+00
0.000000000000000000e+00
0.000000000000000000e+00
0.000000000000000000e+00
2.509750293960117506e+00
0.000000000000000000e+00
6.718013063167525001e-01
0.000000000000000000e+00
0.000000000000000000e+00
7.054869541844807634e-02
3.698123891719612977e-01
0.000000000000000000e+00
