# Ensemble D, m = 50.0, c_n/c_p = 0.612903225806, f = -0.980434782609
# lambda = [  7.52986629e-09  -4.52478431e-09   0.00000000e+00   9.08451576e-10]
#  
1.524438332480020586e+00
1.076327538813085072e+00
3.060917640846188559e-01
1.059367745824371099e+00
3.438493229719444266e-02
4.987367769368152848e-01
2.144559317362968454e+00
0.000000000000000000e+00
0.000000000000000000e+00
1.906270787132482658e+00
0.000000000000000000e+00
0.000000000000000000e+00
2.348570895185855267e+00
0.000000000000000000e+00
0.000000000000000000e+00
2.337925683092461349e-01
1.063093460725129891e+00
1.508637692955066889e+00
2.342441613353798968e-01
1.254964471685302008e-01
0.000000000000000000e+00
0.000000000000000000e+00
0.000000000000000000e+00
1.213049885365509617e+00
1.362036711306924719e+00
1.335973950667687093e+00
0.000000000000000000e+00
3.863124028351755390e-01
1.585157356115505234e+00
1.681421049150322311e+00
0.000000000000000000e+00
1.850956205631165474e+00
0.000000000000000000e+00
0.000000000000000000e+00
1.527938305664273688e+00
0.000000000000000000e+00
2.363337349445949975e+00
0.000000000000000000e+00
0.000000000000000000e+00
6.819014790598053599e-01
2.639038855002456163e+00
1.057961168291662313e+00
5.099027511564199200e-01
1.405473095179756271e+00
7.627054458185327235e-01
1.298302169957668450e+00
3.004448566409238519e-01
4.519969249626523689e-01
4.240790662133744338e-01
8.341887187110227364e-01
0.000000000000000000e+00
1.123911884694104163e-01
0.000000000000000000e+00
1.883959262046550898e-01
1.554843391118526097e-01
0.000000000000000000e+00
0.000000000000000000e+00
7.871771484424384679e-01
9.799795129851948117e-01
1.039198203898106465e+00
2.610810701168757020e-01
2.022863315073128443e-01
1.463441040533187243e+00
2.324417151588923092e-01
1.742173823637188368e-01
4.554358343602820103e-01
0.000000000000000000e+00
2.780104783313790406e-01
1.164313200579489616e+00
7.363845958392392088e-01
3.264515567489125192e-01
0.000000000000000000e+00
9.759517642763564371e-01
1.122391901466568420e+00
1.206572295455771382e+00
0.000000000000000000e+00
0.000000000000000000e+00
1.024880978272200371e+00
0.000000000000000000e+00
1.075027613779042657e+00
6.218008407715810426e-01
2.066380304260591605e-01
5.341550943857056311e-01
0.000000000000000000e+00
2.567901919620368290e+00
1.104095560970768247e-01
1.728565638719082032e-01
0.000000000000000000e+00
0.000000000000000000e+00
0.000000000000000000e+00
3.018545898246256520e-01
1.394199473019727353e+00
1.224897207260139176e+00
6.653672698916020256e-02
0.000000000000000000e+00
3.135444244080987652e-01
0.000000000000000000e+00
2.149276593246795403e-02
3.333344311510508251e-01
0.000000000000000000e+00
