# Ensemble A, m = 1000.0, lambda = [  4.51561109e-08  -2.98194205e-08   0.00000000e+00   3.34963447e-09]
1.703551285551448302e+00
1.030573013551192796e+00
2.360974155218348525e+00
9.596427707997006173e-01
1.820996509471873415e+00
1.728979164548779313e+00
1.130229087347309092e+00
2.622524846567536372e+00
1.824672970090509327e+00
1.276493601939174383e+00
1.922219158206036838e+00
1.864818225681965203e+00
1.714714308639277096e+00
1.143167964311529783e+00
1.513553067635228899e+00
1.436559912006133199e+00
3.506700437209185672e+00
2.078629528288595818e+00
7.945075544187062411e-01
1.240115341914539204e+00
0.000000000000000000e+00
2.236911475182488118e+00
2.196642224001410071e+00
2.180364666714331712e+00
2.273719462201303720e+00
8.380133018686322099e-01
1.062575322547163914e+00
1.718194613424295358e+00
2.241247309109618779e+00
1.511415217123681876e+00
1.364767804237463134e+00
1.225098134093182800e+00
2.160486628714097246e-01
2.605138946877256778e+00
2.006568442038918557e-02
0.000000000000000000e+00
1.877490892841949588e+00
9.216122370625022819e-01
2.459644737324202080e+00
4.257109275285726468e-01
2.647616109724925337e+00
3.598016186386714388e-01
1.747672275311404011e+00
1.136223328077270667e+00
1.936153191057253142e+00
3.080527460366029313e+00
2.082482593781134206e+00
3.152473893138903804e+00
5.784559147833024939e-01
1.892736733544875039e+00
2.638888185482187176e-01
1.131243978155310970e+00
2.326695031466651908e+00
0.000000000000000000e+00
1.489451475754612453e+00
2.394793145053581984e+00
2.528266177536318882e+00
2.933885455857704105e+00
1.398725908130582951e+00
2.343968438468174487e+00
1.883067643766923593e+00
0.000000000000000000e+00
0.000000000000000000e+00
2.144591004979742976e+00
1.337954828688126430e+00
2.524986658167141851e+00
6.904968919753279311e-01
1.536180128729549121e+00
6.032477715727304624e-01
9.392236853458403589e-02
2.378015778835256278e+00
1.563115960596503928e+00
1.212673150031151170e+00
1.588539958243863903e-01
1.868313533559251560e+00
7.918606219766241017e-01
1.653662637590856521e+00
1.307367496831034703e+00
4.498443626346787516e-01
1.175599493212635016e+00
1.180705902477958258e+00
2.352143118248888776e+00
5.888669643802441067e-01
8.286925087544704249e-01
8.484682371078223762e-01
5.784244760458430168e-01
1.786117972657312425e+00
1.701724587807120326e+00
1.248746601587808591e+00
2.296176611727808847e+00
0.000000000000000000e+00
0.000000000000000000e+00
0.000000000000000000e+00
2.177543652920867601e+00
1.911909904399593296e+00
1.453752829785732059e+00
1.548087608580213326e+00
7.870404188894327691e-01
4.522699475520155055e+00
1.315295355173707215e+00
