# Ensemble A, m = 1000.0, lambda = [  1.42452189e-08  -1.26669865e-08   0.00000000e+00   2.73341797e-09]
2.386363033704740566e+00
9.850599680504665834e-01
1.298569833186327405e-01
3.606521074936640758e+00
2.163661928653417554e-01
2.496322335696846917e+00
1.485873049271769553e+00
1.766498112006959165e+00
4.922877041135649279e-01
1.574924730734777789e+00
1.312319208176878860e+00
2.913488493578832550e+00
2.645494025606617505e+00
1.586068328765030344e+00
1.344369905135058607e+00
1.444036430570592167e+00
3.651654929723069820e+00
0.000000000000000000e+00
2.194785843229312139e+00
4.065710753126086097e-01
1.330348357892800371e+00
7.027794979501141848e-01
1.143261819246343958e+00
2.328797318546402539e-01
5.657485720254044059e-01
3.149457015971993123e-01
1.026269691284084296e+00
2.187619625753723263e+00
2.387062832823500180e+00
3.479491237413303573e+00
2.543130876083233183e+00
7.269031638149895391e-01
0.000000000000000000e+00
7.522978757254410453e-01
1.156465749476995430e+00
5.964443511451744673e-01
1.397856660957112807e+00
1.365051231051158886e+00
1.395985431870508497e+00
1.708132201136844497e+00
3.916833388802044014e-01
5.144129748557171311e-01
2.400570342579186001e+00
3.241721366281642425e+00
1.142822891170388877e-01
5.960017531035251004e-01
1.877067813124926765e+00
9.367157976641840023e-01
7.195902069574783289e-01
2.653432787055947539e+00
2.213001857699332664e+00
2.110181699325714977e+00
0.000000000000000000e+00
4.525490603013858082e-01
2.265507144083579227e+00
1.104526033261647555e+00
1.469884540684803342e+00
5.593016322908344051e-01
3.914299709015024997e-01
1.349407629758204274e+00
1.711134859534155783e+00
2.038735235873161411e+00
0.000000000000000000e+00
2.323510671638497449e+00
5.105341127938320955e-01
3.773505505686193473e+00
1.525288242280205209e+00
2.897448811195892926e+00
1.061539438431755356e+00
1.018414159344087189e+00
1.182142439047089599e+00
1.032519486163239852e+00
2.162869300258710048e+00
0.000000000000000000e+00
1.744284558588649947e+00
9.670989390362050298e-02
0.000000000000000000e+00
1.406205013623414324e+00
2.061489524013134511e-01
1.308760849009138028e+00
1.493092339614034758e+00
2.283045686052020407e-01
1.301524597422732299e+00
3.677963802941084381e+00
2.039832875518004407e+00
1.942337201646018308e+00
2.004338479705112697e+00
8.462914957700049534e-01
1.519227512478519282e+00
7.104878043587823377e-01
1.139974327497400797e+00
0.000000000000000000e+00
8.213731207295358328e-01
4.987300548490316010e-01
1.877541046119243884e+00
1.151429483990770830e+00
2.267112135643683413e+00
3.187084107034927616e-01
3.615270448407747583e+00
1.877183281471424436e+00
