# Ensemble A, m = 1000.0, lambda = [  2.55493941e-08  -2.00212470e-08   0.00000000e+00   3.19567491e-09]
3.917171579701595352e+00
2.219920552056723118e+00
2.401649775777744189e+00
2.528183137315918483e+00
4.020035605223934105e+00
3.551179323742283067e+00
4.228594207633157964e+00
3.581157969404092256e+00
5.176055436690911726e+00
1.426346227133699518e+00
3.253216541121912275e+00
3.379421709407533392e+00
3.409659345001062825e+00
3.644214990412794286e+00
2.977722941287200609e+00
4.157079074073335434e+00
3.893405881641788024e+00
3.875292871887928481e+00
3.043319783789869337e+00
3.077646724496613029e+00
3.672070157406518209e+00
3.973996915673750241e+00
5.080030012948713924e+00
3.412845342698881623e+00
2.555631763485835872e+00
4.387009244363120786e+00
3.593415507100177653e+00
3.680335537981552552e+00
2.282658525516161330e+00
3.005202471746637904e+00
2.188696871944069144e+00
4.864172405518434772e+00
4.382329691891009738e+00
3.319592661716245008e+00
2.557977458172783436e+00
1.719736704397482274e+00
1.520016612176868120e+00
1.319561054983759085e+00
4.097429724751867397e+00
3.839126069986306788e+00
5.431421408864569145e+00
3.203745786150293817e+00
3.979809200255191026e+00
3.822784485551161460e+00
2.033582227487672256e+00
4.506528215228420287e+00
4.476097842084372225e+00
4.331831413155324384e+00
4.207905084947237029e+00
4.359633550343681385e+00
3.257265838019239634e+00
3.263378454759319425e+00
1.866743746076891419e+00
1.707210080435769273e+00
4.091798612102534705e+00
2.343990309207358180e+00
4.021850887850239253e+00
2.978750161214513525e+00
5.554325054699819297e+00
5.186980275736758905e+00
5.726766780845006011e+00
2.041434084282722772e+00
4.043080570985154942e+00
2.545301202971298693e+00
3.228068926447754450e+00
4.655513708784494220e+00
5.250729129471253032e+00
3.529848679003468437e+00
2.844756126823955178e+00
2.782183863016983949e+00
5.127680449738492463e+00
3.628812567397493805e+00
3.045290526266609010e+00
3.589831722281044968e+00
5.691600106234079526e+00
3.254867672755797692e+00
3.124413392551034008e+00
1.771017427985814408e+00
2.931514416255009969e+00
3.414600472469889958e+00
4.274225093760665395e+00
4.978539562660832196e+00
4.200591355016281447e+00
3.390733824548894049e+00
3.946567156032369184e+00
3.358057474220655259e+00
4.092178695525126031e+00
2.747264321712585389e+00
3.498116611429138878e+00
3.943080148214734848e+00
3.134459973971044811e+00
4.049554293246146131e+00
4.547525999417331377e+00
2.125902339081431780e+00
4.608360239598450647e+00
3.449968525115778561e+00
4.177076351068471638e+00
2.665195929496651406e+00
2.877500037726135496e+00
2.724172110100480104e+00
