# Ensemble A, m = 1000.0, c_n/c_p = 0.832258064516, f = -0.988260869565
# lambda = [  2.17807312e-08  -1.79143918e-08   0.00000000e+00   2.76939634e-09]
#  
6.151097161177930595e+00
3.310403624549137280e+00
4.695584543427997914e+00
4.841793327422932336e+00
4.728861925620503115e+00
2.728673936065112660e+00
2.454638395047207045e+00
2.949573615404794236e+00
4.248988113900798780e+00
3.699091303646611983e+00
2.142837131398484196e+00
3.957459195624048576e+00
4.955016335410821426e+00
3.169375631385210390e+00
2.190604051855667311e+00
1.962232465279355687e+00
2.225222391903622920e+00
3.654954344303706026e+00
3.773905445431203098e+00
4.552671861288546395e+00
5.305648984861526252e+00
1.947494910315502370e+00
2.536561630373725063e+00
6.056489544529087610e+00
1.880637728432180467e+00
6.206321996379061900e+00
4.833027577510285333e+00
2.035458352513295210e+00
5.677563275678750188e+00
4.088058957684618910e+00
3.400671666273470617e+00
5.299216752714579037e+00
3.138779195324079563e+00
2.413555272625439230e+00
5.218600214711933916e+00
2.132655837931030085e+00
3.910584642057290505e+00
3.359529174431245657e+00
4.327296804177281686e+00
3.020877577906994738e+00
5.112717853410039481e+00
3.424650408239116484e+00
2.409534360246526674e+00
1.807160795633280692e+00
4.044253572545165376e+00
4.641864718437517467e+00
6.371112526777850782e+00
2.187019019388576790e+00
2.161264600115187839e+00
3.320500001106533983e+00
3.288360903792182377e+00
2.289986148659589382e+00
3.510179652813627094e+00
4.883675361143961169e+00
3.501920447967156846e+00
5.123785302484662907e+00
3.439013251727160991e+00
3.576746099582932104e+00
3.217320698043745431e+00
2.958491814056694036e+00
3.768720484216925293e+00
3.402573976501216624e+00
5.482001970577637273e+00
4.792513113450989515e+00
5.952010461609894776e+00
5.172323835667018699e+00
3.553889008742538547e+00
4.125741977691867568e+00
4.002564421394841254e+00
3.538088816852132723e+00
5.203351336058423371e+00
4.568425536454792990e+00
2.733980106443486324e+00
3.547548070684184651e+00
4.183704477330647542e+00
5.551307657726813005e+00
3.436276202540275548e+00
3.325362412515932675e+00
3.433368286880222442e+00
1.950331729652195589e+00
5.852495813508566513e+00
5.937754376342852858e+00
5.098006489751782944e+00
6.038109680554967440e+00
5.468029174754054367e+00
3.096263568525615018e+00
4.733539055147476304e+00
4.608485606747629859e+00
5.261219414605234235e+00
5.453069083067697775e+00
2.967278319213846771e+00
4.583654407930541907e+00
3.844055272060337369e+00
5.949624498254783234e+00
1.233935100789781636e+00
3.171692325296217696e+00
3.553889008742538547e+00
3.248038696370255884e+00
4.284798421817024305e+00
6.386159185985147424e+00
