# Ensemble A, m = 1000.0, lambda = [  2.19975683e-08  -1.28850756e-08   0.00000000e+00   2.85942476e-09]
2.808663056168049454e+00
5.940778416713664578e-01
5.415718967884189938e-01
6.086833795429158478e-01
3.898034505412323880e-01
5.284285808972580822e-01
1.489841798854812716e+00
0.000000000000000000e+00
7.359837798247926832e-01
0.000000000000000000e+00
0.000000000000000000e+00
5.692797430596233665e-01
0.000000000000000000e+00
0.000000000000000000e+00
1.401615853475971729e+00
1.533572667620221042e+00
6.355084211606443212e-01
4.364786921679684184e-01
3.474330292136469378e-01
0.000000000000000000e+00
1.027876829352713184e+00
9.447872891435499243e-01
0.000000000000000000e+00
1.253734121579675342e+00
1.123956633362594548e+00
0.000000000000000000e+00
0.000000000000000000e+00
4.639482672761430920e-02
3.296514322076140036e-01
0.000000000000000000e+00
3.107159664159075407e-01
2.321631265823814461e-01
0.000000000000000000e+00
0.000000000000000000e+00
3.916436834044875748e-01
0.000000000000000000e+00
6.428801955268634849e-01
5.354322771064853326e-01
2.276888918026769737e+00
7.999547399539307380e-01
1.098968723344420306e+00
3.046606890879885454e-01
0.000000000000000000e+00
2.301181558501750046e-01
0.000000000000000000e+00
1.563141918627882487e-01
2.837366161449124125e-01
1.505451921572750207e-01
1.003091487507904001e+00
0.000000000000000000e+00
3.084770413613408535e-01
0.000000000000000000e+00
0.000000000000000000e+00
0.000000000000000000e+00
9.058802923864459622e-01
7.585167978382039156e-01
0.000000000000000000e+00
5.647424751988134872e-01
0.000000000000000000e+00
0.000000000000000000e+00
0.000000000000000000e+00
4.069163410885213716e-01
7.572829758998121941e-01
0.000000000000000000e+00
1.137984910922304360e+00
6.840083138626688042e-01
9.063090286474836388e-01
1.560531360162960901e+00
0.000000000000000000e+00
0.000000000000000000e+00
1.960275990010275748e+00
0.000000000000000000e+00
0.000000000000000000e+00
2.157960366782521178e-01
2.162291159354587045e+00
1.433012545936705351e+00
8.209425775861390884e-01
1.222177133424503070e+00
8.117481471647116642e-01
2.289149299076258248e-01
1.988005507242671221e+00
7.515852703572090121e-01
3.553910965650452503e-01
6.473537107242688382e-01
0.000000000000000000e+00
5.301245397482350352e-01
4.960045947406197531e-01
1.468100536725018390e+00
4.372236252571172488e-02
1.267427588445801501e+00
2.710215498928211786e-01
0.000000000000000000e+00
9.706461982161076474e-01
0.000000000000000000e+00
9.787798045723596907e-01
0.000000000000000000e+00
1.544039807484955951e+00
1.826579788796045767e+00
1.537943462397420413e+00
0.000000000000000000e+00
