# Ensemble A, m = 1000.0, lambda = [  3.22477682e-08  -2.54622136e-08   0.00000000e+00   2.55581567e-09]
3.110660832127043030e+00
3.527793197312961926e+00
4.073825660306546581e+00
3.889508223396487274e+00
3.257447446527476309e+00
5.382685580024602068e+00
5.621920936944299285e+00
4.922408164427086952e+00
4.926611456644399034e+00
4.994583715291884829e+00
5.622942248255049513e+00
5.205643538030254369e+00
4.556835207836379631e+00
4.548699247560232806e+00
5.226455214835313612e+00
4.806482930139903686e+00
4.966332024709478432e+00
3.901772996873282828e+00
4.188540340980579479e+00
4.454215926009539750e+00
3.589498145376376126e+00
4.195658364779228933e+00
4.134177497149168268e+00
5.302069246741877961e+00
4.813081668194637786e+00
4.185237489583588655e+00
4.045403724803392720e+00
4.571379382817163162e+00
4.608798470866338093e+00
4.766371431883589693e+00
5.224829272216150677e+00
4.442436911428919721e+00
4.540323063317215357e+00
5.299773789258362733e+00
5.220818958787154074e+00
5.068686547722622393e+00
5.207730659125511252e+00
4.643677281948935587e+00
4.833526206171249839e+00
5.143306268939786818e+00
4.063689144969353961e+00
3.228359783500750257e+00
4.878370698720561727e+00
4.662787256468998720e+00
5.106451463213389275e+00
5.254857662194979184e+00
4.770232679148195487e+00
4.322316452421874011e+00
5.749265593626666337e+00
5.206605560568559277e+00
5.260471590373978934e+00
5.345086114423240886e+00
5.266737773281611190e+00
5.145049751704043217e+00
5.297506298943345904e+00
5.594630675279442578e+00
5.192962468968567613e+00
4.560777096327157665e+00
5.293195575476021375e+00
5.298917123795364503e+00
4.007525127902792583e+00
5.169033278645610352e+00
5.251741537846710273e+00
5.148881217951352340e+00
4.721600246732521988e+00
4.908144793199285871e+00
4.632566242219263941e+00
4.538251179772870181e+00
4.029077220733537246e+00
5.625594019760177034e+00
3.955798585221902197e+00
5.002436441604850792e+00
3.852984764204085977e+00
4.753619966366827043e+00
5.324752481867843557e+00
5.358205713954664162e+00
4.638210827943919590e+00
4.204406020202284822e+00
5.663787500893822546e+00
4.528686960975628395e+00
4.806635968599063169e+00
4.567941192664775052e+00
3.426757876575944550e+00
5.214111413511323789e+00
5.123871149327143826e+00
3.757045486708968873e+00
4.820302634929270802e+00
3.728797477494809609e+00
5.033795913941224498e+00
3.980070474753705678e+00
5.188895715552436450e+00
4.158621166846900863e+00
4.933754693892532295e+00
4.962437610543642741e+00
5.134477764475250616e+00
4.883677494380799011e+00
5.077086832673558980e+00
5.237762490695439865e+00
5.147648450520318164e+00
4.459718719162336420e+00
