# Ensemble A, m = 1000.0, lambda = [  1.67451064e-08  -1.54100893e-08   0.00000000e+00   1.09170588e-09]
1.892730924810234416e+00
5.600254922149578984e-01
0.000000000000000000e+00
2.809973208975390158e+00
2.685978211161513141e+00
1.513336779251321484e+00
0.000000000000000000e+00
0.000000000000000000e+00
5.348427440487381057e-01
1.919973402120772166e+00
2.644891233620906945e+00
1.342016064505905604e+00
1.934778225767927129e+00
1.733292895858473459e+00
9.051293376627381759e-01
0.000000000000000000e+00
2.527145438816762013e+00
5.673790084625210395e-02
1.213477001087661433e+00
0.000000000000000000e+00
1.155981290660755612e+00
1.658495010937987679e+00
2.068021044612893711e+00
0.000000000000000000e+00
0.000000000000000000e+00
0.000000000000000000e+00
1.312627257618331544e+00
0.000000000000000000e+00
0.000000000000000000e+00
8.931082618181590549e-01
1.769271387945565932e+00
1.368925171500653626e+00
0.000000000000000000e+00
0.000000000000000000e+00
4.864410701791577196e-01
0.000000000000000000e+00
0.000000000000000000e+00
2.353509517491378933e+00
2.036151473331615946e+00
1.965088098460252564e+00
1.663257374874254957e+00
2.832027364233370648e+00
0.000000000000000000e+00
1.082318824318072359e+00
0.000000000000000000e+00
2.053716834007273118e+00
0.000000000000000000e+00
0.000000000000000000e+00
0.000000000000000000e+00
7.249999121972130478e-01
1.627308454200449228e+00
2.323912539369592078e+00
2.017623234790095754e+00
8.342757437996810577e-01
2.034315487561547453e+00
3.602562737467549958e+00
1.584263911481270881e+00
3.384653526778667931e+00
2.745753452542087913e+00
2.449698543048437038e+00
1.091035342994006951e+00
0.000000000000000000e+00
0.000000000000000000e+00
1.557827687773703840e+00
0.000000000000000000e+00
0.000000000000000000e+00
1.698949196273667583e+00
1.251282951362364226e+00
6.603528156186329046e-01
1.074353811309586293e+00
1.138766095030220304e+00
4.569258849647487297e-01
2.772292276470522676e-01
2.343959510886514774e+00
0.000000000000000000e+00
2.373609049213355693e+00
0.000000000000000000e+00
6.953391954944929676e-01
1.442083151037473421e+00
0.000000000000000000e+00
0.000000000000000000e+00
7.752488292361813665e-03
2.504067703862964400e+00
2.097398400131783358e+00
8.434364711096992151e-01
2.467658744102193324e+00
1.818697986993648374e+00
1.112333504618861379e+00
1.071401514445563530e+00
2.101786301984916783e+00
1.690882704974899120e+00
1.604332186420204254e+00
2.188555277293182666e+00
6.042246496033688574e-01
8.032187216760089399e-01
1.074773713595396529e+00
0.000000000000000000e+00
8.081964642435341961e-01
0.000000000000000000e+00
0.000000000000000000e+00
