# Ensemble A, m = 1000.0, lambda = [  2.64237414e-08  -1.81869924e-08   0.00000000e+00   3.81034274e-09]
1.836061704672355521e+00
3.541557946138778612e-01
1.304213809772335697e+00
3.421994248801222049e+00
3.484304265198475470e+00
5.447332002043323129e+00
2.050678868719898240e+00
2.647958507016308971e+00
8.876548025603987480e-01
8.343967366577536016e-01
3.378545719772607203e+00
3.441323789500628116e+00
1.397253717607487289e+00
2.295177834102019254e+00
4.676719217330415068e-01
1.945455285907359944e+00
1.337526606791535233e+00
1.878086584946485837e+00
6.931427101412960257e-01
3.076977244895700014e+00
3.723168250351219233e-01
3.971598127678031137e-02
1.321043244219681556e+00
1.163605493256032908e+00
1.842114051143040498e+00
1.326211732192026149e+00
2.249948788654954346e-01
2.688919082838702845e+00
0.000000000000000000e+00
1.907887276290171075e+00
2.430040388307291188e+00
1.677750587283030059e+00
2.696273775892302549e+00
1.509756583898571591e+00
1.060024191723322406e+00
1.724177189451359560e+00
4.431837917472764565e-01
9.856135614064160944e-01
1.568862989051458712e+00
2.309798006318815489e+00
3.570493389360131609e+00
3.027851857779642941e+00
1.038585940596734813e+00
2.474744240725163635e+00
1.767581386150559153e+00
2.425149565868136570e+00
3.159873528440258372e+00
2.089324682685526291e+00
1.746285451507498809e-01
8.060953851839596229e-01
2.681543015539779251e+00
1.456366900379855611e+00
1.889041726547660560e-01
2.066632459448960013e+00
2.905709570411542764e+00
7.926590040580467900e-01
2.949334731894801997e+00
1.732629144500295038e+00
3.052047241048160831e-01
3.434963125867667166e+00
0.000000000000000000e+00
2.446175369293903223e+00
2.151354519807191945e+00
1.018313663732525409e+00
1.856154933600115964e+00
2.718567190925619936e+00
1.055397894227943389e+00
1.676815109269195858e+00
3.410812468288861865e+00
0.000000000000000000e+00
1.842075891484126871e+00
1.323746958302297827e+00
3.340538165236586643e+00
1.926287274170016106e+00
1.517111170795446773e+00
3.096865621902898269e+00
1.468920871100830583e+00
1.040002918576690805e+00
1.342634291873372243e+00
1.674529830759377003e+00
1.485236167457976597e+00
2.934065973228140667e+00
7.727535488149718246e-01
2.202610998850810908e+00
3.703844250413615313e+00
1.022496667628728373e+00
1.784474815942341808e+00
3.556500794461969761e+00
2.714971080054479291e+00
9.803060108539050077e-01
0.000000000000000000e+00
8.561495155357966569e-01
1.903199089300370517e+00
2.049268879566756851e+00
7.942679614853267456e-01
1.552472993730086515e+00
9.648265883003644960e-01
2.787842774551474445e+00
0.000000000000000000e+00
1.616441436510812846e+00
