# Ensemble A, m = 1000.0, lambda = [  1.26089980e-08  -1.23529540e-08   0.00000000e+00   1.52149351e-09]
0.000000000000000000e+00
0.000000000000000000e+00
0.000000000000000000e+00
2.018711939718165205e+00
0.000000000000000000e+00
0.000000000000000000e+00
5.323915671809007488e-01
1.475341358901848698e+00
2.709970484632333143e+00
0.000000000000000000e+00
2.232346354713973469e+00
0.000000000000000000e+00
1.722759124835845590e+00
2.557507382954417707e+00
1.495362634255040568e+00
2.267781052353241122e+00
2.113033491146736331e+00
1.722801455597720244e+00
1.043759705445223673e+00
0.000000000000000000e+00
8.343829338595418754e-01
0.000000000000000000e+00
0.000000000000000000e+00
0.000000000000000000e+00
1.875468510144316925e-01
0.000000000000000000e+00
0.000000000000000000e+00
0.000000000000000000e+00
1.621820968088658610e+00
1.103107523327437445e+00
2.310253410347223646e+00
1.077437554974562284e+00
1.067471011325616725e+00
6.927922119505556253e-01
1.734373134759378043e+00
0.000000000000000000e+00
0.000000000000000000e+00
0.000000000000000000e+00
0.000000000000000000e+00
0.000000000000000000e+00
0.000000000000000000e+00
0.000000000000000000e+00
0.000000000000000000e+00
1.436667177870418310e+00
1.534545240293712975e+00
3.049705312453385275e+00
0.000000000000000000e+00
0.000000000000000000e+00
1.397024174638421545e+00
0.000000000000000000e+00
0.000000000000000000e+00
5.944732719419020261e-01
4.463384830323760544e-01
0.000000000000000000e+00
0.000000000000000000e+00
6.108458942570285100e-01
0.000000000000000000e+00
0.000000000000000000e+00
0.000000000000000000e+00
1.014150775067518051e+00
2.876341626026408083e+00
0.000000000000000000e+00
1.608963031332080185e+00
0.000000000000000000e+00
1.307134322289417838e+00
0.000000000000000000e+00
0.000000000000000000e+00
0.000000000000000000e+00
4.327381994190580006e-01
1.500260465149479749e+00
3.448117646230124955e-01
0.000000000000000000e+00
0.000000000000000000e+00
2.486571111303043757e+00
5.699823779579681338e-01
0.000000000000000000e+00
1.562263195848554442e+00
1.882664593579665979e+00
7.744119935504839569e-01
0.000000000000000000e+00
0.000000000000000000e+00
0.000000000000000000e+00
2.023322223585217738e+00
0.000000000000000000e+00
2.371392655622288181e+00
0.000000000000000000e+00
0.000000000000000000e+00
0.000000000000000000e+00
0.000000000000000000e+00
1.653538028320896913e+00
2.881939641067437496e-01
1.328811604601870311e+00
0.000000000000000000e+00
1.401489597092153705e+00
0.000000000000000000e+00
0.000000000000000000e+00
1.925270784601605722e+00
1.680985213711319315e-01
9.896530278392918767e-01
1.329287996213882161e+00
