# Ensemble A, m = 1000.0, c_n/c_p = 0.896774193548, f = -0.994782608696
# lambda = [  1.80807831e-08  -1.61297829e-08   0.00000000e+00   1.65414977e-09]
#  
2.837128714945131858e+00
0.000000000000000000e+00
1.177658177771771841e+00
1.031027527150575773e+00
2.620523691030022917e+00
3.537478219823162906e+00
2.894369570536290404e+00
2.508823517550951454e+00
2.791679342521430573e+00
2.147440513860503053e+00
1.885769619104513684e+00
2.794298922619138814e+00
2.168199369489645090e+00
3.211355215916043004e+00
2.943159359181678258e+00
5.750481367982622771e-01
2.327950140497557996e+00
1.417275293188935414e+00
3.394117941381797898e+00
2.925843343891695536e+00
2.637417291814249332e+00
2.055628460255966239e+00
0.000000000000000000e+00
3.044946170822235398e+00
2.014054772260753357e+00
2.689463978994185211e+00
8.026575184504606275e-01
3.070861945652104907e+00
1.939960673896763188e+00
2.263535274859554747e+00
0.000000000000000000e+00
0.000000000000000000e+00
1.633546301288563152e+00
2.516808854436616727e+00
2.158705167960199400e+00
2.159665456283222706e+00
3.143701074795709705e+00
3.401199141320249808e+00
5.534876902348377925e+00
0.000000000000000000e+00
2.302390143122159394e+00
3.283320852763237596e+00
1.941076549034308707e+00
1.433683932385142246e+00
4.982324245607769875e+00
2.344196449605972177e+00
1.500664208738234695e+00
1.168413949852192157e+00
3.381572391986833903e+00
2.631980809979795222e+00
3.299587312750931201e+00
0.000000000000000000e+00
1.415105882016189476e+00
3.733381519019269401e+00
5.134186444093099766e+00
1.320662210727261643e+00
3.703649317063771207e+00
1.691905887538427189e+00
4.909445355322588321e-03
2.744605109232314266e+00
0.000000000000000000e+00
1.327442464123824495e+00
2.095796012285201293e+00
1.794644114871461138e+00
2.977646027623543468e+00
2.410152849584921153e+00
1.691905887538427189e+00
2.360369544766893757e+00
1.608453047585922002e+00
1.956418406244364805e+00
2.949552931426488112e+00
4.538606803439576787e+00
3.321313933025437759e+00
3.005294184262110591e+00
3.286600375987696054e+00
0.000000000000000000e+00
3.468120360695487570e+00
0.000000000000000000e+00
3.240796190703573387e+00
2.480012698857397169e+00
0.000000000000000000e+00
1.065111120023930269e+00
2.459830721547534793e+00
0.000000000000000000e+00
1.730695621669530171e+00
2.911837060436948121e+00
2.226821656894860446e+00
0.000000000000000000e+00
2.053016749152673182e+00
2.559061022833735599e+00
1.057634173528149368e+00
0.000000000000000000e+00
1.720016398826066606e+00
2.578501834776193657e+00
0.000000000000000000e+00
3.234343575689644368e+00
1.181452996387003518e+00
1.607670066461537317e+00
1.538854703481994157e+00
0.000000000000000000e+00
