# Ensemble A, m = 1000.0, c_n/c_p = 0.81935483871, f = -0.997391304348
# lambda = [  2.93988687e-08  -2.40252668e-08   0.00000000e+00   1.73878516e-09]
#  
3.717207975639196249e+00
4.177708129748415544e+00
4.619632767632184667e+00
4.175007163464778515e+00
4.361518214918207015e+00
3.687235445034170223e+00
4.507671411084842816e+00
3.685005396496976005e+00
3.191694873088039675e+00
4.363942390832504792e+00
3.720134383999459171e+00
4.150201742045738662e+00
4.155664424279136071e+00
3.999470297982481437e+00
3.270374792786338691e+00
4.041157987327441248e+00
2.751198333405984187e+00
4.843172052248473136e+00
4.614512550108393896e+00
3.736065874955802890e+00
3.998233262271792654e+00
4.471121397681175225e+00
3.499252213114388166e+00
4.571982864463531193e+00
3.135260323232043067e+00
3.648872661603530521e+00
4.761538557491407531e+00
3.681653172975291266e+00
4.527019103326066940e+00
3.691982708144962988e+00
4.336569613779304611e+00
3.781157760591310701e+00
4.389039566182329821e+00
3.550360284307288783e+00
3.672506719059268843e+00
3.905586822911020661e+00
4.378166298491220410e+00
1.046103479694592941e+00
3.871242050875694396e+00
4.336826060291278928e+00
3.758357189838458456e+00
4.753779574556409315e+00
3.602522727826854787e+00
3.861811357290950486e+00
3.075296812658633527e+00
3.984160918657489781e+00
3.626670014562215272e+00
3.333464662238364351e+00
4.345551217916124642e+00
4.715786826406503707e+00
3.257533273265132312e+00
3.757179613162749732e+00
3.717484999351853503e+00
4.178435502807399615e+00
4.465975054929904431e+00
3.871242050875694396e+00
4.604509539124717499e+00
4.399844217354329956e+00
4.146671838373849894e+00
3.955983491408164632e+00
4.512118031562218690e+00
4.582557287113584010e+00
2.667212949952880052e+00
4.591145636391244622e+00
3.286828144617669700e+00
3.526488056277629735e+00
4.207339519341053879e+00
5.076220804847488388e+00
4.268750765084004861e+00
5.113628567991067797e+00
4.658373775282566243e+00
3.426727439341031634e+00
4.388974750906219136e+00
4.147414322888618443e+00
4.164383998681651100e+00
2.896617814243819033e+00
4.589121565789073820e+00
4.595021688621852896e+00
3.436104611432171829e+00
4.137476421286038430e+00
2.873620033220957382e+00
4.564380166544934170e+00
4.383711884434728923e+00
2.711084686775976138e+00
3.682321474954343365e+00
4.000073287774519315e+00
3.498013959657365834e+00
4.816298167763993554e+00
2.974965794861254231e+00
4.254827003429535459e+00
4.611144806430232279e+00
4.206605927650631571e+00
4.023706089988685619e+00
4.164691861159401043e+00
3.609258776649587830e+00
3.451251093245971457e+00
3.994346888254245886e+00
4.072719091423944171e+00
4.006278141026261785e+00
3.705420551004728225e+00
