# Ensemble A, m = 1000.0, c_n/c_p = 0.845161290323, f = -0.99347826087
# lambda = [  2.26911864e-08  -1.90526403e-08   0.00000000e+00   2.18667512e-09]
#  
4.886211876941759513e+00
2.789026196053882245e+00
5.529741173081133887e+00
5.978944865367156858e+00
4.725500880085756528e+00
4.656041375258865855e+00
5.207486814375257289e+00
5.505604138588251040e+00
3.356832719393132436e+00
5.161036184546818895e+00
2.880394284753254208e+00
5.754039344031227188e+00
4.358770341411133842e+00
3.371430020290185681e+00
5.775069637970591252e+00
4.915622578796069675e+00
3.801456261439684514e+00
4.854600366155191082e+00
4.292427980858438019e+00
5.773120694114840745e+00
4.913654168278012158e+00
4.158334793400785934e+00
3.439897992734270549e+00
5.169848933645990741e+00
5.714139579089503762e+00
2.005212349023125284e+00
5.826500908910813514e+00
5.899850274238886527e+00
5.815094484452644430e+00
4.225210038005268842e+00
2.428277856412391689e+00
1.088498082327686411e+00
5.626498368994560018e+00
5.025933693716835293e+00
4.104459031698577398e+00
5.383167843318045875e+00
5.108379592989554574e+00
4.758953873822913572e+00
6.786788409019023582e+00
3.683918710704561672e+00
5.516790990204677669e+00
2.148398824215471237e+00
5.358771950955595109e+00
3.057495499889759216e+00
3.949797475603442187e+00
3.824375511986154219e+00
3.283333738904356647e+00
5.310089035946253588e+00
4.883397451049977356e+00
3.724923087477539863e+00
4.499043513189137755e+00
5.571151180822468518e+00
3.339133116401154844e+00
4.455041772306313597e+00
3.094892256213672255e+00
5.948917753515983620e+00
4.026007724248474418e+00
4.754184902659529754e+00
3.829854410608975357e+00
5.324853680943954615e+00
3.165760165849540897e+00
4.616640596323523305e+00
4.057232411801868111e+00
3.163793134609720781e+00
4.692148691491695445e+00
3.158406501528490562e+00
5.393183241315130161e+00
4.667736324711555973e+00
4.593280771295697562e+00
5.539173525645760598e+00
3.814087819947646452e+00
3.422299923261572285e+00
3.969904735003997764e+00
6.000738926815046170e+00
5.641053361045258896e+00
3.720304642391949468e+00
2.067751128536197580e+00
6.264200470387002895e+00
4.767034640120218825e+00
4.123787320591005390e+00
5.234906934234475173e+00
3.830709150504648441e+00
4.832785789016392997e+00
3.040516408582472963e+00
5.049522921583402990e+00
5.527889780865996805e+00
4.322626414938223860e+00
4.155581664319758062e+00
5.225304003274568565e+00
4.710205624775804623e+00
4.658046138283697957e+00
4.201655036945578736e+00
5.276258121695023284e+00
4.851119364339596451e+00
4.765857424927874675e+00
5.122185516550568529e+00
5.496015835786389303e+00
4.630341116632852305e+00
4.186628744556641024e+00
4.587445197776858663e+00
