# Ensemble A, m = 1000.0, c_n/c_p = 0.935483870968, f = -0.944285714286
# lambda = [  1.06957964e-08  -9.44828209e-09   0.00000000e+00   3.29315944e-09]
#  
1.210457473775806925e+00
1.461225688470781936e+00
5.644151600052199624e-01
1.376128404048218457e+00
1.578625412142848461e+00
0.000000000000000000e+00
0.000000000000000000e+00
1.363411914198263020e+00
1.210087654332275608e+00
1.010776777524297287e+00
2.031356426088953615e+00
1.597689233149852228e+00
8.904610938795856079e-01
0.000000000000000000e+00
4.454824365510312023e-01
7.609412646514527312e-01
1.536675714050981023e+00
4.340481863596348799e-01
3.697787917583751360e-01
9.260934122929260770e-01
0.000000000000000000e+00
1.444283670272976383e-01
2.144981274085485445e+00
0.000000000000000000e+00
1.341572067227309484e+00
2.260407436762752020e+00
1.090080417745474151e+00
2.973109752580658238e+00
0.000000000000000000e+00
3.368465512849080579e+00
1.618706307291103652e+00
3.520865904429489324e-01
7.033422960096172849e-01
1.962538713727103978e+00
1.458243239504627697e-01
0.000000000000000000e+00
1.292846811249931616e+00
1.254465672611031479e+00
1.127944975897462898e+00
1.425713498127762158e+00
0.000000000000000000e+00
7.290011242837308725e-01
0.000000000000000000e+00
7.023044950131568376e-01
3.407477739091163027e+00
1.883125031667417293e+00
1.095237183412116622e+00
0.000000000000000000e+00
1.493087421512342798e-02
1.475674340201652779e+00
9.163468270479663280e-01
2.434602682157068099e+00
1.268514418385552567e+00
2.136032960889331367e+00
7.972491147197193762e-01
0.000000000000000000e+00
1.852927790075366676e+00
1.387832297975529205e-01
2.322194467476637936e+00
0.000000000000000000e+00
6.801390494092987016e-01
1.425164732669545353e+00
1.626923684658831748e+00
1.531428459095421246e+00
1.183358516248498971e+00
1.674181321850500614e+00
1.019305733579103368e+00
1.937096456378248233e+00
1.674587797411959400e+00
2.436303258415691564e-01
1.736535058598097203e+00
1.571110667525479565e+00
2.623387631768473671e+00
1.285603560171387771e+00
1.728979243446684855e+00
7.562964726946201643e-02
1.691373679350722581e+00
1.212557133522681907e+00
3.634063337983233222e-01
1.693900654405382511e+00
2.780407450302435635e+00
7.967498605492095987e-01
0.000000000000000000e+00
9.305572687998026060e-01
0.000000000000000000e+00
2.815426594450367026e-01
1.541334858828897536e+00
4.549026293164775137e-01
7.645820984540715459e-01
7.572560726162266276e-01
8.736696256730717147e-01
8.144588510101337109e-01
0.000000000000000000e+00
1.176716021315321825e+00
8.215320230894628262e-01
2.291827207560772184e+00
2.321890971729685393e+00
2.272863559928332222e+00
2.349591490777827030e+00
0.000000000000000000e+00
