# Ensemble A, m = 1000.0, c_n/c_p = 0.883870967742, f = -0.99347826087
# lambda = [  1.87989249e-08  -1.65074599e-08   0.00000000e+00   1.89456428e-09]
#  
3.089705831960214866e+00
4.444240363973834818e+00
4.323151025215332233e+00
3.278075519766331158e+00
2.377651934950765433e+00
4.493366759274638689e+00
4.832074363276252171e+00
3.784032048522309122e+00
3.205629314742203029e+00
4.392669128559351321e+00
3.030140434053212761e+00
0.000000000000000000e+00
3.388318810227699096e+00
3.433426808769510341e+00
3.407698011534255222e+00
2.809562886748744326e+00
2.758793456513989106e+00
2.840632954011065969e+00
2.693604923165112908e+00
3.787382381226662265e+00
2.439108057749842740e+00
1.601944598195632841e+00
4.677823443228844802e+00
2.486920082621197015e+00
2.446296395800291457e+00
3.452813679675126313e+00
2.903443180695788328e+00
2.226816937127958251e+00
1.617018737934045047e+00
5.104638996866108336e+00
3.748108124359899485e+00
0.000000000000000000e+00
1.974786848795396565e+00
3.250011768317931704e+00
0.000000000000000000e+00
2.758842009577881171e+00
4.081075409137739918e+00
0.000000000000000000e+00
4.201275793221934229e+00
1.488265044473642273e+00
5.270858177704774938e+00
2.994882141433320655e+00
1.619222440868088420e+00
3.967871971732844116e+00
1.646353789118654154e+00
3.139526360342077993e+00
3.807413117727603602e+00
1.886356055333085147e+00
4.853946028174900285e+00
0.000000000000000000e+00
4.239943592648781845e+00
5.494930909632185667e+00
2.256907359087058751e+00
4.653033741418260760e+00
2.890328886994179669e+00
1.602628563170499731e+00
1.267021702868360800e+00
1.740754938047807787e+00
3.967871971732844116e+00
3.464557317685152960e+00
3.452185638565838932e+00
2.600686101426998409e+00
3.418947946414856887e+00
4.565688695839996036e+00
1.718691348447904721e+00
2.077030680580947308e+00
1.159859229454532459e+00
2.104326306773853794e+00
2.681738283454954797e+00
5.170914665794613896e+00
5.224541203699675229e+00
3.459520611504983911e+00
1.617454018362683765e+00
4.775702668324554701e+00
1.082930927684882638e+00
3.365835317079737710e+00
2.983419736554804302e+00
2.390406106796836294e+00
2.789756199896326727e+00
3.118003556941527421e+00
4.425822330213792455e+00
0.000000000000000000e+00
1.036633621783456638e+00
2.565019769835562791e+00
1.823282168950264293e+00
1.514618371851138345e+00
2.894826902855069939e+00
2.307256987353240696e+00
1.402034314614384547e+00
2.701506994462520073e+00
4.150551056067325106e+00
3.867195575330994117e+00
1.778973949839577351e+00
2.706168364531734039e+00
3.875834775037455326e+00
4.203682816809752865e+00
3.376267317624387587e+00
3.009634008435471131e+00
1.725545359929749889e+00
2.389767931225502018e+00
