# Ensemble A, m = 1000.0, lambda = [  7.04920327e-08  -4.76332857e-08   0.00000000e+00   3.37451244e-09]
4.967942389435926476e-01
1.954087136089951215e+00
2.396462297679688103e+00
2.286274759382349142e+00
1.833852924128987372e+00
1.794656152396941207e-01
3.920989526609367504e-01
2.427172915235890738e+00
2.582901625301539106e+00
1.508419360567728740e+00
2.732158263077798743e+00
2.514000149552301000e+00
0.000000000000000000e+00
9.947939652045688641e-01
4.477492546732865231e-01
2.012392385301972286e+00
9.975894743941744469e-01
1.080062043384767412e+00
1.411963488629601082e+00
7.201858207197268102e-01
3.018714309565532883e+00
2.008240906270843507e+00
4.508390964580701876e+00
1.061537866267349361e+00
3.825996382759803804e+00
2.038931338965861428e+00
1.141778808309249271e+00
5.140559260670468644e-01
1.740582070812354720e+00
4.269748369856384285e-01
3.877901689768279425e+00
2.185773509982633200e+00
2.814325064894475759e+00
1.935346025590635843e+00
2.095884702445653502e+00
6.411108946470526204e-01
3.405271898096482008e+00
0.000000000000000000e+00
1.423574682578241157e+00
1.199146019384868644e+00
2.937861875726971661e+00
5.390440723421198177e-01
2.449903514440156638e+00
2.809032254676267826e+00
9.645431685345721151e-01
2.848589391680761640e+00
3.368305818945381613e+00
3.731949204225807115e+00
4.901732928956271662e-01
1.051311400080755076e+00
2.888171989034652221e+00
2.649856509937216220e+00
2.956764702967230818e+00
1.626599302088695520e+00
1.023401695478226348e+00
2.952897622891654361e+00
8.452836365718311429e-01
1.079700412997373515e+00
2.099822300462261815e+00
6.416725256875119854e-01
2.664202649386922861e+00
2.557079130124582100e+00
1.026820181849451563e+00
1.670856589388415525e+00
4.226481181994781622e+00
2.413658966469268030e+00
4.210385798425921422e+00
9.067916973880570941e-01
1.982163196804506589e+00
1.662345456966975554e+00
1.623408130814838035e+00
1.766948635936224532e+00
5.042505683560184471e-01
3.556389722163645573e+00
1.278803124344502606e+00
4.041377858845687787e-01
1.157211477580335490e+00
1.321371767291759980e+00
2.514012674342104514e+00
2.013558394192073386e+00
1.578784388187970622e+00
4.020435066949732850e+00
1.973759806308207798e+00
1.706583526291898023e+00
1.451247072661479010e+00
2.304265357644219137e+00
3.490964875696243475e+00
1.561499380465271702e+00
1.405254695286138056e-01
2.661563981690256320e+00
2.346021088923166076e+00
1.659750204650553451e+00
1.877455680917993863e+00
1.097151713805331719e+00
2.641118119508189199e+00
6.682132321314077084e-01
1.395538778846941774e+00
2.838130448291860564e+00
1.966325657519305548e+00
2.276579685711075385e+00
