# Ensemble A, m = 1000.0, c_n/c_p = 0.81935483871, f = -0.975217391304
# lambda = [  1.85759419e-08  -1.48430894e-08   0.00000000e+00   3.36747071e-09]
#  
1.939413125427166262e+00
1.511197972795658151e-01
4.757351776999740878e-01
3.279364101870302139e+00
1.890690454834435652e+00
2.282424586160045621e+00
0.000000000000000000e+00
2.296351017844027620e+00
2.211324163743266347e+00
3.120849362226494783e+00
2.507314171127891456e+00
2.106508614971644100e+00
0.000000000000000000e+00
1.390389965995563415e+00
1.619964649008368118e+00
3.368530716121024060e+00
2.055895100535209963e+00
2.435321438599227228e+00
2.866356643129590154e+00
2.008536202541309379e+00
3.225469549617924869e+00
1.530393425387773343e+00
2.308917930611485758e+00
3.759540739982722979e+00
3.369343793191278635e+00
3.230889837873597958e+00
3.261266605812250141e+00
3.786308862346789983e+00
2.586905672221354813e+00
2.659981341232954932e+00
3.280363909251437171e+00
3.165495824980087303e+00
2.335364047958976563e+00
2.017627692535840289e+00
3.385766236847570720e+00
2.120220766738615925e+00
4.975150812362268304e+00
2.036027236731419610e+00
1.455618511908779000e+00
6.623109019862782887e-01
3.447890306297519025e+00
1.463338532833972749e+00
2.557002611224682198e+00
3.188419071125946136e+00
4.444749680407053205e+00
1.968066536415219225e+00
2.676178841423102028e+00
2.951209738986145137e+00
2.009877569422596988e+00
3.754026144744101678e+00
2.083771930035134723e+00
2.226830455364874783e+00
2.973222843032695017e+00
9.106326115174235847e-01
2.382482007172080252e+00
2.772982330920083172e+00
1.555712284220722719e+00
3.477603597880492003e+00
1.547503064711343912e+00
3.568356755416497994e-01
1.998497486043452120e+00
1.837467679517404306e+00
1.614173675290768495e+00
2.056422253278275214e+00
1.066037128791617494e+00
1.420814764524667595e+00
3.210183688912929156e+00
1.208599333444375867e+00
3.548516644677141230e+00
1.617625670996987841e+00
3.901836964765779570e+00
3.180756615078164096e+00
1.342681027348261891e+00
1.964606127215793752e+00
3.257194229963231269e+00
2.538831669544775238e+00
1.785259880706322466e+00
2.344152212148947090e+00
3.274482331461685547e+00
2.302193447691626815e+00
3.807040227722028103e+00
1.183041335731841892e+00
2.636031924926437675e+00
3.317456358873829281e+00
4.454226200520651879e+00
8.197486222995572502e-01
2.083794391163792614e+00
1.632541176453566889e+00
4.365193657142978800e+00
3.546772832442167900e+00
2.271976333221435773e+00
1.214240717400824288e+00
3.938497069317834942e+00
3.417538597600245254e+00
3.724915883283641982e+00
1.312660871171016375e+00
3.033967618443430325e+00
2.350027182420845850e+00
2.491290375947662561e+00
2.068422362243060864e+00
