# Ensemble A, m = 1000.0, c_n/c_p = 0.729032258065, f = -0.961428571429
# lambda = [  1.90791711e-08  -1.33728284e-08   0.00000000e+00   3.82582727e-09]
#  
1.296758047644842371e+00
2.155998305841498652e+00
2.636047080349277039e+00
2.466825213158871932e+00
7.604460373077325253e-01
1.598602177512679634e-01
2.203475124146166308e+00
1.372724944661896984e+00
1.695582042569715106e-02
3.054012109824387533e+00
5.058986700724634744e-01
3.864904095731283018e-01
1.862658853233035039e+00
5.587268899782489306e-01
3.229153772026700953e+00
8.725172262870425355e-01
2.290937430654293117e+00
1.155882655188856578e+00
1.576566317601247214e+00
5.816181123215595772e-01
1.275173240942280295e-01
0.000000000000000000e+00
3.016491149400491345e+00
0.000000000000000000e+00
1.372641958658993966e+00
2.560715579985859414e-01
1.827776788641103378e+00
2.543379095830086367e+00
9.515895484845995345e-01
5.043852577884326838e-01
3.011624392345885415e+00
1.930526745860297488e+00
2.298528594595812546e-01
0.000000000000000000e+00
4.693344931538954157e-01
8.184974346334350503e-01
2.642160681384042240e-02
1.106012966896595007e+00
9.475853858430345333e-01
2.271343084619665831e+00
3.318935403717097277e+00
9.615023819728875099e-01
1.520785546138453626e+00
2.031083789878197710e+00
1.084896744999805041e+00
2.229689348342871913e+00
1.523500094196231558e+00
1.401261447178705710e+00
2.881717164792958030e+00
4.377823630744274830e+00
4.797937062747935077e-01
1.432416086400009947e+00
1.318815878277510345e+00
2.598705740667266895e+00
2.096601476293845412e+00
2.164107519530495072e+00
3.307315153722536483e+00
2.174560686384128694e+00
5.301101435998202722e-03
3.689556980380832574e+00
2.201734899876688356e+00
1.547995792815699767e+00
3.344429789223799965e+00
1.270675941806236553e+00
8.724084115092793912e-01
2.029678853781902159e+00
2.030924702187486552e+00
5.607779482831655171e-01
2.068160681757627906e+00
1.648625897697769238e+00
1.484163983691032307e+00
1.624809912513107690e+00
1.346859652648178418e+00
1.994957951988580724e+00
9.849451004931716325e-01
1.781827582124431819e+00
3.432063351445175381e-01
2.032307977088666284e+00
1.042447460839763362e+00
1.245033517213512964e+00
1.490693530835708325e+00
1.323641470592955116e+00
1.431219399145725601e+00
5.562850297812618194e-01
0.000000000000000000e+00
5.256403346639859642e-01
2.728488001425944720e+00
9.901805166644759293e-01
2.183398520213374605e-01
5.535763317419071239e-01
1.787182719479611492e+00
0.000000000000000000e+00
0.000000000000000000e+00
4.702979489169247240e-01
1.308984187800202870e+00
2.205329061264927226e+00
2.689726636136223981e+00
3.127476584810047200e+00
1.155850613710601937e+00
2.326962640263610993e+00
