# Ensemble A, m = 1000.0, lambda = [  6.24640156e-08  -4.29586193e-08   0.00000000e+00   3.73082672e-09]
6.206914894708492891e-01
8.409948448781801034e-01
1.990627514488651828e+00
5.143328835688950385e+00
1.893488975604835645e+00
2.359268088612268777e+00
1.773055552132927648e+00
3.732514840035165982e+00
2.835147540763681029e+00
3.185944933477659280e+00
2.127295573423367170e+00
3.371957120117196283e+00
3.240909500602663584e+00
2.604128035846736022e+00
1.155005970945191862e+00
6.563719437014613467e-01
2.993347623006135105e+00
2.454706968575555592e+00
2.840637595956144068e+00
3.323983853305547687e+00
3.043667077363328755e+00
3.301204206587356804e+00
2.918662915258890322e+00
2.778215643323439732e+00
3.971830143517686817e+00
1.366501101701856236e+00
4.683763747065990302e+00
2.155729208623978099e+00
1.640897995509106089e+00
1.656797443984739049e+00
4.388588397101619520e+00
3.363737912540853525e+00
2.676238130705415941e+00
3.093925867747524094e+00
2.177446404494919108e+00
1.889942931879222243e+00
1.798951994687736367e+00
3.110518051269148376e+00
1.438544553190451492e+00
1.551079727378930739e+00
3.021358022552522726e+00
2.863859989271234419e+00
3.970891742713605677e+00
1.175435062709055511e+00
2.174314170532097190e+00
3.783852170636843315e+00
2.868328663858351835e+00
3.273440817201233699e+00
4.039083386926824559e+00
2.773924569613240187e+00
1.230637638721065130e+00
3.044760059030958477e+00
1.290461695694887112e+00
3.079285002087208234e+00
2.056738443802514471e+00
3.873002825936880278e+00
3.909827851285835543e+00
7.000819343439736997e-01
3.623998973086139941e+00
2.670012150836160725e+00
3.278192913156837029e+00
2.959798341714480419e+00
2.641131053187241395e+00
2.958243631411031416e+00
4.546576560997087846e+00
1.422921897831224136e+00
3.050620446934649621e+00
3.341297440441577837e+00
4.095139367350618009e+00
1.025294805769376483e+00
1.278366877842689764e+00
2.835819454923021343e+00
2.543450093990676564e+00
1.325475661783094949e+00
2.469044169075775841e+00
1.807955589684488551e+00
2.853198250571761019e+00
4.407747275668366882e+00
7.229956756369685378e-01
1.252221082858713253e+00
1.952323206913444409e+00
2.708428654056141305e+00
1.500364886870055425e+00
2.583310136565905246e+00
1.978959682079427962e+00
2.790154302110333440e+00
1.911695994409115196e+00
3.067739072643437925e+00
4.590779074661771375e+00
7.201830148097727591e-01
7.834644817317426568e-01
4.220375315648837722e-01
3.165524656001568182e+00
1.892274295179725119e+00
2.683912241526572373e+00
2.793158216392777504e+00
3.385474707769216884e+00
3.838820870927958762e+00
4.475861229825969012e+00
2.632095222728928263e+00
