# Ensemble A, m = 1000.0, lambda = [  2.46569501e-08  -1.72381908e-08   0.00000000e+00   3.82545753e-09]
1.396142847280778421e+00
2.882813779824841216e+00
1.440242587346462599e+00
3.110597191299344644e+00
3.164099328849715675e+00
2.427645841820607941e+00
2.762852428456846532e+00
1.809673413531331265e+00
1.136787272130280080e+00
2.784398669119994563e-01
1.150076821301366098e-01
4.257100514508062261e+00
2.214187459881483910e+00
2.550191726560641747e+00
3.218015360295012339e-01
3.752455571941075707e-01
1.274657097262466898e+00
8.948456510694874355e-01
2.585039898520415047e+00
2.932373431309012624e+00
2.115618965828244935e+00
9.393223570554206647e-01
8.356574363201808575e-01
1.749353533297408614e+00
7.839248189811165446e-01
1.112354896904496071e+00
2.144602668206092577e+00
2.140193242252318662e+00
2.408504470657041097e+00
6.513881462219986429e-02
2.988342348436541673e+00
9.708259149221637463e-01
2.103246024245693402e+00
2.754611189343734168e+00
3.066993113291513140e+00
3.354504337924895552e+00
2.176632312975428363e+00
2.904405027312449761e+00
1.465549452658306384e+00
1.624335235357459828e+00
2.755498121794488942e+00
1.105058770651039302e+00
2.216681803241644211e+00
3.144517934535527304e-01
2.158976992701466369e+00
0.000000000000000000e+00
4.121844267937341044e+00
7.720707268157844805e-01
2.055014406348015132e+00
1.735379034922078345e+00
2.825438970192014843e+00
2.565198544782429479e+00
3.058279724632347207e+00
1.160115550315019117e+00
2.977967274146879451e+00
1.332400581534997297e+00
2.884492366115247286e+00
5.981304540603841202e-01
3.717760383475438690e+00
1.363378115424226822e+00
2.669639535958086896e+00
7.948224680346540616e-01
0.000000000000000000e+00
1.174303900217553931e+00
3.567288778638994184e+00
3.320931369861614049e-03
2.454837872541783539e-01
4.180750618370170368e-01
2.061193612098760397e+00
2.948706891979716027e-01
6.917963624594600791e-01
2.251532657265787662e+00
1.506977514725565737e+00
3.934414341347993727e+00
3.792073533934524399e+00
3.488343022570671081e+00
1.561146614013168898e+00
4.283110442411626195e-01
2.930703255403213969e+00
1.729507951759034379e+00
2.931311984186367958e+00
1.117657878602598576e+00
2.232594591737878886e+00
1.301730183044711664e+00
1.992073154264924151e+00
2.050164792452056961e+00
1.314755432084654174e+00
2.614155348741440843e+00
1.637254295940897997e+00
1.522805031411551546e+00
2.561725970191486290e+00
1.587752602341814034e+00
1.360907751362440798e+00
2.067050942163305205e+00
8.710106731317158735e-01
1.590682469829886037e+00
0.000000000000000000e+00
4.120608174327380357e-01
3.490363093865333610e+00
1.829580041499147214e+00
