# Ensemble A, m = 1000.0, lambda = [  1.86072231e-08  -1.25242904e-08   0.00000000e+00   3.78965118e-09]
1.035488017438925823e+00
0.000000000000000000e+00
1.737764863492948120e+00
1.149953194738719819e+00
1.258040983152863279e-01
6.730049141347559383e-01
1.145105031600237133e+00
0.000000000000000000e+00
0.000000000000000000e+00
2.014565648633184658e+00
1.298910772362948718e+00
7.593912540590435079e-01
0.000000000000000000e+00
1.308838995297057828e+00
1.085464823618119690e+00
2.102768652376914460e+00
4.646793506375647420e-02
6.850981509022868732e-01
2.527199312791143626e+00
1.594533761582881182e+00
1.372354905019274485e+00
1.064073606122681870e+00
2.818537592205973663e+00
1.879474652053120032e+00
1.118698847697065402e+00
2.668956857177221753e+00
1.323519890889210737e+00
0.000000000000000000e+00
1.998114301176617591e+00
1.247948989372200224e+00
1.753183949174545175e-01
3.141709653862451712e-01
0.000000000000000000e+00
1.195091556041975922e+00
1.601923366123503278e+00
2.133092222397420024e+00
1.858371243354226765e+00
1.409118270676357199e+00
1.582663906357581141e+00
2.121175709087862682e+00
4.018965470832641107e-01
2.948065985025037916e-01
1.585960459396448474e+00
2.321381335586702566e+00
1.924844900412035820e+00
4.244477842502608622e-01
6.869309270539066814e-01
0.000000000000000000e+00
1.252670745008557684e+00
3.791764851825819571e-01
2.032584910945186341e+00
0.000000000000000000e+00
1.814587654818140994e+00
1.378514293048598738e+00
1.101670342742121278e+00
0.000000000000000000e+00
1.374252219676445286e+00
1.471517187355136258e+00
0.000000000000000000e+00
1.169779383190255206e+00
0.000000000000000000e+00
2.960656566727645878e+00
0.000000000000000000e+00
0.000000000000000000e+00
1.104762758512830345e+00
6.286970517133574354e-01
9.231299204918667067e-01
2.425873934493413486e+00
1.433089083944570685e+00
9.593123639126502900e-01
0.000000000000000000e+00
1.091703831697160565e-01
6.352294540098881725e-01
2.826229882575151287e+00
1.808980420711369774e+00
0.000000000000000000e+00
8.585479003046777580e-01
6.588012781493860492e-01
0.000000000000000000e+00
1.748388170491902149e-01
1.525193858637943212e+00
0.000000000000000000e+00
3.083757239083931179e+00
1.762931187672460043e+00
1.264683217284920946e+00
0.000000000000000000e+00
2.019173411455421618e+00
1.944085884988694612e+00
1.888026804915426737e+00
0.000000000000000000e+00
2.226003232117991004e+00
2.272886452823960346e-01
6.949146683034230776e-01
1.204019170433111796e+00
2.626301591371259292e+00
2.970768863253051340e+00
1.107175809463256222e+00
1.358560223196718431e+00
5.797646842096150221e-01
2.662453770779066309e-02
