# Ensemble A, m = 1000.0, lambda = [  2.46061056e-08  -1.56528566e-08   0.00000000e+00   3.47364400e-09]
1.780379116278543616e+00
1.284433558069902670e+00
1.358476853917729710e-01
1.769555295073298673e+00
9.345200369447616007e-01
2.325506696047302313e+00
5.185869025939839894e-01
1.786943561526036062e+00
6.263865186058955106e-03
1.916013664465678890e+00
1.326537077644591944e+00
1.636338006106936305e-01
4.548524849451430208e-01
1.222051897173161567e-01
1.076074029451005831e+00
9.838940965297833241e-01
9.490164470621781367e-01
0.000000000000000000e+00
0.000000000000000000e+00
4.613454056974207740e-01
1.720773630088113793e+00
8.548959310112143051e-01
1.178670419148257320e+00
3.490832613292099929e+00
9.760461084197450399e-01
1.403804302518296909e+00
5.498545047903560246e-01
8.689440555323042492e-01
8.714818366699162988e-01
7.912100168830673574e-01
1.379301705006452383e-01
1.898483647284491538e-01
2.833453447849707540e+00
3.325788154290587051e-01
1.736605431590106496e+00
0.000000000000000000e+00
9.371858569701331243e-01
1.188405505668300721e+00
1.735101753592978024e+00
6.523693276159765464e-01
0.000000000000000000e+00
6.788411145284345416e-01
0.000000000000000000e+00
1.599599048370522913e+00
0.000000000000000000e+00
7.158422187525069758e-01
1.807008463622562733e+00
3.432886413875869014e+00
8.140581431004639823e-01
7.385825946386407326e-01
1.811272313331334427e+00
1.025061583405023846e+00
2.109355449394554327e+00
1.072529824710353852e+00
3.124212505153447506e+00
1.142345633688041540e+00
2.274321436044355327e+00
1.111814944298985974e+00
2.347757526415128027e+00
6.969117361404615352e-01
8.041200259373074699e-01
7.942787427516697640e-01
0.000000000000000000e+00
6.086395349586793957e-01
8.711098411321512858e-01
1.594528356657514578e+00
1.312567804628358648e+00
0.000000000000000000e+00
7.474795327091876551e-01
0.000000000000000000e+00
1.601757657448001027e+00
5.803939902918647809e-01
1.106217551778348795e+00
9.174698521812816310e-01
9.797145697004195908e-01
1.814200621250673384e+00
1.752817698435714888e+00
4.793994786584837575e-01
8.349234366797602114e-01
7.252349722340006855e-01
0.000000000000000000e+00
4.650940569361547428e-01
2.784529891276838476e-01
2.037982783976569623e-01
1.511927496291507689e+00
1.834019188136238876e-01
1.583010969017546010e+00
1.116528721522686673e+00
3.429879902566407956e+00
3.045311853966448989e+00
1.023447317860735506e+00
3.125888187163028409e-01
8.271515243871724321e-01
1.553240861110808835e+00
3.042261881053791653e-02
1.036888035702726141e+00
2.154883859436134419e-01
2.350440005647651542e+00
2.689858592651574454e-01
7.063500637432310603e-01
