# Ensemble A, m = 1000.0, lambda = [  2.94663762e-08  -2.32076229e-08   0.00000000e+00   2.85844565e-09]
5.034904656790756938e+00
3.773054965131525051e+00
3.579573351687804994e+00
5.363050164177267654e+00
3.214240210908370976e+00
4.733213783651609496e+00
4.641470034869106698e+00
4.545705088442820951e+00
4.921703572843756369e+00
4.632317635795912381e+00
4.522720429886720517e+00
3.315793351829616320e+00
4.323444613937689418e+00
4.736134332171589634e+00
4.628095756429726926e+00
4.892025790662055229e+00
5.289238540105097641e+00
4.667636600912627998e+00
4.758474393881878761e+00
4.949868114459975210e+00
5.565929224722871105e+00
3.513364409596286375e+00
4.707178643752590652e+00
3.644455089269023063e+00
5.717831953470659201e+00
4.245464590755412715e+00
3.719942460016507635e+00
3.767220614624528174e+00
3.791499794849308991e+00
5.519203628119507599e+00
3.318802887296870008e+00
3.436311460328852707e+00
5.296555603925615863e+00
5.567281909451433641e+00
5.543649973810538256e+00
4.419904810308691978e+00
4.792950072609074574e+00
4.089225037782012961e+00
4.955340935918027157e+00
4.994209271853093490e+00
5.471592474353673907e+00
5.164175134694704461e+00
5.166036474321505700e+00
3.704347331941258314e+00
4.838660037916344692e+00
3.718607291940894566e+00
3.134371548012142128e+00
5.424586399510604728e+00
3.775057466100409709e+00
4.872767500452240164e+00
5.104821246510049981e+00
2.453298171274193251e+00
4.196408913473831603e+00
5.363623610875991155e+00
5.285458125058337231e+00
5.159505895448023516e+00
4.066927762112321432e+00
5.459192014088098510e+00
3.980482036674016122e+00
5.189357403137360158e+00
4.808594426746676476e+00
5.042663790586344064e+00
4.251609583049710928e+00
4.464670269266648006e+00
4.841234846081842846e+00
5.384881918290331804e+00
3.021453288743111809e+00
3.753780067272738830e+00
3.447291014995887526e+00
4.772161247229284697e+00
3.368958812024675176e+00
4.182916325975614136e+00
2.715665085868342654e+00
4.229882665985617685e+00
4.076026348482953310e+00
5.084900482106266217e+00
3.780271037458908356e+00
3.024299847937121921e+00
4.470481547794246779e+00
5.164505423444794907e+00
1.573578824623851569e+00
5.583332728633623177e+00
4.807428066851115567e+00
5.506023346159837573e+00
5.916669199606641172e+00
3.257826196532900287e+00
3.561834854690124619e+00
5.208922366520705616e+00
4.682513906787761471e+00
5.038875013844926087e+00
5.054223362376314199e+00
5.121113411434420115e+00
4.715396910869322333e+00
4.700215936432968533e+00
5.537306691680603521e+00
4.635946864019131475e+00
4.320180567261806992e+00
3.899690092152203746e+00
4.609684816392612738e+00
3.583752825219091331e+00
