# Ensemble A, m = 1000.0, c_n/c_p = 0.845161290323, f = -0.944285714286
# lambda = [  1.29901189e-08  -1.03670726e-08   0.00000000e+00   3.61340007e-09]
#  
0.000000000000000000e+00
0.000000000000000000e+00
2.173463589720654732e-01
1.970844727076345615e+00
9.353623155579460224e-01
1.497603455071709444e+00
9.964977762163429453e-01
2.035429367218227981e+00
1.698578562005002457e+00
2.470085717486409163e-02
3.112285057885293860e+00
1.764141557675721783e+00
0.000000000000000000e+00
0.000000000000000000e+00
1.375035410748683962e+00
1.268188436019981324e+00
5.770421286494840096e-01
0.000000000000000000e+00
2.432078476728936955e+00
1.955867073128586542e-01
0.000000000000000000e+00
1.784449479299819563e+00
0.000000000000000000e+00
2.430214678771799530e+00
5.814042120761003796e-01
1.240049636473803618e+00
0.000000000000000000e+00
1.015522463838258060e+00
2.976216213879286254e+00
1.651049316164842962e+00
4.036272735504291970e-02
8.316479368722917709e-01
2.116586367505196353e+00
1.348759275372046096e+00
0.000000000000000000e+00
1.852038059902710643e+00
5.863869414519436996e-01
1.132167513624781296e+00
2.341145965982223132e+00
0.000000000000000000e+00
2.451096731391593231e+00
3.692500086959513705e+00
3.532680331317071598e+00
9.977129346825547307e-01
1.193723700636647900e+00
5.083716049919633218e-01
8.481637436219668924e-01
2.112172684719928917e+00
1.731506681655696767e-01
3.068298839255959032e-01
1.380338816084375475e+00
1.458621677619638790e+00
1.210348257041497178e+00
1.367894649024819609e+00
0.000000000000000000e+00
1.604499551137236857e+00
1.673898175149215461e+00
6.806543527902849666e-01
1.785381207395018710e-01
1.649513485095261744e+00
3.630003506483523990e-01
3.431990747067012570e+00
1.614767579720701285e+00
0.000000000000000000e+00
3.068175699463758566e+00
1.009698144436381034e-01
1.097399113101961365e+00
1.209051804758765947e+00
9.427759483032666088e-01
2.794560133233053301e-01
1.982046379050764529e+00
2.390005948633779909e+00
1.606350425860829212e+00
0.000000000000000000e+00
2.298122725321995574e+00
1.168016370290356765e+00
2.258917600718892249e+00
1.255464626798925787e+00
2.054516266734286667e+00
6.897121076970184061e-01
2.805645622433953434e+00
1.339566718472112172e-01
5.790901035570051869e-01
1.067794467328958330e+00
2.807506751429488467e+00
1.292281563919730036e+00
1.930722559564709728e+00
5.044674097137477053e-01
2.079217823988289915e+00
0.000000000000000000e+00
5.517266802014465510e-01
8.213541954576051296e-01
8.589797743959566301e-01
2.072454127840917426e+00
3.025801708002249235e-01
2.941744617010005669e+00
0.000000000000000000e+00
2.179911593699774386e+00
1.927487621655153083e+00
6.612986880466500406e-01
