# Ensemble A, m = 1000.0, lambda = [  1.93435500e-08  -1.49279167e-08   0.00000000e+00   3.57506916e-09]
1.479316213673622427e+00
2.356556591801415301e+00
2.540605117644329169e+00
2.875544131989522967e+00
0.000000000000000000e+00
2.800350782572325947e+00
2.526653961336189802e+00
3.233658331104271255e+00
1.724587350756504378e+00
7.038252267720057631e-01
2.103533664691583649e+00
7.878654722356658313e-01
6.312660846397007974e-01
4.105420326103244588e-01
2.482738644025136665e+00
1.650892151459530943e+00
9.874842730890467379e-01
1.540644908010248448e+00
1.096980669161430333e+00
1.535783563669758767e+00
2.044158780570553446e+00
2.039684185537068206e+00
1.198325756542998999e+00
5.575206434897781449e-01
2.590685022600980769e+00
2.585821731849726746e+00
2.130304027180601079e+00
1.938138109088329841e+00
1.238662845400825940e+00
1.228209814113979004e+00
2.033486429556604413e+00
3.639035401504601364e+00
2.864374810867104326e+00
3.970568847480727470e+00
1.455586947019843036e+00
2.673580388531073826e+00
1.705320753533996925e+00
1.693589012298903018e+00
1.278548800160541621e+00
3.524388511075774666e+00
8.755907946530669950e-01
2.353663153909637540e+00
1.402825356593938311e-01
2.687784367532298990e+00
2.562041745156257821e+00
9.711154053538091357e-01
1.598452118486624496e+00
2.979842315257176022e+00
2.121613657956999077e+00
3.014270279361526139e+00
6.364182127331993177e-01
2.658432096474968809e+00
1.113791311541808327e+00
1.134660200572234823e+00
1.267442019510601536e+00
2.438910021010746387e+00
1.606265190797880882e+00
2.534075881682948506e+00
1.842150289071631253e+00
2.020099185612933557e+00
2.022940969940071998e+00
3.515891299238417922e+00
3.659241681814136005e+00
3.117639286515879252e-02
2.184152179559897711e+00
8.211958799648692020e-01
2.421641678581961887e+00
2.982805224104949193e+00
1.606110968863649457e+00
2.277869565813046115e+00
2.544535839600654104e+00
8.143334549602322392e-01
2.099884248881606741e+00
2.186088872459019061e+00
3.812849620016024677e+00
2.126577931664900500e+00
1.287031986564092012e+00
1.444381931545527964e+00
9.557458778030287760e-01
2.718708032164823263e-01
2.013419317421171417e+00
1.110610144358232354e+00
2.613810172484273497e+00
1.893508829565485385e+00
1.873305668626791931e+00
0.000000000000000000e+00
2.620827447010959599e+00
7.099452802253449768e-01
1.996149075215984503e+00
2.414033226575287294e+00
3.760033352429859921e+00
2.549497931390915517e-01
1.832555169500238001e+00
2.792514492800509007e+00
1.814107320144223934e+00
3.335692480410044514e+00
3.524410724848826781e+00
2.048537829990607850e+00
2.679207561075127142e+00
1.308732805599283733e+00
