# Ensemble A, m = 1000.0, lambda = [  2.37490423e-08  -1.78684730e-08   0.00000000e+00   3.62834819e-09]
4.603124862274031059e+00
3.387674792528505119e+00
1.933603664286443369e+00
3.562275002884047304e+00
1.554451125351835827e+00
2.404251764588846818e+00
1.565982855738389912e+00
1.883696880668672913e+00
1.404641520189476189e+00
3.022627005336908645e+00
1.841979642868806888e+00
2.480663074427615911e+00
1.657217508661588345e+00
3.495143270880861852e+00
2.434202315935264593e+00
0.000000000000000000e+00
3.650371828615018188e+00
3.102270930764594592e+00
2.253068740411075410e+00
2.887359305895141226e+00
1.335721435363808052e+00
1.748165981198549934e+00
3.949086441920644397e+00
3.207767018406263659e+00
7.659317856086638177e-01
2.955929194854950204e+00
2.037612717788310768e+00
2.924215777510617009e+00
2.631934530182372001e+00
2.283686191238520458e+00
2.185810912838880293e-01
2.034175817054918678e+00
1.391913167118549399e+00
2.629979349738318373e+00
1.578623377113462789e+00
3.183552945182561267e+00
2.704967979998426308e+00
2.420334292171943069e+00
3.400652281501872931e+00
3.047169371824995920e+00
3.200680352275083518e+00
4.046848554017769217e+00
3.558319982622605515e+00
1.429934559851280484e+00
1.629431715014169502e+00
1.557012836075457374e+00
1.196826520378474701e+00
8.482723874538203868e-01
1.236579258305150475e+00
1.621201188179614228e+00
3.075761776868704445e+00
2.466920219866030717e+00
1.757588703682137599e+00
4.424307134371115779e+00
2.607934475100674554e+00
2.599010245080884740e+00
1.252978390656205310e+00
2.470810678623410084e+00
2.455536358316390722e+00
3.362252817431185203e+00
4.886170105958466126e-01
4.063417365491817534e+00
2.917107936198291895e+00
4.472596916681703227e+00
3.420747272999571376e+00
1.395561209082692766e+00
2.742735619814722803e+00
2.940152931610658271e+00
2.403699306752870246e+00
4.195163126456241010e+00
3.286321723683605533e+00
3.143881561703358418e+00
2.673107136797257866e+00
2.957614174554193731e+00
2.067664641912537515e+00
2.465658857051883146e+00
1.313785355429829327e+00
2.799996800768891347e+00
1.857857142597911349e+00
3.678341813630377821e+00
4.687946563165922953e+00
2.832035818069412070e+00
4.104790743042286749e+00
1.762696203237726023e+00
2.471365222150231133e+00
1.633986812826394575e+00
3.042297493280577969e-01
3.328230031940403677e+00
1.692625230129369163e+00
2.801927900644942682e+00
3.832762608213815092e+00
4.462934131801252313e+00
1.521649067306368064e+00
1.302854479501758256e+00
2.586084607095480603e+00
2.568656746560161963e+00
3.641553311306584106e+00
2.861510762130904606e+00
1.012401795552261952e+00
4.096335104276948691e+00
