# Ensemble A, m = 1000.0, lambda = [  1.92208071e-08  -1.62865339e-08   0.00000000e+00   2.59956175e-09]
1.807565156344201618e-01
1.717874146693752380e+00
3.564237733616618442e+00
3.362935143013873418e+00
4.321145782123668511e+00
2.613848303462572797e+00
5.089224305572193074e+00
2.317878262739514472e+00
2.889063467879545044e+00
3.411057295002069889e+00
3.058641741656013657e+00
1.631166865930158361e+00
1.838722152340939830e+00
2.589038021771868259e+00
3.296279213919145690e+00
2.226193565773904481e+00
1.340088388906875316e+00
2.891359036994656240e+00
2.145205964393945841e+00
3.544228101204964343e+00
3.134647792011076906e+00
2.854326866621513581e+00
3.676331408962041802e+00
3.643918434969596998e+00
9.108610555162495181e-01
2.506124376282382382e+00
3.669415386433473092e+00
3.905916996216953763e+00
3.204029719862104830e+00
3.929501213498625578e+00
3.570555261768964428e+00
8.061079054703103042e-01
3.763004173050021439e+00
2.899554437504917370e+00
3.899294333230455489e+00
2.507965951231706292e+00
1.202135231842244689e+00
1.859081888948972860e+00
2.904254540401338236e+00
2.496361307605566182e+00
2.232477252601594575e+00
1.858003981812591077e+00
1.574078839464430501e+00
2.209050567548784372e+00
2.008566428823936878e+00
2.781478018704226063e+00
1.926578558392753937e+00
2.641046925967473147e+00
2.773504900466702505e+00
3.782000358377935356e+00
2.622589822128301940e+00
3.321558475609133865e+00
2.886702485077194069e+00
3.454942259568575036e+00
4.670292189734939647e+00
3.717892460936742971e+00
5.092338365538234157e+00
3.492333560845832796e+00
1.342419723801868026e+00
3.620227800886669733e+00
2.825386324348779787e+00
3.511591312138691467e+00
3.392699225451135447e+00
3.842286528232572884e+00
3.008503220833580460e+00
1.691524177466680490e+00
3.443218202582969401e+00
6.708266066198030897e-01
2.390985358330859789e+00
3.049721939214137922e+00
2.363640448385366355e+00
3.040410314465553654e+00
2.142531962112865340e+00
1.741065487022806835e+00
2.124798892477151480e+00
2.135295953563999927e+00
2.643356234929167492e+00
2.183987573141989103e+00
4.387750761714095837e+00
2.130734919177684983e+00
2.939837639666424529e+00
3.141696383599170694e+00
1.044238564398255686e+00
1.261481704590795783e+00
2.751589983608718093e+00
2.316280712484201310e+00
3.491078315856867231e+00
1.901487508170763618e+00
3.610440820586318544e+00
2.609952309093438227e+00
1.098355680403335866e+00
2.129325679943952387e+00
9.555571588794444793e-01
2.744629585339014355e+00
3.739910264428215836e+00
2.373304489226437219e+00
3.536137804552219599e+00
3.160214457847344782e+00
1.124338028122389810e+00
2.025512116376306349e+00
