# Ensemble A, m = 1000.0, c_n/c_p = 0.690322580645, f = -0.984347826087
# lambda = [  3.09547213e-08  -2.10342758e-08   0.00000000e+00   3.76595572e-09]
#  
1.685193417871152732e+00
3.714580038585859612e+00
1.492275824350532076e+00
1.780444151959569066e+00
1.712900386439132616e-01
1.591960278867089684e+00
3.423281356230934769e+00
1.358809623229038754e+00
2.175731208382471138e+00
1.123329917145075463e+00
1.543815257901525406e+00
4.031547212037345673e+00
1.742488111949784368e+00
1.015053798909149929e+00
2.078596549065344412e+00
9.864159450157076181e-01
1.783054535352675440e+00
2.095900928111318340e+00
2.726598072287489849e+00
3.013482473116636751e+00
1.324747956066620658e+00
3.052555733460988296e+00
3.438085278185245564e+00
2.101607856401745522e+00
2.987352469608061334e+00
3.995639001694097914e+00
1.809621596045531300e+00
1.635495843352348100e+00
1.835299372871188606e+00
2.537836074836985478e+00
2.150301551819448154e+00
7.273905638841291488e-01
1.829795762256772873e+00
4.459922981363842354e+00
2.447616563893300956e+00
2.617170255735643991e+00
7.115371805740819955e-01
5.875000834083525802e-01
1.423066839377639337e+00
1.768525180659038520e+00
1.137275926700430873e+00
3.244376653969419877e+00
5.834695924742091533e-01
1.836140678431276818e+00
2.182905913287253252e+00
2.395542808708794436e+00
1.347263815280193233e+00
2.035005512829938912e+00
2.707685642074300514e+00
3.396334417671369454e-01
3.368146096916141641e+00
3.185088879776404092e+00
9.622521593917936489e-01
1.495762684856971614e+00
2.098465177958660277e+00
1.718778162362804229e+00
1.570390950286367993e+00
1.946657268706351918e+00
2.536787390770833817e+00
1.642081016912891878e+00
4.368725132611118944e+00
2.349700071870509444e+00
4.489727570700475567e+00
2.655065317778297018e+00
1.384079869615616687e+00
1.564864757909394610e+00
1.775904003335989856e+00
2.293804160685513072e+00
1.044097112500302904e+00
1.879771037451795079e+00
3.966818250391721978e+00
5.231735385442799924e+00
2.656683558550478885e-01
9.821882404486258489e-01
2.535425854080628039e+00
2.435860211599148339e+00
5.913412248668471483e-01
1.081696151203729750e+00
1.960016749498333821e+00
1.699128205049187823e+00
1.549092127695760324e+00
3.443884117484945939e+00
1.212397064196481411e+00
1.956077813202926619e+00
0.000000000000000000e+00
2.313440183972677922e+00
3.001052212302814493e+00
2.443967368600900691e+00
8.758719265262616682e-01
1.384378260369600211e+00
2.558653373932967767e+00
2.557124363884339946e+00
2.647699675514910034e+00
1.813331712918671901e+00
2.075187396686548169e+00
2.241807187253740619e+00
2.202743342813954897e+00
6.077945319678779157e-01
2.875465443919014596e+00
3.784743209813386855e+00
