# Ensemble A, m = 1000.0, lambda = [  1.88659629e-08  -1.59656254e-08   0.00000000e+00   2.67526756e-09]
2.242099437336687817e+00
7.782335451588201503e-01
1.035006609644877562e+00
1.295450235630216884e+00
1.284881772831345526e+00
2.015361043621058723e+00
9.694161073031427600e-01
2.160724800130810586e+00
3.108254049409768349e+00
2.344459623397083359e+00
2.772169159274885608e+00
3.122248396690286310e+00
1.977180416807165386e+00
1.295116719468778932e+00
3.328583786195484784e+00
1.967502733577870089e+00
2.633456024863114919e+00
5.690082043271770473e+00
8.053858739829420355e-01
2.431382434940391413e+00
3.754136871744020443e+00
7.208997474142844197e-01
3.836610329871923408e+00
4.242048185004499317e+00
3.933248815947359756e+00
3.782355026893285288e+00
3.868589561264340393e+00
9.739331186271220631e-01
2.552769894517328719e+00
3.309794197601076959e+00
2.271176285436538933e+00
3.063570582638666551e+00
1.671919023856854647e+00
3.155063615335651495e+00
3.266502972549716333e+00
2.419584168068768193e+00
2.325978491820447580e+00
1.997442792666924705e+00
4.108433376366128265e+00
2.402924827291066823e+00
7.421386537483615209e-01
2.285028212226271727e+00
2.790234210437647633e+00
9.816160456737597073e-01
3.110073911661517698e+00
2.252361960950731934e+00
3.738427238686844234e+00
3.319920758207297151e+00
4.050837630151977287e+00
2.649588759058917109e+00
4.029592532010669359e+00
1.980410075931092972e+00
2.615792864704955534e-01
2.428441847720443025e+00
3.151043593347448990e+00
2.389658468688909299e+00
4.815039536356836791e+00
3.158872681061421606e+00
2.727756603341525476e+00
2.980014214086106339e+00
1.631253471043032643e+00
4.136757104375057281e+00
2.180924286703302517e+00
2.565119992003590088e+00
1.235914017437003132e+00
2.826295907909625704e+00
2.467135571580454823e+00
7.254513778852093031e-01
3.341196697834755813e+00
1.762913977244321417e+00
8.179382245828483722e-01
2.462255769095329949e+00
2.889633090997969500e+00
2.386421014039084021e+00
5.558400140617995255e+00
1.527667370587275197e+00
3.483258331326138268e+00
3.513346067196144572e-03
2.688268887642081495e+00
2.204451223824875239e+00
2.596541662040257492e+00
3.967650606939720159e+00
4.609273042740861470e+00
3.408222081611802956e+00
2.669227028024210302e+00
4.520447627406618096e+00
3.357138292732037232e+00
1.523927055409681763e+00
3.478581452309766675e+00
3.825862118945379642e+00
3.093946921843032438e+00
1.301522092332992209e+00
2.737216649945553915e+00
3.129672489950493297e+00
2.885869940040392656e+00
2.490976142113961345e+00
4.070963083263564819e+00
2.431683081478441810e+00
1.451417815976201009e+00
2.412320091225212959e+00
