# Ensemble A, m = 1000.0, c_n/c_p = 0.716129032258, f = -0.990869565217
# lambda = [  3.94795426e-08  -2.80143069e-08   0.00000000e+00   3.81180369e-09]
#  
2.632143363711181294e+00
1.645558883080698864e+00
2.597836968920809841e+00
2.587327936761707470e+00
2.245170058277969005e+00
4.854825568519610890e+00
3.043188008544003065e+00
4.547382934711588831e+00
3.832202923661029992e+00
1.572186561189955034e+00
2.926534359899314097e+00
3.697995865599087217e+00
3.601186529640809653e+00
3.803050530717837496e+00
1.533719873190721561e+00
2.500511762029324458e+00
2.730350424504558671e+00
5.074821134281623181e+00
3.885052631404125822e+00
4.232125738163791340e+00
3.882547978889780538e+00
3.337443801902126417e+00
2.597615113710757928e+00
2.749500962207596544e+00
3.733381725975990939e+00
4.920241868066217883e+00
4.198019920496581570e+00
4.250791394838503656e+00
1.673232380634070093e+00
4.317542106365020338e+00
2.891663615460402070e+00
2.055838958062415678e+00
4.966207950042153207e+00
3.073432009940279652e+00
3.671957541698529504e+00
4.091753942588287174e+00
2.776432740233640839e+00
3.228089736064847060e+00
3.281897723801181499e+00
5.311236545972507272e+00
1.607221496160405438e+00
4.428747560169989050e+00
3.532548072801846573e+00
4.392852149880806856e+00
9.250161658626501193e-01
1.680234575370572747e+00
3.041136987920883605e+00
2.573096360234086166e+00
5.150188929175948616e+00
2.512069795980196307e+00
2.182757514494504392e+00
4.050431898161466648e+00
5.432056360266930284e+00
4.630050197446752058e+00
3.467051173627115457e+00
3.463015892489134995e+00
3.931910818571753730e+00
3.121338963088827079e+00
3.457378640002608083e+00
4.656547777768117236e+00
3.080062855172001512e+00
3.613046501991874937e+00
1.967450190639092433e+00
4.476399077624307665e+00
4.960274994103253121e+00
3.048313992431419095e+00
4.346964883579427230e+00
3.579297684433489390e+00
2.673071458552244373e+00
3.669144061894516362e+00
2.903393934048935421e+00
3.762993239099161169e+00
3.560370983517987753e+00
2.206186463625761540e+00
4.196044892519869229e+00
2.578750209305639363e+00
2.279158816485945316e+00
2.608211952318919558e+00
3.562950407134726660e+00
3.676493960763241198e+00
4.349303511933669597e+00
1.491781807044698427e+00
4.410682418939281035e+00
2.587635204453976101e+00
3.955114943944528338e+00
3.494079644947289509e+00
3.588859151870553710e+00
3.536883094980826314e+00
3.756488971656590348e+00
3.542589944437476657e+00
4.526806693930303993e+00
3.182409460868056872e+00
2.839945197796557963e+00
3.619433507012187690e+00
1.793860538792753534e+00
3.857020051813667472e+00
4.458819208926131594e+00
3.042524667391871773e+00
9.589213641892160300e-01
5.301175093585189124e+00
