# Ensemble A, m = 1000.0, c_n/c_p = 0.845161290323, f = -0.975217391304
# lambda = [  1.70969582e-08  -1.40915863e-08   0.00000000e+00   3.19697624e-09]
#  
2.209860942885373714e+00
8.176341791684733629e-01
2.208874544389162864e+00
1.000353307368757827e+00
2.543056481945816572e+00
2.308750041392984897e+00
3.726785838837724629e+00
4.266209799983649908e+00
3.325577257974111856e+00
3.869487056574924644e+00
0.000000000000000000e+00
3.424224359011398544e+00
6.720038255636539004e-01
0.000000000000000000e+00
2.528339477887636022e+00
4.593638668578430284e-01
2.731321567436321818e+00
1.796353806238781603e+00
6.171308221367751479e+00
1.419861530394512128e+00
1.178116239482494887e+00
3.714362625792129613e+00
2.096722948227032202e-01
1.513085280621300655e+00
2.445583130579398912e+00
9.083894494382594997e-01
3.151102613391453922e+00
3.771713260651641697e+00
1.008354250819943898e+00
2.009831889496318968e+00
1.536831535802380078e+00
1.754342254464616335e+00
1.601596633026592720e+00
2.556029652419311127e+00
0.000000000000000000e+00
3.076766061210675307e+00
2.427346118477868409e+00
1.924856483590948963e+00
2.764494624101234255e+00
1.592190486904709656e+00
7.913031977224855851e-01
1.737349901467781343e+00
2.126292075534303994e+00
2.433557192086865495e+00
2.569921216053703716e+00
0.000000000000000000e+00
8.079075932440480390e-01
2.056064314421842010e+00
2.664066995938184412e+00
2.582765939502824182e+00
8.158630326016266254e-01
2.443434458628242822e+00
3.339140966774609698e+00
2.456623647487726991e+00
2.345607184450485327e+00
4.475705829018224335e+00
1.715630450195632761e+00
4.088206898664884292e+00
1.517310896002123322e+00
4.400297737325720604e+00
2.690325138433550034e+00
3.345911749297867388e+00
2.018280147588680240e+00
1.770909347350411167e+00
3.239353332112651085e+00
2.606752598528208953e+00
2.644474476575858990e+00
3.243143898587327989e+00
4.632570221028872837e+00
2.753076794725763499e+00
1.571275772828368389e+00
1.646320762282605710e+00
2.850612120045978415e+00
1.074887306558826472e+00
3.648065771682751368e+00
1.004023404873900294e+00
1.867327333446676230e+00
1.567931878011719737e+00
1.813013119469476742e+00
3.303089948879089022e+00
3.050456201232722542e+00
3.377365107626531859e+00
2.062323756632235661e+00
1.423136697426129915e+00
2.713712695909160644e+00
2.968957918025234566e+00
3.552434632777637269e+00
1.890529961953716143e+00
1.185191713195162588e+00
7.678961712685906660e-01
1.307577275696984120e+00
2.633479985605883478e+00
3.380940702864823955e+00
3.688583482848624584e+00
3.883691352765354043e+00
2.414573947638182894e+00
2.395319000192207781e+00
4.355162454313955323e+00
2.653374981609853300e+00
1.450202779846498036e+00
