# Ensemble A, m = 1000.0, lambda = [  2.17522638e-08  -1.32213417e-08   0.00000000e+00   3.24066602e-09]
7.034850751443847416e-01
2.132218658355442109e+00
0.000000000000000000e+00
0.000000000000000000e+00
2.161356290481911469e+00
0.000000000000000000e+00
1.980302911156957890e+00
2.203835172265865339e+00
1.237538645410185101e+00
2.258235971083241811e+00
0.000000000000000000e+00
2.068517648528191533e+00
8.548418475393350091e-01
2.046214780704461056e+00
2.387777539475466615e-01
0.000000000000000000e+00
6.280630388785495011e-02
5.871083316386094264e-01
1.200726904241704585e+00
2.050069550360922310e-01
4.270133998317784396e-01
0.000000000000000000e+00
2.248791382655690896e+00
0.000000000000000000e+00
2.701809705462856481e+00
1.749656713386658735e+00
0.000000000000000000e+00
1.283276610063785794e+00
0.000000000000000000e+00
3.862146157998588292e-01
3.930389737320706955e-01
2.365503299956768224e-01
0.000000000000000000e+00
1.321523982339993797e+00
1.417644205531920720e+00
1.177053466210217225e+00
5.230545811117688348e-01
1.580791969287206777e+00
0.000000000000000000e+00
1.193147470707758062e+00
0.000000000000000000e+00
3.107798188728498889e+00
0.000000000000000000e+00
1.459576242335213880e+00
9.510234456105952638e-01
0.000000000000000000e+00
2.437822618731368962e+00
2.293406427110893098e-01
0.000000000000000000e+00
2.297994819122495258e+00
9.098141116738936787e-03
1.272540960517215325e+00
1.180352348184240174e+00
7.726211379249152689e-01
0.000000000000000000e+00
2.461379043848579973e-01
0.000000000000000000e+00
1.464492399719099947e+00
4.336426807582193788e-01
1.339811843953202589e-02
2.037775190756095256e+00
1.255069638265164045e+00
3.247377331229852216e-03
1.274749667824494725e+00
1.228642793696842261e+00
5.122411818078944634e-01
5.195192459153290532e-01
1.234878156251522086e+00
0.000000000000000000e+00
9.392026330053730998e-01
5.558909926910573368e-02
0.000000000000000000e+00
1.216558828295467798e+00
3.359053603237760477e-01
1.673772403622074023e+00
5.361773637141893645e-02
3.818908315030273837e-01
9.866613537244687260e-01
0.000000000000000000e+00
1.755130874547886188e+00
4.698988249580148269e-01
3.084871937768641770e-01
0.000000000000000000e+00
0.000000000000000000e+00
0.000000000000000000e+00
8.247535256210746235e-01
2.889635155540178246e+00
2.516831914324670419e-02
2.832361323599950909e-02
4.759259874726792239e-01
0.000000000000000000e+00
0.000000000000000000e+00
4.675647216606653167e-01
0.000000000000000000e+00
1.015724436454165325e+00
1.817486471471950082e+00
1.419623918726743872e+00
0.000000000000000000e+00
2.432961698742211742e-01
3.420781499501391876e-01
