# Ensemble A, m = 1000.0, lambda = [  2.25347201e-08  -1.85671555e-08   0.00000000e+00   2.64567637e-09]
4.570399524355027943e+00
4.462692231299335788e+00
3.542405752488721138e+00
3.512270789032667206e+00
2.173811121756050291e+00
4.202527253773971516e+00
2.102731613872542482e+00
6.813096378885632465e-01
5.178911928938288334e+00
4.768008779377493234e+00
5.527701095155407529e+00
4.600532985997943136e+00
2.661601688768278517e+00
2.999860814694694788e+00
4.958054787713245481e+00
2.500873768410879272e+00
3.790769349086432261e+00
2.537390237702486839e+00
4.894227510212628474e+00
3.138195986218385247e+00
2.250871237890191168e+00
4.733513512616123187e+00
3.885174585712436901e+00
3.036507291937727615e+00
1.010478323610562779e+00
4.660212375625437886e+00
5.500490469796978310e+00
2.467279964070614007e+00
1.522117105030573736e+00
1.713288698913730368e+00
4.524332579971517276e+00
4.420227720718162168e+00
3.055454628083341451e+00
4.006920286626471039e+00
3.989111747398930152e+00
4.625646278109736720e+00
2.447746218397119033e+00
1.465188174761142825e+00
3.528028233220717791e+00
4.415939086281931658e+00
2.875029728196904166e+00
3.740426511960635469e+00
3.722038178194951641e+00
3.609615126234497318e+00
2.665294756330892412e+00
3.494574911598237854e+00
2.685596176338449048e+00
4.600714223482747833e+00
1.382095361685965251e+00
2.948613327934586525e+00
3.462566568084330942e+00
4.511593277891869036e+00
4.281946430722456398e+00
4.323792204050713295e+00
4.927300161289045022e+00
4.190854830719946911e+00
4.237391873430219391e+00
2.154731484339438730e+00
4.209256120688570135e+00
3.678275252819158680e+00
3.234862354329907763e+00
1.549873585494991879e+00
3.731417582190188931e+00
3.658698040149423125e+00
2.861831947778726626e+00
4.458232008998352924e+00
3.629093002664153023e+00
3.317434304893040586e+00
4.255289289726779778e+00
3.340744763953293006e+00
2.416981109736164868e+00
3.929603526594755092e+00
4.621569585554214044e+00
3.903403884814405256e+00
3.043843945521210959e+00
3.765070496006596379e+00
5.165566138793958650e+00
2.122881739753178287e+00
5.023178865401277449e+00
3.611859957912360919e+00
2.930097834500516640e+00
2.531352196360521223e+00
2.846314070098723725e+00
3.167883390820249723e+00
4.566475931648174225e+00
4.901787471365318893e+00
4.793906493771151744e+00
4.483844157133058062e+00
4.119039313214968523e+00
4.168146866222612879e+00
4.130241267721126874e+00
2.771629937561789436e+00
4.074379268445968982e+00
2.739016057960604655e+00
7.831789624605252076e-01
4.011298209787617530e+00
2.956551576118379820e+00
5.127119422647314018e+00
4.974001438140959408e+00
5.413906358315223599e+00
