# Ensemble A, m = 1000.0, lambda = [  2.43899923e-08  -1.83741220e-08   0.00000000e+00   3.60908576e-09]
4.424608234356359304e+00
6.896692537955670943e-01
3.359939483527910831e+00
2.836001099238304679e+00
4.196115687036974684e+00
0.000000000000000000e+00
4.997875370238622494e+00
1.094500622447262206e+00
2.411422731212891080e+00
2.865733234380304584e+00
2.632317703790608476e+00
1.839853210619890822e+00
2.353298140441233421e+00
2.182505693758729493e+00
3.524306182867110948e+00
1.694415187421218771e+00
1.060794124025927099e+00
3.149393434122076396e+00
2.143009169345271747e+00
2.658048541579028257e+00
3.053876274279684999e+00
1.809783075953162568e+00
1.095510600071456730e+00
2.398786972477827906e+00
2.632732834699759383e+00
2.550028537115572203e+00
3.135427266218294706e-01
2.990081807567885441e+00
1.269599425857001807e+00
3.182679543829099789e+00
3.673485456570356078e+00
2.627918681604154205e+00
4.031751770248439115e+00
1.887089380563485186e+00
1.722889854592528192e+00
1.980472798992940486e+00
3.336325652873834535e+00
3.260366241673481991e+00
4.585163222724167320e-01
2.141291423494119162e+00
3.257943373381419594e+00
2.201282659332529867e+00
2.741219610709191290e+00
8.828717832358586870e-01
2.811241202758303803e+00
3.851864277127099889e+00
2.862358092576900326e+00
3.382564232338612698e+00
3.079605726162845336e+00
2.815685523492851949e+00
1.676146296182052353e+00
3.563052953027395553e+00
1.495921856171042341e+00
1.789436325786333271e-01
4.485598186153042732e+00
4.557843143938156594e+00
2.815466875828474880e+00
3.446347895387145588e+00
3.713456688676308293e+00
3.184933757382740982e+00
4.476670472308462045e+00
3.318501084333966844e+00
2.448176860999929705e+00
2.132099131008706738e+00
1.942695723846483924e+00
3.523827808484079505e+00
1.437297167926108177e+00
3.868924357889197196e+00
2.744811629161390876e+00
3.415311555127350296e+00
4.601325216438209686e+00
3.717201699265310300e+00
1.461313661154165278e+00
3.604914004296198016e+00
1.676188815462252180e+00
1.777438405980801939e+00
4.485689438439525389e+00
1.834475513134059543e+00
2.157378671280600901e+00
2.714366948100209065e+00
1.600778261760562815e+00
4.696271757589590479e+00
3.374666814318142638e+00
2.447215193995424087e+00
2.299311092705653259e+00
3.238332574463457902e+00
1.340306830748667188e+00
4.633276893403436070e+00
2.773341210636189658e+00
2.929196482805382917e+00
2.133490424628614157e+00
4.390977007843508417e+00
1.946958140229253065e+00
8.070559996201399633e-01
3.071779778158703511e+00
3.153550414940029523e+00
3.911335517862716049e+00
2.246409425772165402e+00
3.072954948001302089e+00
1.306759692455286448e+00
