# Ensemble A, m = 1000.0, c_n/c_p = 0.832258064516, f = -0.984347826087
# lambda = [  2.03279089e-08  -1.66532616e-08   0.00000000e+00   2.98158332e-09]
#  
3.781415524282908613e+00
3.165920204653156933e+00
2.485682927404079923e+00
7.419242200992580694e-01
2.635078893788172394e+00
5.378472355618726830e+00
2.873394383675419661e+00
4.330422163633201649e+00
2.935334996798092622e+00
1.200393205800032170e+00
5.008317327510563466e+00
3.574877113992365629e+00
3.149088212408714949e+00
3.747296117442526775e+00
4.485555090841375048e+00
5.095812797053736354e+00
5.870179560983522116e+00
2.168934257237604246e+00
3.263446048581985615e+00
3.236696405293696621e+00
5.330080679836477486e+00
3.377382096830598535e+00
2.279623901392355823e+00
1.762792789145802619e+00
3.024922068684694487e+00
2.122208466304673191e+00
2.954651477027346651e+00
2.596140636953708114e+00
4.034648104390151424e+00
3.249988409157219760e+00
5.330423665188771309e+00
4.041410512879522798e+00
3.766975369577126642e+00
3.985611099401648261e+00
3.916804367473443182e+00
4.196820617952396582e+00
2.677146087160508170e+00
2.458432964245550689e+00
3.433609060313531192e+00
4.863914743493571891e+00
3.151442463538540739e+00
2.905430671008169430e+00
5.386858288584270404e+00
1.970055787771161304e+00
2.866555120732111384e+00
4.107620448104283284e+00
2.465787776635583572e+00
2.992082287701626431e+00
2.913828196251024849e+00
4.988764297648483392e+00
3.653626352662384225e+00
3.654624109244226648e+00
4.478239389343547927e+00
5.700316383042021151e+00
3.701870404965565520e+00
3.825767450516188273e+00
3.879010249597407256e+00
4.298760721931730089e+00
4.696747848834925243e+00
4.106685177596756553e+00
3.377382096830598535e+00
2.921028510534013023e+00
4.480897869760974039e+00
3.188522927998755474e+00
6.701145495328170165e-01
3.118635836000702710e+00
4.307855379337976132e+00
4.973184498417328570e+00
1.715131050984579186e+00
3.284631796618924682e+00
4.504304681325811188e+00
2.891188161865557049e+00
1.230397006516253722e+00
4.528530774353016319e+00
3.461129624295483431e+00
4.163878272156083860e+00
3.452192212253025971e+00
1.951194991555367464e+00
5.219018607587375236e+00
7.243612319130499078e-01
2.396118973909994398e+00
2.892886332693909601e+00
2.310277133661879922e+00
2.872661258522396732e+00
1.700335766471136267e+00
5.158855946556336391e+00
3.279051187756989894e+00
3.769533175471923681e+00
3.224247553124815369e+00
3.286439584742200548e+00
4.536731822247082491e+00
2.338785276050008299e+00
1.370324794410933800e+00
3.434845215094142645e+00
3.705959179374434864e+00
4.223434382632109241e+00
5.295117448150066686e+00
4.242645246695975203e+00
4.006082403678852266e+00
3.729819113824555554e+00
