# Ensemble A, m = 1000.0, c_n/c_p = 0.703225806452, f = -0.975217391304
# lambda = [  2.44684101e-08  -1.67803876e-08   0.00000000e+00   3.80698803e-09]
#  
2.336712146807002011e+00
2.151957118621909082e+00
3.096464382073752297e+00
2.753664045227905532e+00
3.133757601769808776e-01
1.543899404360600247e+00
2.924229363913131152e+00
2.639036266863437064e+00
2.912557858075429884e+00
3.311086746165571526e+00
4.262418367556346510e-01
5.485059416348793127e-01
1.147085802040460623e+00
2.502037465287882512e+00
3.324877416102527405e+00
2.031628991937429518e+00
3.659217266679334113e+00
2.297041817529180019e+00
1.480111084721666082e+00
1.664025083231430502e+00
3.727427029514177370e+00
2.036319545096545447e+00
2.432986154100328591e+00
3.146326246867821474e+00
2.036013857111201641e+00
3.944944126950649110e+00
3.023270269087407591e+00
2.645354650207647040e+00
3.783314845669847770e+00
9.831657167892312588e-01
2.509948337628551407e+00
3.667892531650996268e+00
0.000000000000000000e+00
8.334068599122357313e-01
1.902729623644177748e+00
3.605696173204653854e-01
1.893984811308269345e+00
1.908647331742975517e+00
2.113508408968338692e+00
1.974684070497622068e+00
4.334303306144642876e-01
9.677698478660128334e-01
2.299029369774122089e-01
2.679197650916279372e+00
1.308291171435387756e+00
3.536355978459835736e+00
8.898003226863991644e-02
2.348479816876547499e+00
2.647723097314494733e+00
2.476460924348510062e+00
1.647547786447738360e+00
2.373328348874753413e+00
3.229525690754365019e+00
1.528356888916757139e+00
2.778650864208212834e+00
2.310878205803436725e+00
1.251385169658373542e+00
1.161874509063059779e+00
1.569083082358671666e+00
0.000000000000000000e+00
1.567578082040618881e+00
2.738854932804958064e+00
2.327827847634933889e+00
8.470567584217765511e-02
2.284138034227327640e+00
7.264953488746906940e-01
1.749136072821867005e+00
9.929184347328725430e-03
2.507457104326782371e+00
1.983298427948257725e+00
2.104412376803804108e+00
1.325642865155321815e+00
1.933709799154113673e+00
1.413172499751476296e+00
1.823904143551980939e+00
2.490713664525190829e+00
9.259784462751604606e-01
2.808333106174545790e+00
3.299200778924892496e+00
1.276760752892353690e+00
1.640131987746492381e+00
2.963747056479813846e+00
3.330153116920384182e+00
2.169120936126373689e+00
2.240757916912738068e+00
2.649322487614967692e+00
2.206263353545488304e+00
4.490226688891662654e+00
2.751867312025714885e+00
2.802831064635945335e+00
2.497650512940435164e+00
1.251765269463048780e+00
0.000000000000000000e+00
2.739562446238139604e+00
2.240397024172338991e+00
1.221606795545039592e+00
4.140366682597373948e-01
1.889989483095007250e+00
5.239334117485621167e-01
1.649651002525051480e+00
