# Ensemble A, m = 1000.0, lambda = [  2.79944844e-08  -1.66287238e-08   0.00000000e+00   2.36946481e-09]
2.255785981031369417e-02
3.810493023832838277e-01
1.555494883349241242e+00
6.294271300590311702e-01
9.373979312194926639e-01
7.521600269424649765e-01
5.073969494496324839e-02
0.000000000000000000e+00
1.850534228283050031e-01
0.000000000000000000e+00
1.048075839997614445e+00
1.038589645280553864e+00
9.058663357542029448e-02
1.239621683593111534e+00
1.089359676322326553e+00
0.000000000000000000e+00
1.255274419881761805e+00
0.000000000000000000e+00
1.043403888152689474e+00
1.211801586966087640e+00
0.000000000000000000e+00
0.000000000000000000e+00
2.792773777595053963e-01
0.000000000000000000e+00
1.571360372260383942e+00
2.409175151042484142e+00
8.161266643927740372e-01
0.000000000000000000e+00
0.000000000000000000e+00
1.633884366493794094e-01
0.000000000000000000e+00
7.114886916226217384e-01
6.617577965082418467e-01
3.322428760939966086e-01
5.817549199857856568e-01
0.000000000000000000e+00
5.928757407679352553e-01
4.918693511131919660e-01
3.348079709025532646e-01
5.158097525216099877e-01
0.000000000000000000e+00
7.743744116474153838e-01
1.044345669367177765e+00
0.000000000000000000e+00
0.000000000000000000e+00
5.900655067933127107e-01
1.789820149300986873e+00
7.319801355079702532e-02
2.308163684785704550e+00
0.000000000000000000e+00
0.000000000000000000e+00
6.480233714090513075e-01
2.671168084934802955e-01
5.651226326506738618e-01
0.000000000000000000e+00
8.826569349336979009e-01
4.452794391439127697e-01
2.387088248715714574e-03
1.245760627254553388e+00
9.792091531248398040e-01
2.616972889554041615e+00
0.000000000000000000e+00
0.000000000000000000e+00
0.000000000000000000e+00
0.000000000000000000e+00
2.184081528162729879e-01
4.905792529925014356e-01
4.469619417734269073e-01
2.207617507005758650e+00
0.000000000000000000e+00
0.000000000000000000e+00
0.000000000000000000e+00
1.014165571929670079e-01
1.827581513655959666e+00
2.185969924129148367e+00
0.000000000000000000e+00
4.031287539343511028e-01
4.038828322317097874e-01
1.805813334925960190e+00
5.129566863699722701e-01
0.000000000000000000e+00
0.000000000000000000e+00
2.429755945579928078e-01
2.901120378151573753e-01
1.043992952576320264e-02
2.605333702488523140e-01
4.649234284462210876e-01
0.000000000000000000e+00
0.000000000000000000e+00
8.715457923265849116e-01
4.222222989094895906e-01
0.000000000000000000e+00
1.724772576429064314e-02
0.000000000000000000e+00
0.000000000000000000e+00
0.000000000000000000e+00
5.962821857202627029e-01
0.000000000000000000e+00
8.772656295613099342e-01
9.777557180382375757e-01
