# Ensemble A, m = 1000.0, lambda = [  1.33451914e-08  -1.04878445e-08   0.00000000e+00   3.65549459e-09]
1.244103300762986031e+00
3.538935399887775946e-01
1.694606043908960039e-02
1.730690992679035922e+00
0.000000000000000000e+00
0.000000000000000000e+00
9.497880663229767428e-01
0.000000000000000000e+00
6.709307411573275370e-01
5.113821894246769473e-01
0.000000000000000000e+00
1.439609956705891314e+00
6.713562089139725186e-01
0.000000000000000000e+00
1.834853324281826126e+00
0.000000000000000000e+00
0.000000000000000000e+00
1.843607989923542911e+00
6.108698545149825881e-02
3.460595617167148141e-01
2.662864998585707355e+00
2.058125595578120581e+00
0.000000000000000000e+00
1.053673758749772871e+00
0.000000000000000000e+00
2.106227664425568136e-01
1.995770654459818827e+00
6.593292184328213290e-01
1.125330066999291168e+00
2.719690484489328153e+00
1.385135084176182696e+00
1.384775273236990234e+00
6.252203384359967808e-01
5.314245398211673299e-01
1.220903874437812675e+00
2.530542904284622807e-01
2.593382894074173439e+00
8.640046551084441528e-01
5.958658314530062006e-01
9.502294506138929675e-01
3.311850867540041543e-01
8.181355953835490746e-01
1.347558503703683463e+00
0.000000000000000000e+00
1.266787539202973267e+00
1.819342537599460741e+00
1.132776866341968613e+00
3.078750940632679622e-02
6.429373910596460906e-01
1.860075065014419105e+00
2.579256531890297133e+00
3.872348476780569926e-01
6.293519075988889266e-01
3.608174419166573776e-01
5.493477143294598353e-01
8.262358700878265072e-01
0.000000000000000000e+00
0.000000000000000000e+00
2.150915140257138258e+00
0.000000000000000000e+00
2.466511832125396708e+00
1.079580203697770857e+00
0.000000000000000000e+00
8.588607277056784506e-01
0.000000000000000000e+00
7.385983540722375063e-01
1.568135830684287191e+00
9.293389838528540725e-01
6.027678936246281260e-01
9.867475549493504028e-02
9.019526919621465022e-02
1.112926521663226032e+00
6.095014183844067457e-01
1.713971884874870844e+00
7.267675182703486891e-01
0.000000000000000000e+00
5.166269924183480855e-01
1.277170011506536085e+00
1.135312901992381551e+00
4.372190706596557064e-01
2.539939329946270696e+00
7.522241021412034295e-03
9.082756901322573961e-01
1.249484337442077653e+00
0.000000000000000000e+00
9.308855434356810843e-01
3.023409863556358323e-01
0.000000000000000000e+00
2.808423442535051162e+00
9.951304655161895552e-01
1.970664906074703238e+00
0.000000000000000000e+00
1.877900821534278286e+00
1.773350673973355940e-01
0.000000000000000000e+00
3.079990742573901041e+00
1.011326430420751710e-01
1.001675336637609215e+00
5.452007836855468081e-01
0.000000000000000000e+00
