# Ensemble A, m = 1000.0, c_n/c_p = 0.767741935484, f = -0.985652173913
# lambda = [  2.71445610e-08  -2.05410089e-08   0.00000000e+00   3.51756981e-09]
#  
4.778958081090324050e+00
4.464656643209353071e+00
3.743351520138506139e+00
3.162337694583273073e+00
6.710080004404566090e+00
5.081117820890036718e+00
3.798334537294147051e+00
4.810470716325101037e+00
2.539098585848379663e+00
3.284112102208013528e+00
1.628628795756190240e+00
3.909747408032087534e+00
4.802355579629209004e+00
3.371398308521270870e+00
5.320922763378611364e+00
2.384807020081778806e+00
3.339990912587525340e+00
3.152096999646351261e+00
2.978980819523568080e+00
3.655345452837692743e+00
4.080520042861211394e+00
3.858951827790242817e+00
4.272881668034494318e+00
3.471551348114132907e+00
3.399620364680999263e+00
5.188458384689823788e+00
4.123138548578578089e+00
3.644343270882822949e+00
4.347223552127596591e+00
2.671535181163443351e+00
5.228968095176949049e+00
3.660591567647046407e+00
3.466608498853000597e+00
2.418256311290678084e+00
3.149093434683518211e+00
2.545225555796375438e+00
3.558510512022419192e+00
4.614044122329620912e+00
4.430333968283991730e+00
2.605535656253918919e+00
3.321809620446921851e+00
2.383119258916421845e+00
2.761770729862920160e+00
4.233565028930917684e+00
4.142156914015561853e+00
8.974726602350503457e-01
4.277308007048577387e+00
4.623270286482705771e+00
3.348321995227097059e+00
3.364857768768248381e+00
2.701882126477720636e+00
4.850477967544364333e+00
3.107607798873356142e+00
3.959379592857657393e+00
4.327176771927009113e+00
3.935996038915762441e+00
4.404047573667880577e+00
2.755353779566904304e+00
3.799587377430178936e+00
2.769722294083102554e+00
3.418646420766100480e+00
2.779347680559145495e+00
5.224856807564147054e+00
4.985368817454699730e+00
1.839295937724801266e+00
7.442673295665354072e-01
5.125221912053647522e+00
3.863471584773205070e+00
3.330374498606018641e+00
3.850965503484384378e+00
2.911700848039303402e+00
5.161472718972380136e+00
2.351260321211963600e+00
2.214185327205066667e+00
4.068109827411583446e+00
5.255507378975123878e+00
4.185712141665392849e+00
4.022361507180413298e+00
2.571210293485185261e+00
5.429655449455610849e+00
3.765059734604502051e+00
3.683093549401878608e+00
5.080266017933255718e+00
4.405868104812832975e+00
3.596804251580896228e+00
3.029367769581637226e+00
4.327176771927009113e+00
3.813012745631170652e+00
2.031797797010966633e+00
1.845888973125869637e+00
3.965860945548643102e+00
2.911740384929954129e+00
2.981425663569118090e+00
3.489661210129384905e+00
3.517181917014339909e+00
1.800005926849337579e+00
3.435481683004203202e+00
7.708126916549898899e-01
5.301956825636426451e+00
4.646699115529782098e+00
