# Ensemble A, m = 1000.0, c_n/c_p = 0.883870967742, f = -0.952857142857
# lambda = [  1.26287622e-08  -1.06359784e-08   0.00000000e+00   3.38682565e-09]
#  
1.840592642098852538e+00
3.947802185809199949e-01
4.625956628679534499e-01
1.220978935345511163e+00
2.476468735323993000e-03
2.957649492809406144e+00
0.000000000000000000e+00
1.374508123060693032e+00
1.013920228306916638e+00
6.801390494092987016e-01
1.959481155069681957e-01
7.480074589555140152e-01
1.016144507034238975e+00
5.298081956154584438e-01
2.092186712067707344e+00
1.097278019546655159e+00
6.116716783305271160e-02
1.747059071786634554e+00
9.488738752648819830e-01
0.000000000000000000e+00
2.471692666181565023e+00
3.716137389318039386e-01
5.144954370965613144e-01
1.552028977250770048e+00
1.074927800884071694e+00
0.000000000000000000e+00
0.000000000000000000e+00
0.000000000000000000e+00
8.438092704387167853e-01
1.672570617811766081e+00
2.317973793390141424e+00
3.031005373731515462e+00
5.910069470973384753e-01
1.071815484613064355e-02
2.168135813976105553e+00
1.954103697546295759e+00
7.351232600847712462e-01
3.135583234435737943e+00
3.038140352864548976e+00
2.811381909776409227e+00
0.000000000000000000e+00
8.564101135688159672e-03
0.000000000000000000e+00
2.052491601927860732e+00
1.147096625879393539e+00
1.700615517371652397e+00
0.000000000000000000e+00
8.444935850800069366e-01
1.493847627193172434e+00
2.166167646197590280e+00
1.420690199753877225e+00
1.354548509487242480e+00
3.978144592219581832e-01
1.820366854643413745e+00
2.939260024377113645e+00
0.000000000000000000e+00
1.284485865242161129e+00
3.216436533416934251e-01
2.444744676878960910e+00
1.068676162730361590e+00
5.811984139322987630e-01
0.000000000000000000e+00
1.567006503260155448e+00
0.000000000000000000e+00
1.920473838913361320e+00
1.745190350607346286e+00
1.583409283732359452e+00
4.541140264292621576e-02
0.000000000000000000e+00
3.191043627676927841e+00
1.032222899697855301e+00
0.000000000000000000e+00
1.234002376997612949e+00
1.662995530052078008e+00
1.863753990911769076e+00
1.364978709476173613e+00
7.638650616313193975e-01
2.745258853324127113e+00
2.924435819834225736e+00
7.169220815623990051e-01
1.529616410735928467e+00
2.228474176956336095e+00
7.317729896855017582e-03
3.902263125598832261e+00
3.151992534392962231e+00
1.257705450639364786e+00
6.293737442723996711e-01
0.000000000000000000e+00
1.594309145766258817e+00
1.277138746579759843e-01
1.053924282673730645e-01
0.000000000000000000e+00
0.000000000000000000e+00
1.396944637806780465e+00
2.309056453216168023e-03
1.185006855988482766e+00
2.291198383590301368e+00
2.046818526606882127e+00
1.557233878957818840e+00
1.568952501838589919e+00
