# Ensemble A, m = 1000.0, lambda = [  1.65839903e-08  -1.41552382e-08   0.00000000e+00   2.87434370e-09]
2.156330966814681283e+00
8.664635181198714342e-01
1.935247864590426303e+00
1.781469386183979431e+00
2.409253808892607651e+00
1.829549081570077007e+00
1.100932875364772912e+00
2.937783123996454471e+00
2.595236165055128552e+00
3.337985766491253337e+00
2.555175618825103356e+00
1.155235244494487112e+00
3.345222072250462642e+00
1.405226576496162227e+00
2.265756929988163026e+00
2.001104594203653608e+00
1.997214308823759055e+00
3.238681191722088126e+00
1.798480562519420012e+00
3.043381983450871964e+00
9.396595223179783352e-01
2.200388502893748210e+00
2.688888779993606981e+00
1.045076458253795026e+00
1.134698662570593930e+00
3.483392109158767624e+00
1.014940689186814682e+00
2.324000485565952623e+00
3.420768497103639838e+00
2.722670386736172787e+00
3.037871149828689443e+00
8.726552037082856428e-01
2.508692370280300565e+00
4.080925108925780087e+00
6.931741536543202242e-01
1.149013447079103800e+00
2.752101506275378640e+00
1.260454882556268696e+00
2.730657947465861657e+00
4.015352575008337865e+00
7.614022654658604283e-01
4.087603242465356779e+00
4.633255334291505712e+00
0.000000000000000000e+00
3.399185150444929526e+00
1.248931284895887783e-02
2.423225346143299763e+00
1.837958468610924045e+00
2.830947946243968616e+00
1.576874759379526703e+00
0.000000000000000000e+00
1.730480574848984876e+00
1.980890221535480222e+00
2.168973441393919011e+00
2.982483635401440125e+00
2.434350075694486026e+00
1.973048563747560769e+00
2.133761681417532863e+00
4.827928192361252702e-01
2.910741921300450397e+00
3.177224613118200480e+00
2.046738804376555088e+00
3.173098863008763537e+00
1.184372295030289290e+00
2.812432250323018579e+00
4.128505541238109089e+00
1.201876640622846271e+00
1.898876361633175858e+00
1.949859834099972655e+00
5.310493013864004297e+00
1.462392639515566639e+00
2.417519409169163414e+00
1.467452948130134605e+00
2.236320534145326278e+00
2.523936613474007551e+00
1.644264773533927748e+00
1.526904543204630427e+00
1.030573096187557214e+00
1.395537147425486957e+00
2.019781374190343204e+00
0.000000000000000000e+00
2.777555287084084168e-01
7.123515575730984262e-01
3.115610032160112119e+00
2.109807935317777883e+00
0.000000000000000000e+00
1.249872158760676699e+00
2.019117149808166811e+00
2.917574903201564762e+00
3.281910314581947041e+00
3.089132171974882990e+00
9.384988538593787011e-01
1.744880857450127998e+00
2.157192048225346159e+00
1.285141419663925033e+00
1.596630032396263665e+00
1.551631829536888274e+00
1.041264259135961545e+00
2.295367685121360246e+00
2.664361801330195512e+00
