# Ensemble A, m = 1000.0, lambda = [  1.07021519e-08  -1.04078428e-08   0.00000000e+00   2.49256197e-09]
6.879714951672261103e-01
6.330943073554292644e-01
3.432381175030875253e-01
2.107949063325067041e+00
1.512594603551432382e+00
1.163744144474603059e+00
9.764808579136303734e-01
3.753323438082216135e-01
1.038882418867915991e+00
6.832940711877682691e-03
2.101392461628421859e+00
7.017887924864245619e-01
0.000000000000000000e+00
0.000000000000000000e+00
0.000000000000000000e+00
9.420213062877306198e-01
2.398576690006685830e+00
2.037017482373669974e+00
0.000000000000000000e+00
1.593225831057816233e+00
2.900376718426777245e+00
1.393917676288275453e+00
9.036613779150077796e-01
1.479030134337447011e+00
1.343424639148140365e+00
0.000000000000000000e+00
1.276210299728408160e+00
1.779672578919564430e+00
2.047866962070050700e+00
2.529840958058037770e-01
2.858806506891400367e-01
1.273902742061901128e+00
0.000000000000000000e+00
6.199600040713027123e-03
2.937731125035564772e-01
1.463166359472117595e+00
1.781302444879533153e+00
0.000000000000000000e+00
1.706512038038533685e+00
0.000000000000000000e+00
1.430760044353331706e+00
0.000000000000000000e+00
2.327413743594672457e+00
3.743692451851827752e-01
4.674596093385990914e-01
0.000000000000000000e+00
7.081714692602271155e-01
0.000000000000000000e+00
6.168659972432596339e-01
2.296777052896224802e+00
2.161434844107702258e+00
0.000000000000000000e+00
2.436344880028305238e-01
5.034729336302581348e-01
9.516421671563582985e-01
5.690783217867985133e-01
1.456905148606546518e+00
0.000000000000000000e+00
5.555627171213626259e-01
5.116645968642355990e-01
5.054465888574875138e-02
0.000000000000000000e+00
5.702996659765556808e-01
0.000000000000000000e+00
5.174399143250014710e-01
5.455973963019961070e-01
9.276477933691079647e-01
0.000000000000000000e+00
0.000000000000000000e+00
8.654823067415837734e-01
1.635842257386924015e+00
1.346532101465337083e+00
1.333970751122421028e+00
1.015998142766464801e-01
9.727751281956905638e-01
7.784362686895955896e-01
1.976199217178028711e+00
1.511491227865756404e+00
2.925848912670565127e+00
5.033748665844233194e-01
0.000000000000000000e+00
1.369582125336044953e+00
2.353343249206639953e+00
1.339306067144161894e+00
1.345805453435169996e+00
3.225376894593257604e-01
0.000000000000000000e+00
4.197756285535463872e-01
0.000000000000000000e+00
0.000000000000000000e+00
0.000000000000000000e+00
2.599077716041655051e-01
0.000000000000000000e+00
1.747433046654889299e+00
9.203693205163395730e-01
1.442834417074560838e+00
1.620299026491568650e+00
0.000000000000000000e+00
2.398753818082987266e+00
6.412324140961133123e-01
