# Ensemble A, m = 1000.0, c_n/c_p = 0.909677419355, f = -0.981739130435
# lambda = [  1.48113653e-08  -1.32275256e-08   0.00000000e+00   2.56310547e-09]
#  
7.417118699535844017e-01
0.000000000000000000e+00
2.679218094663597061e+00
3.367506207092549442e+00
2.541671335518576491e+00
1.549396155618425919e+00
2.013519841516782538e+00
4.728785763437118206e+00
1.961549223127251995e+00
1.783504094250028427e+00
7.850208749185495494e-01
2.295784197613524924e+00
3.694510551528888076e+00
2.551663142770071779e+00
2.920381183419935578e+00
1.157198150242342294e+00
8.554166890489137698e-01
1.484605543109788650e+00
0.000000000000000000e+00
8.594967177002886816e-01
9.329072458493318232e-01
2.946172307885956521e+00
1.987975028413249579e+00
2.695352673368189400e+00
2.076799120884328609e+00
6.520451368284017057e-01
1.904636369768320625e+00
1.808811507547583242e+00
2.585454355404521287e+00
1.034453297134208416e+00
1.680293533164715081e+00
0.000000000000000000e+00
3.841934964246630724e+00
1.592943418519556786e+00
3.143169501387735210e+00
1.839752539576300361e+00
4.116839848849283889e+00
2.508029602211301334e+00
3.461765456395991425e+00
7.345572674720350914e-01
1.325899552742099807e+00
2.550280385237527536e+00
7.349780570403801061e-01
1.955104353236549075e+00
1.572019475181583692e+00
3.543807503896166722e+00
7.027797705885310275e-01
1.924004526970012119e+00
3.671901516882252636e+00
2.104492872673257686e+00
8.829837767742226839e-01
7.961760444700556327e-01
2.119806325552263004e+00
3.111778539770075458e+00
2.359827835340688296e+00
1.423499522623162594e+00
6.997185782652232122e-01
1.845615362711870544e+00
0.000000000000000000e+00
0.000000000000000000e+00
2.438045883273281866e+00
2.594116908347651851e+00
2.808484933973234732e+00
8.371313160313851309e-01
3.334563227354374604e+00
2.543367169986472831e+00
5.058498092018994807e-01
2.787830801771391087e+00
4.080372159514664143e-01
3.800830191620189868e+00
3.280640478715090236e+00
1.143202922726140880e+00
4.724278257225226763e-01
4.129458129576680570e+00
1.985594155750660894e+00
2.780397866285150066e+00
2.562530728510229672e+00
0.000000000000000000e+00
2.539481296550058609e+00
9.411981826651617533e-01
2.158720510930385750e+00
0.000000000000000000e+00
2.385906885926470267e+00
9.371920314429367238e-01
2.564052001439871109e+00
0.000000000000000000e+00
3.752178503087499450e+00
3.064939484345026166e+00
3.279702002137569128e+00
7.514152469241588417e-01
3.429334162048189416e+00
2.028870303931743280e+00
8.027491199986502846e-01
1.793924951965466752e+00
7.909034620301080842e-01
1.979372275236539913e+00
4.434732186455029534e+00
1.529483530802603575e+00
3.719431982150485982e+00
1.771443002321773985e+00
