# Ensemble A, m = 1000.0, lambda = [  1.76207525e-08  -1.48362473e-08   0.00000000e+00   2.91416857e-09]
4.416051408195772687e+00
2.138608043474723885e+00
1.290861602181649248e+00
1.593994777166698462e+00
2.658502970963699585e+00
3.126777601780629023e+00
1.267230503838725264e+00
2.771235479797367951e+00
1.065473999550685891e+00
8.288346730643056937e-01
2.566754836654044247e+00
3.509157375310584470e+00
3.026742183905734684e+00
3.883191406910781185e-02
0.000000000000000000e+00
2.356454231443942948e+00
3.006945844341907481e+00
3.178967093455664195e+00
2.765778634669685765e+00
2.500487048257185485e+00
2.371633908043704775e+00
2.427108178923806037e+00
1.817403072419397692e+00
1.205994970260956700e+00
1.236308221299936561e+00
2.698076606587521020e+00
2.168979062933012791e+00
2.610425767493179450e+00
2.773765350603994317e+00
2.801955219634687300e+00
2.798384095398683158e+00
0.000000000000000000e+00
3.048029035402493037e+00
6.524300046719654356e-01
1.597160401068944857e+00
2.218403162861140032e+00
6.228164392324400112e-01
3.276972798348825044e+00
3.033549370497245157e+00
1.909459887697181557e+00
3.007619221982737567e+00
2.433274310082321978e+00
1.173493344586123310e+00
1.466845285623695094e+00
2.680897372244789967e+00
4.258155757652569484e+00
2.254932996458451022e+00
2.427987496300611614e+00
7.342139725407325068e-01
2.227928715798365378e+00
3.082695347056530366e+00
2.659401386292149283e+00
1.043355108796457875e+00
1.068978961602419453e+00
2.377049974857307291e+00
1.741087370701139170e+00
3.658703703952484787e+00
2.739248484953281437e+00
2.708758164459496687e+00
0.000000000000000000e+00
2.517788272536352068e+00
4.034224903243760707e+00
0.000000000000000000e+00
2.732323430958260246e+00
2.906833649241042927e+00
6.894880028671620531e-01
1.937471663855605097e+00
1.059155789356530875e+00
2.442165563770956282e+00
2.187567435339861532e+00
2.044417884288676213e+00
3.208246660228554870e+00
2.356504991250736758e+00
2.442938096362751832e+00
1.326796563640613380e+00
2.721163376571713144e+00
3.950384148864308997e+00
2.465266214529485911e+00
6.569706925066437497e-01
0.000000000000000000e+00
5.830255115945023880e-02
4.383620356377520011e+00
2.530454720655392897e+00
1.321705847616789331e+00
2.065809941408834227e+00
1.520298683458255473e+00
6.588008676280570075e-01
2.971971238945984695e+00
4.233179625900919341e+00
9.087806559034506959e-01
0.000000000000000000e+00
2.523599699594063051e+00
2.956110202315720414e+00
2.341258231715555027e+00
3.468181126498582678e+00
2.794914846446196588e+00
1.125417455186387361e+00
4.122093652125545127e+00
1.757767307666924239e+00
1.959489287131892521e+00
