# Ensemble A, m = 1000.0, lambda = [  1.72452961e-08  -1.53298165e-08   0.00000000e+00   2.04136507e-09]
2.770808735162050063e+00
1.583506619001636917e+00
2.504042099735284133e+00
1.761849554688032171e+00
2.317913267337383232e+00
3.033636253474053746e+00
0.000000000000000000e+00
1.422123873375972458e+00
3.491727003512858918e+00
1.888743187541777058e+00
2.738806594944185768e+00
2.724921224522601548e+00
2.741311021403436854e+00
3.946192739851322351e+00
3.072114744794789853e+00
1.057282912134302144e+00
1.484560886514240785e+00
2.579002867347176320e+00
2.629461300858484396e+00
7.161577029234637015e-01
3.207913555697420982e+00
1.679672981411427291e+00
2.342592793472839219e+00
2.032407827714951321e+00
3.074045596118158308e+00
1.607795085794881063e+00
1.527834294860322739e+00
9.902654202151456309e-01
0.000000000000000000e+00
3.413846701135097916e+00
2.389746356371476921e+00
2.153494520437198911e+00
2.247906596160012427e+00
1.179145698370295703e+00
2.827190603742173458e+00
2.379048503124508329e+00
1.297250614005257319e+00
3.106261313162593130e+00
1.918181461949111322e+00
1.010162752483434012e+00
0.000000000000000000e+00
2.835260765761700608e+00
3.136259044299407606e+00
3.525157762883747381e+00
2.056649221627942392e+00
2.328312805912147176e+00
3.578043158814423474e+00
2.430602616361701607e+00
2.404463321451169477e+00
2.858991056444988743e+00
3.237523108802239147e+00
2.727798634200626626e+00
1.748294426752031949e+00
0.000000000000000000e+00
0.000000000000000000e+00
3.263310324697902942e+00
2.928089462754390304e+00
0.000000000000000000e+00
2.690037266021346074e+00
2.924587356286837636e+00
0.000000000000000000e+00
1.738344439731939639e+00
2.275570009999759336e+00
4.312963583286173019e+00
2.822380020692179858e+00
3.557340176870818826e+00
1.471253518832833063e+00
1.184789812451987334e+00
3.508838183778289377e+00
1.204806392825672479e+00
2.366904862783278940e+00
2.179844013274094383e+00
2.464602474662031639e+00
2.372465481533747589e+00
3.203447961852852188e+00
2.402314911291653310e+00
1.852226219943189367e+00
2.309861216873993595e+00
3.293945270029007499e+00
1.829948984064250661e+00
2.027673040044890129e+00
1.256901350351666391e+00
2.222780047880554832e+00
3.059284684304951707e+00
1.365842902637811385e+00
1.634296675998704762e+00
2.990601482325017990e+00
1.313718229877882893e+00
2.961962015131995418e+00
3.288882541757280897e+00
1.899530544981441693e+00
2.034741715816480667e+00
1.799160097639774580e+00
2.558521022677926027e+00
3.210199117983308703e+00
2.991558713756667487e+00
2.322847909818284595e+00
1.411112090644820904e+00
2.735736932306226166e+00
0.000000000000000000e+00
