# Ensemble A, m = 1000.0, c_n/c_p = 0.896774193548, f = -0.952857142857
# lambda = [  1.22520000e-08  -1.04693058e-08   0.00000000e+00   3.33375192e-09]
#  
0.000000000000000000e+00
5.540196031658772835e-01
9.623714178587078338e-01
1.965398069243672330e+00
4.948485072078032121e-01
2.765888391385117551e+00
2.712542086351589776e-01
6.689578709013057622e-01
2.578049905869047809e+00
1.902006869181841919e+00
2.598397288261512283e+00
2.184545477895080801e+00
3.048323067626651506e-01
3.231773727172751354e+00
3.430393818197021716e+00
1.811188919186025981e+00
3.557643286802414373e-01
1.479160169119225099e+00
1.527371931751662526e+00
1.425214857372055999e+00
5.118025832722538082e-01
2.349026070344388373e+00
3.063994673084113884e+00
1.075481855479903520e-01
0.000000000000000000e+00
2.232994622757909831e+00
1.139961689597437378e+00
2.153701212390119579e+00
1.773331214658245836e+00
1.902317961763200227e+00
2.391126632519265716e+00
1.763444010956053631e+00
1.093130694392075164e-01
2.061197741960034691e+00
3.780609199092242467e-01
1.994872379045366850e+00
1.447964810635610666e+00
9.882053423550735127e-01
2.449002968914794298e+00
7.408481022853252718e-01
0.000000000000000000e+00
1.596097870381557815e+00
2.716042244966399011e+00
1.358741014117462509e+00
0.000000000000000000e+00
1.108131026988522727e+00
3.881840061089602417e-02
1.996886344433417948e+00
1.583482484260660073e+00
2.961839646358796152e+00
5.529991343950990679e-01
4.064895259411426487e+00
0.000000000000000000e+00
2.518775465881677889e+00
9.182866205122075520e-01
0.000000000000000000e+00
2.046068865660020109e+00
0.000000000000000000e+00
9.049193430611962574e-01
2.532813627599388995e-01
2.024373860922596968e+00
1.664968021651806795e+00
3.072467880311406052e+00
2.259615644325464245e+00
1.085525554262138703e+00
3.259076491115993068e-01
1.214607387124252202e+00
2.226830455364874783e+00
2.354699777587188958e+00
9.455490075215006174e-01
7.561940014742088989e-01
1.931374074041894540e+00
1.630679838948048799e+00
1.081648580249071845e+00
1.097164028914369149e+00
1.058399330367357560e+00
1.075462866183510169e+00
5.241464380489193609e-01
1.572272463537551124e+00
2.100114959733800468e+00
1.334832779040186823e+00
4.140560188930527685e-01
1.460093094863399443e+00
3.161734148276990064e-01
1.411188374515705668e+00
2.517710141750400421e+00
2.495399572598830940e+00
0.000000000000000000e+00
3.778581524223336152e-01
1.662583939722680038e+00
9.472785718007901146e-01
2.260240645227060696e+00
3.716564837173944813e+00
1.399110557933391563e+00
1.975350318103421543e-01
1.877135279292335479e+00
3.672092331660889997e-01
2.274850292344603009e+00
9.397748943866844895e-01
1.354193483714074775e+00
