# Ensemble A, m = 1000.0, lambda = [  3.20367446e-08  -1.94881584e-08   0.00000000e+00   2.40032519e-09]
0.000000000000000000e+00
0.000000000000000000e+00
1.095922730474246931e+00
0.000000000000000000e+00
0.000000000000000000e+00
0.000000000000000000e+00
6.049385466576424203e-02
1.142238975938214107e+00
0.000000000000000000e+00
8.032449982255931431e-01
0.000000000000000000e+00
0.000000000000000000e+00
0.000000000000000000e+00
0.000000000000000000e+00
3.414483145834400490e-01
0.000000000000000000e+00
8.929854154242004016e-01
1.322916869838992815e+00
0.000000000000000000e+00
2.315963281689547848e-01
0.000000000000000000e+00
1.453314940029900804e+00
0.000000000000000000e+00
1.630946055931539185e+00
0.000000000000000000e+00
1.609494451595163689e-01
1.426891572443441225e+00
6.671322804161550213e-01
5.609950785726505185e-01
0.000000000000000000e+00
0.000000000000000000e+00
1.226038133728647228e+00
1.229771215857381028e+00
1.464115269196828883e+00
0.000000000000000000e+00
1.034098413024759244e+00
1.194457826338214845e+00
1.754617917204705169e+00
0.000000000000000000e+00
9.645302240172426433e-01
9.598359595863192872e-01
0.000000000000000000e+00
1.345008513028754571e+00
1.556020037341309337e+00
7.671531085261539262e-01
9.307213130630151987e-01
0.000000000000000000e+00
0.000000000000000000e+00
0.000000000000000000e+00
6.134391594224024580e-01
1.363785906254733615e-01
0.000000000000000000e+00
9.065795623783390322e-02
2.503008303176359028e+00
0.000000000000000000e+00
0.000000000000000000e+00
0.000000000000000000e+00
1.014913429406072654e+00
2.656407662262069369e+00
0.000000000000000000e+00
2.494520982812638288e-02
0.000000000000000000e+00
4.448190565909539984e-01
1.720534678309103782e+00
9.792348015671964445e-01
1.063174535353871519e+00
1.318038094936359261e+00
8.578400620365782547e-01
1.210271218511711266e+00
0.000000000000000000e+00
4.059263346318981447e-01
1.168290496924271338e+00
1.391312689934174784e+00
0.000000000000000000e+00
6.944420860504513238e-01
0.000000000000000000e+00
1.658556916298268513e+00
0.000000000000000000e+00
5.384618059457765282e-01
9.095456183627228519e-01
0.000000000000000000e+00
0.000000000000000000e+00
0.000000000000000000e+00
9.504022894850501224e-01
2.778227800648619406e-01
1.069944431658133466e+00
2.781303289195102835e-01
0.000000000000000000e+00
5.428573238072819107e-01
0.000000000000000000e+00
1.128256296545979143e-01
4.363160651515545219e-01
1.394564505753562278e+00
1.223407286354144530e+00
0.000000000000000000e+00
4.265164846528814863e-02
0.000000000000000000e+00
1.714803437293688004e+00
9.569809704479198542e-01
0.000000000000000000e+00
