# Ensemble A, m = 1000.0, c_n/c_p = 0.922580645161, f = -1.0
# lambda = [  1.72894105e-08  -1.59508755e-08   0.00000000e+00   0.00000000e+00]
#  
0.000000000000000000e+00
0.000000000000000000e+00
6.302867051138173471e-01
0.000000000000000000e+00
0.000000000000000000e+00
0.000000000000000000e+00
0.000000000000000000e+00
0.000000000000000000e+00
0.000000000000000000e+00
0.000000000000000000e+00
0.000000000000000000e+00
0.000000000000000000e+00
0.000000000000000000e+00
1.725672952822058903e+00
5.917060379820519023e-01
0.000000000000000000e+00
0.000000000000000000e+00
0.000000000000000000e+00
0.000000000000000000e+00
7.074400222282682948e-01
9.646250719101024940e-01
0.000000000000000000e+00
0.000000000000000000e+00
0.000000000000000000e+00
0.000000000000000000e+00
0.000000000000000000e+00
0.000000000000000000e+00
1.484500922215381026e-02
0.000000000000000000e+00
7.222189058275924056e-01
0.000000000000000000e+00
0.000000000000000000e+00
0.000000000000000000e+00
4.614434970266050873e-01
0.000000000000000000e+00
3.660123337003675648e-01
1.416734696269124072e+00
0.000000000000000000e+00
0.000000000000000000e+00
3.386710483209812717e-01
2.167199857451884260e+00
0.000000000000000000e+00
0.000000000000000000e+00
0.000000000000000000e+00
5.212229817169800050e-01
0.000000000000000000e+00
6.261948527076628412e-01
0.000000000000000000e+00
0.000000000000000000e+00
0.000000000000000000e+00
0.000000000000000000e+00
5.633179233088733140e-01
0.000000000000000000e+00
7.030258410565347615e-01
1.830310734344861467e+00
0.000000000000000000e+00
0.000000000000000000e+00
0.000000000000000000e+00
0.000000000000000000e+00
2.823030978341943276e-01
0.000000000000000000e+00
0.000000000000000000e+00
0.000000000000000000e+00
2.033065803285088666e-02
1.803741856039201702e-02
1.027727721428326912e+00
0.000000000000000000e+00
1.665972040301055168e+00
0.000000000000000000e+00
7.983351238251379378e-01
0.000000000000000000e+00
1.111632864937130566e-01
0.000000000000000000e+00
5.868135203498445751e-01
0.000000000000000000e+00
0.000000000000000000e+00
9.398276680612642764e-01
0.000000000000000000e+00
1.222683379786158320e-01
2.102685721450694878e+00
2.195903241454858712e+00
1.796844137891423721e+00
0.000000000000000000e+00
0.000000000000000000e+00
0.000000000000000000e+00
0.000000000000000000e+00
6.497040032506137264e-01
0.000000000000000000e+00
0.000000000000000000e+00
0.000000000000000000e+00
0.000000000000000000e+00
6.585836596644830676e-01
0.000000000000000000e+00
1.767161949847102509e+00
0.000000000000000000e+00
0.000000000000000000e+00
0.000000000000000000e+00
0.000000000000000000e+00
0.000000000000000000e+00
1.909674961485218966e-02
