# Ensemble A, m = 1000.0, c_n/c_p = 0.870967741935, f = -0.944285714286
# lambda = [  1.22935795e-08  -1.01107610e-08   0.00000000e+00   3.52406370e-09]
#  
0.000000000000000000e+00
2.607297153494767095e+00
2.687792139312249695e+00
1.648549230564587242e+00
2.018187654919172402e+00
5.975501191024368275e-01
1.399575694572467999e+00
1.168131667068132540e+00
1.220028514610664416e+00
4.178630228987953443e-01
8.444935850800069366e-01
6.514602269730532802e-01
0.000000000000000000e+00
2.117178903258311706e+00
2.514122209849891210e+00
8.912501857256410753e-01
1.570245574794703503e+00
1.040432478570463726e+00
1.134997411629722786e+00
1.425164732669545353e+00
1.802200688806979034e+00
1.559585350190446640e+00
1.949526543379018984e+00
1.936384276157467665e+00
9.086239091777665866e-01
6.107486820479404166e-01
0.000000000000000000e+00
8.052193646476017985e-01
0.000000000000000000e+00
1.191140202200419440e-01
3.741360152780487391e-01
1.371344751638859716e+00
0.000000000000000000e+00
6.377277218731782771e-01
3.185413626127938880e+00
1.016958042015108227e-01
6.812525060396139587e-01
1.735421606334180744e+00
5.745572669922849318e-01
1.909062246672245555e+00
0.000000000000000000e+00
3.093761948082414559e+00
2.686162307243528780e+00
1.526535473660729725e+00
3.186160906456951825e+00
2.851719336180211783e+00
3.937856021015076827e-03
7.919856594783267756e-01
7.410557909964820000e-01
2.257783991164299398e+00
1.361456637109459633e+00
0.000000000000000000e+00
4.905825536883308691e-01
7.162136680080352091e-01
2.499431936987176694e+00
2.733844528917680261e+00
1.138939267900631602e+00
0.000000000000000000e+00
1.724355335722301819e+00
1.225984882986521196e+00
0.000000000000000000e+00
0.000000000000000000e+00
1.154287823423073789e+00
2.657963601379515484e-01
1.390066732716450648e+00
2.186911586459929335e+00
1.152883280360602392e+00
0.000000000000000000e+00
3.529495785830397914e+00
1.976821723741082559e+00
7.161161771349577876e-01
1.112492887203582193e+00
2.367474156530782747e-01
1.189194023151009194e+00
4.915258620486236962e-01
4.237906090654448565e-01
2.980784039469044355e+00
4.187267194362204736e-01
2.034033697963681053e+00
1.475681715244185011e+00
1.145339996999176879e+00
0.000000000000000000e+00
1.499953529608809344e+00
5.069886218243511156e-01
1.295348608209484942e+00
6.597433119979932981e-01
6.416913880891762512e-01
1.339242100415719006e-01
6.948973326341086887e-01
0.000000000000000000e+00
3.997384999393097438e+00
9.409301298129632563e-02
1.847069467845045665e+00
5.901068441414260013e-01
1.352815903654753349e+00
2.648169822478982471e+00
1.652710912865969384e+00
1.185135669360137811e+00
0.000000000000000000e+00
5.256630903981707181e-01
