# Ensemble A, m = 1000.0, lambda = [  1.74008693e-08  -1.01622680e-08   0.00000000e+00   3.23598156e-09]
5.275760863558709435e-01
6.540543677656180943e-01
0.000000000000000000e+00
0.000000000000000000e+00
0.000000000000000000e+00
4.720739183209591849e-01
1.186564430854081476e+00
0.000000000000000000e+00
2.122621479278140322e-01
1.273435180338413630e+00
0.000000000000000000e+00
2.249918591401083745e+00
4.372137437394299497e-01
1.284790049273865364e-01
9.890899443188462259e-01
0.000000000000000000e+00
5.182110907835338898e-01
3.028467860120725996e-01
1.704284854964492890e+00
0.000000000000000000e+00
7.909313780423268270e-01
8.032941498919754508e-01
3.812808850406808059e-01
1.075007647520118015e+00
2.440531831573242438e-01
1.646180965833998200e-01
2.429834803632152429e+00
4.352956001620558041e-02
0.000000000000000000e+00
1.011606054991613268e+00
5.474901209308071642e-02
0.000000000000000000e+00
0.000000000000000000e+00
1.350109596112340604e+00
2.110554736513791090e-03
0.000000000000000000e+00
7.655100573126486126e-03
6.094458310053808142e-02
1.383375906975528702e+00
0.000000000000000000e+00
0.000000000000000000e+00
5.236668839629076144e-01
8.045995443899837118e-01
6.554288359634026506e-02
1.353198642139863850e+00
0.000000000000000000e+00
1.639160909752382267e+00
2.074777985435059868e+00
1.589194642058963380e-01
6.418871657348108606e-01
6.545111193244134151e-01
2.275456155267788494e-01
6.185958231577135535e-01
0.000000000000000000e+00
1.276599287243991743e+00
8.975148708354291349e-01
4.907194092595525137e-02
0.000000000000000000e+00
0.000000000000000000e+00
0.000000000000000000e+00
1.122113238653124484e-01
5.487193378630202956e-01
2.326301841624060174e+00
0.000000000000000000e+00
8.788272286342230233e-01
1.078974879259694708e+00
1.592420543427291654e-02
0.000000000000000000e+00
4.593541728444546224e-01
1.642959027529022897e+00
1.212485643316132178e+00
2.559325778537324236e+00
0.000000000000000000e+00
3.193092551325587558e-01
1.037266805438751049e+00
3.230434033620538381e-01
7.877828983079467884e-01
6.664087360959170502e-03
3.029388110581847648e-01
5.711140350540292454e-01
0.000000000000000000e+00
5.488628543548773608e-01
0.000000000000000000e+00
2.076492150353778765e+00
9.256196534333965831e-01
2.112547156416730854e+00
7.795264859239180444e-01
1.228955384417946384e+00
0.000000000000000000e+00
5.173828871264543050e-01
1.251056982041872934e-01
0.000000000000000000e+00
1.641060292610039495e+00
8.727256532770232278e-01
1.075492312535510475e+00
3.720215800119212046e-01
6.119611523334047565e-01
0.000000000000000000e+00
2.374631891071553369e+00
2.049424829950336591e+00
