# Ensemble A, m = 1000.0, lambda = [  3.60552961e-08  -2.41497792e-08   0.00000000e+00   3.65336467e-09]
2.002402534073069340e+00
2.102303684737085288e+00
3.846619916925825833e-01
1.262783585301067824e+00
2.591473384737061902e+00
2.201687162213332272e+00
1.008903932492644540e+00
2.373887739597918767e+00
2.741746871029687060e+00
2.405541158180940275e+00
1.173539994334712899e+00
3.438757230570971046e+00
2.592522579916925807e+00
2.155854939466178788e+00
2.971153179611834894e+00
7.903899853158848909e-01
1.326837881696168564e+00
1.491438024385501215e+00
3.071721552430208835e+00
2.444055472783877470e+00
1.543889995024688044e+00
1.016750247034926113e+00
2.850729386952498778e+00
7.259102670749448816e-01
2.031461674597118350e+00
0.000000000000000000e+00
4.349550110017667559e-01
1.126267985219896017e+00
1.114743076364390850e+00
2.296737881045127327e+00
2.852642263155581226e+00
4.521080571243260016e-01
4.538350090954408611e-02
7.099796230298542898e-01
1.041594787053107707e+00
2.529104643441253408e+00
6.717730371536593248e-01
2.279166959201577747e+00
4.713984442679058362e-01
2.156839060175775202e+00
8.259181142735072534e-01
1.401188926380068533e+00
1.833261755981921981e+00
2.910000040384249864e+00
3.054393981939291791e+00
1.760740906118345439e-01
9.083549753675154159e-01
3.223466124671634070e+00
1.136671495808845744e+00
3.651795909694102615e+00
1.149297230821370253e+00
1.800479896913459221e+00
8.098508506632386972e-01
1.841441528954310458e+00
1.355358923378041425e+00
2.025881226843218474e+00
2.814248506214429124e+00
1.422934930442008250e+00
1.539510597511005718e+00
2.187169735973324425e+00
3.039226780435773989e+00
1.410222361940603797e+00
2.694279244091027703e+00
0.000000000000000000e+00
1.855353255464396556e+00
0.000000000000000000e+00
5.411908772476399232e-01
2.197556549955708149e+00
1.325833076805988053e+00
3.631252191618829617e+00
1.804818256723012437e+00
1.869416704640653348e+00
2.154868403876686322e+00
8.324922254015836298e-01
2.123794073924221149e+00
7.668008822018490545e-01
6.373910558519569891e-01
2.103236933420081112e+00
1.120885636242896943e+00
1.900358603480108100e+00
3.306247503737218985e+00
2.030896943238431618e+00
1.710434158384653403e+00
2.545370867079618016e+00
4.069694429698206051e+00
7.886388917151939681e-01
0.000000000000000000e+00
1.833209635150950367e+00
1.933896718125989178e+00
2.351511278317085285e+00
1.938715373833790778e+00
3.616239910973368943e+00
2.819465458942125746e+00
2.415574725146639956e+00
2.537591542946390888e+00
2.368149094238293895e+00
2.090098833814822310e+00
2.028037024335362482e+00
7.938640973438804149e-01
1.161370130765020825e+00
