# Ensemble A, m = 1000.0, c_n/c_p = 0.896774193548, f = -0.997391304348
# lambda = [  1.87821109e-08  -1.67993733e-08   0.00000000e+00   1.21582421e-09]
#  
7.796920769969284404e-01
0.000000000000000000e+00
1.043056498359271389e+00
0.000000000000000000e+00
3.127354320274397192e+00
6.208415046608039001e-01
5.114449755446014434e-01
8.737177269672817825e-01
0.000000000000000000e+00
2.619478272218833115e-01
0.000000000000000000e+00
1.968916394053423335e+00
2.265934449868553635e+00
1.354959785243420312e-01
0.000000000000000000e+00
1.289541154834017433e+00
1.349161907240587821e+00
3.125746366284899658e+00
0.000000000000000000e+00
1.126918625572121080e+00
9.293111612656582698e-01
0.000000000000000000e+00
1.306876487504064821e+00
5.093251628779627005e-01
2.284229878169399708e+00
1.548092812882174707e+00
1.870921640858791424e+00
0.000000000000000000e+00
0.000000000000000000e+00
6.348454476135693136e-01
0.000000000000000000e+00
1.333086741564975419e+00
0.000000000000000000e+00
3.582929406930490113e-01
1.207225634034831963e+00
3.621381274276167073e+00
3.162870737891164907e+00
1.610208257474816662e+00
0.000000000000000000e+00
7.216696551478797295e-01
2.606165323408732526e+00
1.114454535678014224e+00
2.138026986377805638e+00
2.165857789712360759e+00
0.000000000000000000e+00
0.000000000000000000e+00
1.517834732128057862e+00
1.136060390249519880e+00
0.000000000000000000e+00
0.000000000000000000e+00
5.910289098386402040e-01
0.000000000000000000e+00
1.579450877996212421e+00
1.561204146790841740e+00
0.000000000000000000e+00
1.676824421336484239e+00
1.515809884857749035e+00
5.193011011631877283e-01
2.051395933497949908e+00
4.505986711509550949e-03
1.526504807323206592e+00
3.633445124559589345e+00
0.000000000000000000e+00
0.000000000000000000e+00
2.148866653006439975e+00
1.879446698643473912e+00
1.368000116660285759e+00
1.134745856223785321e+00
0.000000000000000000e+00
1.970264048306119786e+00
0.000000000000000000e+00
1.740961467901499748e+00
2.324538834083659467e+00
4.028511529867102037e-01
9.515355999178064517e-01
7.680899311879594293e-01
0.000000000000000000e+00
0.000000000000000000e+00
1.189022172587527848e+00
0.000000000000000000e+00
1.614843636794695669e+00
1.930507949591477868e+00
1.871212339655029977e+00
0.000000000000000000e+00
0.000000000000000000e+00
3.056530105643632478e+00
3.274282473169896068e+00
1.073512193048714591e+00
1.645738019588354195e+00
1.018118247050808556e+00
8.383575822717798109e-01
1.089719628219488534e+00
0.000000000000000000e+00
9.293111612656582698e-01
0.000000000000000000e+00
1.979231627217006295e+00
1.482900338289128594e+00
6.050837402086210563e-03
1.342665594987120237e+00
0.000000000000000000e+00
