# Ensemble A, m = 1000.0, lambda = [  3.73973707e-08  -2.41553840e-08   0.00000000e+00   3.21660451e-09]
8.474810798559655467e-01
9.210776906243206552e-01
1.736691837552463591e+00
2.486603130594779110e+00
1.587146285923293432e+00
0.000000000000000000e+00
0.000000000000000000e+00
1.004036165022621940e+00
6.654622523832870451e-01
3.061107146982509908e-02
2.055649064333744835e+00
0.000000000000000000e+00
4.169924828245741844e-01
6.300052254914746408e-01
4.032116356860552253e-01
5.548843076628752202e-01
3.694900673740389441e-01
1.528880939521243709e+00
2.081595278937169002e+00
1.804065767676227949e+00
1.554054708421260811e+00
6.094927261909001137e-01
3.427452638000969110e+00
2.823933759108924413e+00
0.000000000000000000e+00
0.000000000000000000e+00
3.011290089867058040e-01
2.035037422191022127e+00
0.000000000000000000e+00
7.071573152906668325e-01
2.796609917834941950e+00
2.136785946123955782e+00
2.737484109526957976e+00
1.515541464446385378e+00
0.000000000000000000e+00
7.742088128174742234e-01
8.668214844388975049e-01
5.761445328463127291e-01
1.630610361118532303e+00
0.000000000000000000e+00
1.548581678020097385e+00
4.234623614683937221e-01
0.000000000000000000e+00
7.324844649546847775e-01
0.000000000000000000e+00
5.143668460797740094e-01
0.000000000000000000e+00
1.996161675096787214e+00
0.000000000000000000e+00
0.000000000000000000e+00
9.904989998823637842e-01
1.206005125299532299e+00
1.693373034286410395e+00
0.000000000000000000e+00
0.000000000000000000e+00
4.909993956439962504e-01
5.992825782644262134e-01
1.550589420878095703e+00
2.072957639028328636e+00
3.215960905110741286e-01
0.000000000000000000e+00
1.862421513216555927e-02
6.335935323278463205e-01
1.899882764444573491e+00
2.377543662801124835e+00
1.038013256488341529e+00
1.874540300305552520e+00
1.938783920760429158e+00
3.009209246248076286e-01
2.275998907548465677e+00
5.796619480956738402e-01
6.681944148001662809e-01
8.726324007686350193e-01
8.235570940427342501e-01
2.115087709065592847e+00
8.292142352211843148e-01
1.155066442987553010e+00
5.514220415489606841e-01
1.927020034449846264e+00
1.408415536298153636e+00
0.000000000000000000e+00
1.972296583683810223e+00
1.461340543894857014e+00
1.386340571106884578e+00
1.670199594558448020e+00
0.000000000000000000e+00
0.000000000000000000e+00
6.809060270405792314e-01
1.016191275315482034e+00
3.051197844159923567e-01
6.077671647277574918e-01
1.085531399801148655e+00
4.751325079384809413e-01
2.336412478010142735e+00
1.197051606020943959e+00
3.013106725930700058e+00
7.816111166134694088e-02
1.637542762302676813e+00
3.307542233868503989e-01
0.000000000000000000e+00
