# Ensemble A, m = 1000.0, lambda = [  1.82269825e-08  -1.56766748e-08   0.00000000e+00   2.50221960e-09]
2.508646208298495495e+00
1.664987587435057481e+00
4.223261534487646962e+00
1.450141620580031709e+00
3.231233349965829671e+00
3.101196926415481059e+00
4.267320122025560103e+00
3.389841502815882812e+00
2.906799639193136997e+00
4.906366874519221266e-01
1.841971760635540800e+00
3.378400333576069947e+00
2.638989441886795184e+00
1.916007665060559306e+00
2.180959428548486123e+00
3.612775711236021703e+00
3.422455672026193607e+00
1.621565150985066595e+00
4.177817479611199758e+00
3.290288331698213220e+00
1.237857429426161060e+00
3.244397480241426379e+00
1.759458674364762443e+00
1.566392278136444105e+00
9.853101246740059160e-01
3.227412473723878517e+00
1.030838166759493246e+00
2.639180937834705976e+00
1.870582787286374504e+00
3.241551895824415386e+00
3.274083103350187596e+00
2.014115074162621699e+00
2.904945156482986679e+00
3.739800757293345601e+00
2.821002583529051311e+00
1.445849354349112659e+00
3.607058812125222502e+00
2.642037400786849677e+00
2.695613330702797406e+00
4.631162347202701035e+00
2.382385678605698054e+00
2.455304785023420422e+00
2.650308298635253745e+00
8.005582328281514171e-01
3.870420708753684380e+00
2.276027607925067642e+00
3.352424491837691534e+00
3.688229026300281710e+00
1.773028981695634165e+00
2.182020270204665380e+00
2.246502212028643974e+00
2.092108806419290978e+00
1.326352428297742581e+00
2.441484710865593044e+00
3.365308905146757734e+00
2.223612401729334387e+00
1.894774436734711465e+00
1.890303978918072669e+00
2.582797676941814391e+00
2.455952029084076393e+00
4.078447511786868596e+00
3.442560556845102315e-01
2.676369594170841637e+00
2.997724490158991006e+00
2.945738964678778604e+00
2.144481167060662941e+00
3.846908373636101164e+00
3.630676468560068759e+00
2.820371946496970317e+00
2.770412683666753750e+00
1.327929504467014965e+00
3.204963549147711976e+00
1.952558649540563129e+00
2.383546702676806905e+00
4.219203266320899814e+00
3.422787938850910372e+00
2.539303864373137820e+00
3.696026136591790134e+00
3.618838032718506348e+00
5.093962458276164035e-03
3.130234134542627000e+00
1.955588428003658397e+00
4.370061209084815879e+00
2.519461231466292972e+00
2.962503656294697585e+00
2.308141874128189830e+00
3.045760510036565893e+00
2.662284033222736213e+00
2.344787686097709933e+00
3.409755429418146910e+00
1.687974215483563523e+00
4.044968356397501630e+00
3.257471635097803020e+00
3.406054172586709949e+00
3.764367402491230585e+00
3.582665313539969087e+00
2.552043903683828052e+00
1.660021090990126957e+00
2.900768563920371967e+00
4.056114129600949525e+00
