# Ensemble A, m = 1000.0, c_n/c_p = 0.612903225806, f = -0.975217391304
# lambda = [  2.24203935e-08  -1.34009805e-08   0.00000000e+00   3.04029761e-09]
#  
0.000000000000000000e+00
2.506887563797332685e+00
3.203503659964447858e-01
2.746892417217900451e-01
0.000000000000000000e+00
0.000000000000000000e+00
1.024018323426329369e+00
6.288907434152261056e-01
1.631211346029983078e+00
3.090865555907815199e-01
1.729116478084971320e-01
0.000000000000000000e+00
3.781774151224375768e-01
1.382722027649872620e+00
1.649049888337860370e+00
0.000000000000000000e+00
1.454276775408816225e-01
1.243529871329886127e+00
1.587034908718485182e+00
1.800019828748276929e+00
0.000000000000000000e+00
6.554823609900312098e-01
0.000000000000000000e+00
2.598803398913794638e+00
1.689967953168403370e-01
0.000000000000000000e+00
9.218427624946716747e-01
1.718649589397989841e+00
1.311146901233812390e+00
1.104323069455877410e-01
7.421088657399114996e-02
4.429222729464084019e-01
9.114260392139237332e-01
2.865948512199510745e+00
0.000000000000000000e+00
4.097322106821914001e-01
0.000000000000000000e+00
1.195857562897093995e+00
2.615284409638202190e-01
9.350282109559060473e-01
9.716261782481416809e-01
7.816467300980696198e-01
3.861175367408816728e-01
6.306559025611886415e-01
1.418701722502418328e+00
1.802109114414308877e+00
0.000000000000000000e+00
9.322038729053806483e-01
2.142712114608928520e+00
0.000000000000000000e+00
0.000000000000000000e+00
0.000000000000000000e+00
2.919563217905342123e-01
0.000000000000000000e+00
1.737784248798030617e+00
2.339960432157103920e+00
2.826243805666082132e-01
0.000000000000000000e+00
0.000000000000000000e+00
9.731529580930711187e-01
1.362587604362258897e+00
0.000000000000000000e+00
1.764767029865474290e+00
3.585329481433689458e-01
0.000000000000000000e+00
0.000000000000000000e+00
0.000000000000000000e+00
9.997883582975398975e-02
0.000000000000000000e+00
8.202720808285007825e-01
0.000000000000000000e+00
2.139284934322424281e+00
1.373121072002644549e+00
6.720563754865033212e-01
3.941263820503332349e-01
4.332907584014817348e-01
2.463728251894683030e+00
0.000000000000000000e+00
8.433169251324929006e-02
1.294546412905219324e+00
0.000000000000000000e+00
1.747446729546619171e+00
1.453093680295728607e+00
1.213728755545280258e+00
0.000000000000000000e+00
1.053641551763112236e-02
2.105817078963692079e+00
0.000000000000000000e+00
1.658492642859115351e+00
0.000000000000000000e+00
0.000000000000000000e+00
5.556178331026254691e-01
1.222214225436813045e-01
0.000000000000000000e+00
0.000000000000000000e+00
3.411273441573062226e-01
8.577108557414143686e-01
0.000000000000000000e+00
1.572605596803668071e+00
2.764346661472634192e-01
