# Ensemble A, m = 1000.0, lambda = [  3.24678829e-08  -2.61183171e-08   0.00000000e+00   1.85031506e-09]
3.396765109029318275e+00
3.491985767705336752e+00
4.511494373509695954e+00
3.497161589855568131e+00
4.362206650874401070e+00
4.249040118319228121e+00
3.575228292552840692e+00
3.841751791489326884e+00
3.526632250688476411e+00
3.495853327260768584e+00
3.700491810417674721e+00
4.929647383384070380e+00
3.794293581439707630e+00
3.763285437002538814e+00
3.881069335288364286e+00
4.176854190749389240e+00
3.164650931237995568e+00
4.178273760703126172e+00
5.234397164077941866e+00
4.434268984516031686e+00
4.194143884459019311e+00
3.477529692666227135e+00
2.596781134748502584e+00
3.703704106898884518e+00
4.384430404231305367e+00
4.204602700899698675e+00
3.518568083071737629e+00
4.077701449347495455e+00
2.895372351960126878e+00
3.821130838026038035e+00
3.415939885926581709e+00
4.478932972956105374e+00
3.768944890174253715e+00
4.478972493325272808e+00
4.314458604708466538e+00
4.206520933967017761e+00
4.463785890449394778e+00
4.185710000917483242e+00
3.325968519952051228e+00
4.053725309491211348e+00
3.789306909210938379e+00
4.412758533605878775e+00
3.855520329074507480e+00
3.835120328065430240e+00
3.342398968131346848e+00
3.078521782903926862e+00
4.121235295444222402e+00
3.835533804245444323e+00
4.411216898326004276e+00
3.776015464907438446e+00
2.659374768639777287e+00
3.549850691854967266e+00
4.571440357967836654e+00
3.064190294723985186e+00
4.005992390592065355e+00
3.744539415686089168e+00
3.502938853362747462e+00
4.359850808733318317e+00
3.986320001114536549e+00
3.178399541607993761e+00
3.782429287418971775e+00
3.652727028656995500e+00
5.127195764144012458e+00
4.806308728587118217e+00
2.851870686327333981e+00
4.721860892034778878e+00
3.205517215441941126e+00
3.231638941853279157e+00
4.091084147952620320e+00
3.024320262723127595e+00
3.819600144746767345e+00
3.809494057631059860e+00
4.238111303097967131e+00
2.714510664401307061e+00
5.239620563575429379e+00
4.439897825741488724e+00
3.745028941613433915e+00
4.067281787576514596e+00
3.090501936361202073e+00
3.418388693523076949e+00
3.819125031817815152e+00
2.637074008820628368e+00
3.854273937750534174e+00
3.561696277731349447e+00
4.299656762500508655e+00
5.004177865929631430e+00
2.719846330685864011e+00
3.962198865784649637e+00
2.003294616913847026e+00
3.027114205506169053e+00
3.989372770513965882e+00
3.862747387413186573e+00
2.978292672098748817e+00
2.525632684733854827e+00
5.052932913561649642e+00
4.776584608168252366e+00
2.767677172351285186e+00
5.389661121553347201e+00
2.448071143776467284e+00
3.886230725999746394e+00
