# Ensemble A, m = 1000.0, c_n/c_p = 1.0, f = -0.977826086957
# lambda = [  1.10293741e-08  -1.07848097e-08   0.00000000e+00   2.30975591e-09]
#  
0.000000000000000000e+00
1.748285356943055646e+00
3.784215201126626127e-01
1.033701487371339267e+00
1.369249362607305454e+00
3.128160083406974490e+00
7.539228725976901968e-01
2.052927063138377139e+00
1.699646620226848703e-01
2.657408644190090818e+00
1.854870598130540671e+00
3.393042609624285610e+00
4.883745244165140775e-01
0.000000000000000000e+00
3.917796188005349123e+00
8.475786029218318474e-01
4.847255743576263654e-01
0.000000000000000000e+00
0.000000000000000000e+00
8.866057004020615473e-01
1.229994152482968950e+00
7.181560588028270686e-01
1.159396322238221089e+00
9.772686662607220631e-01
1.441545126294041301e+00
0.000000000000000000e+00
1.316877529589389972e+00
1.337998387932512134e+00
3.925700217705556105e-01
1.006317008877442687e+00
0.000000000000000000e+00
2.266511625156134357e+00
1.507581205320552842e+00
5.855328162931736635e-01
1.337464248976562020e-01
1.255952810399727060e+00
9.857100036886192740e-01
2.055524568959914422e+00
1.214732852482157455e+00
0.000000000000000000e+00
9.550888223968653223e-01
1.311335942009344446e+00
0.000000000000000000e+00
4.341534787175911347e-01
2.134904624453842104e+00
0.000000000000000000e+00
1.725911422544921470e+00
0.000000000000000000e+00
7.962249506996892379e-01
8.260774162648919505e-01
2.134904624453842104e+00
1.084295581395685826e+00
3.483350926963374672e+00
0.000000000000000000e+00
2.494644044913215453e+00
1.402554810387192763e+00
2.363890933183959431e-01
8.720909723356530252e-01
0.000000000000000000e+00
1.744641520892295405e+00
8.933047320230601551e-01
9.852781223217325912e-02
0.000000000000000000e+00
2.384197971343397171e+00
2.461595666644676994e-01
0.000000000000000000e+00
1.568939323873825842e+00
1.706535630946251603e+00
4.426294809727936430e-01
1.274461982819963257e-02
1.526623016224141205e+00
1.813033396747388171e+00
3.708747144705311638e-01
1.017037009327068198e+00
0.000000000000000000e+00
0.000000000000000000e+00
1.657935028148589618e+00
0.000000000000000000e+00
9.783124354807307688e-01
2.940984852251037562e+00
9.395961689477496659e-01
1.041998756751169486e+00
0.000000000000000000e+00
1.605396158466994294e-01
3.349284919192307974e+00
1.094614556532071070e+00
9.416195560594495806e-01
1.514194450158536931e+00
0.000000000000000000e+00
1.329466693581063508e+00
0.000000000000000000e+00
0.000000000000000000e+00
2.146420818050713830e-01
1.280147745678731575e+00
0.000000000000000000e+00
0.000000000000000000e+00
1.548591696652280136e+00
4.443047484141867121e-01
0.000000000000000000e+00
1.963718410469913467e+00
