# Ensemble A, m = 1000.0, lambda = [  5.49463179e-08  -3.63757918e-08   0.00000000e+00   3.15912798e-09]
1.732203978343994422e+00
2.187869193326121842e+00
1.629418541358266914e+00
1.765855798827364209e+00
1.096789894009738919e+00
2.035021922671608863e+00
2.720396102239318825e+00
0.000000000000000000e+00
3.132387979081777907e+00
6.010453524853451857e-01
0.000000000000000000e+00
4.220733958448684708e-01
1.241110417975332947e+00
2.664007963519948063e+00
2.490345488708932020e+00
1.569489977587485985e+00
0.000000000000000000e+00
1.367788080439902965e+00
0.000000000000000000e+00
0.000000000000000000e+00
1.784591890836091377e+00
1.936818419169679950e-01
0.000000000000000000e+00
0.000000000000000000e+00
1.951314037869553708e+00
1.338695915449609641e+00
1.449650535106860705e+00
1.845334362212420087e+00
2.592189760379167041e+00
4.524748932322985029e-01
1.972954277595995176e+00
1.491401319338640619e+00
9.035957713798709046e-01
1.547241843599963751e+00
1.371345774422938701e+00
8.169243330936272196e-01
1.519366509543074173e+00
9.165710988156221539e-01
1.717963067308583280e+00
1.546727942017933621e+00
5.340048018497709492e-01
1.843037821304349899e+00
2.408566425518285037e+00
6.294719009875782145e-01
2.599260449076760793e+00
2.279445755423221698e+00
2.728278983923682066e+00
8.111153386169125401e-01
0.000000000000000000e+00
3.368714012109834122e-01
2.066846526729413824e+00
3.358062752173577858e-01
1.976487347863095545e+00
1.379041384881613819e-01
9.114123132651591463e-01
2.324910172491470473e+00
1.281727509964411649e+00
1.118426754360801745e+00
1.775138944405239283e-01
2.136688496516663260e+00
1.379643974986782151e+00
3.697282539473714102e+00
1.566341824329745558e-01
1.336121923757054297e+00
2.483519412728876774e-02
9.111508888289454600e-01
1.915342194807014176e+00
1.515420575828793970e+00
1.415539199294730821e+00
8.962915692770362375e-01
0.000000000000000000e+00
1.060987585435108516e+00
0.000000000000000000e+00
5.968128934071011971e-01
1.648844388818422102e+00
1.533466299845765102e+00
1.878903551614578893e+00
1.192425100886227884e+00
8.016156089735462231e-01
2.512469791518957329e+00
3.592057189051975463e+00
1.461347177000352549e+00
5.636364720228555225e-02
2.156145125463669654e+00
3.545291218695522328e+00
0.000000000000000000e+00
2.717816075815819410e+00
1.380767104034409165e+00
1.209125901134361136e+00
1.850562972600892309e+00
1.270716380038838356e+00
9.493643720406718112e-01
2.139830008622080892e-01
0.000000000000000000e+00
9.444816882236785061e-01
7.132345958416702603e-01
1.091509944238051366e+00
0.000000000000000000e+00
2.542145106340928606e+00
1.360467073518786485e+00
