# Ensemble A, m = 1000.0, lambda = [  3.08939611e-08  -1.87693271e-08   0.00000000e+00   2.49938076e-09]
0.000000000000000000e+00
0.000000000000000000e+00
5.730886662622153294e-01
0.000000000000000000e+00
1.511650760176443065e+00
1.955137715593897318e-01
3.809506630145512857e-02
0.000000000000000000e+00
7.966504467152946134e-01
8.798357825912774821e-01
1.292221721798019862e+00
1.141756937780201930e+00
3.730002219351150061e-01
0.000000000000000000e+00
5.521107284951008998e-01
1.808700871695164469e+00
0.000000000000000000e+00
1.291848250053155289e-01
0.000000000000000000e+00
1.813641177210801203e+00
1.527843115390805917e-01
0.000000000000000000e+00
0.000000000000000000e+00
7.368650595985515306e-01
9.944121327081250072e-01
0.000000000000000000e+00
0.000000000000000000e+00
1.687375712082517243e+00
0.000000000000000000e+00
2.149707963072226669e+00
1.645591418377191806e+00
1.058227289510563912e-01
0.000000000000000000e+00
0.000000000000000000e+00
1.113850781920817934e-01
1.552195576836095103e-01
0.000000000000000000e+00
1.083079641369527168e+00
3.357335757429600887e-01
6.711841892781423846e-01
0.000000000000000000e+00
0.000000000000000000e+00
0.000000000000000000e+00
1.539430987826320152e+00
4.298134120773932088e-01
2.310375327709186521e+00
1.879476035530208922e+00
1.215730705306254711e+00
8.579686295330476442e-01
1.085796032378501863e+00
0.000000000000000000e+00
0.000000000000000000e+00
0.000000000000000000e+00
1.767252475532140821e+00
0.000000000000000000e+00
1.612796943650998127e-01
1.695937772123995213e+00
1.520720351829104589e+00
8.758695863981659224e-01
6.411155232923980707e-01
1.048511602310996604e+00
1.398705689155846477e+00
1.216024704464562678e+00
4.654071072564618383e-01
0.000000000000000000e+00
5.178212247145489444e-01
6.419986712101012349e-01
0.000000000000000000e+00
2.257232039126492840e+00
1.720048144667671641e+00
7.084614817121712704e-01
0.000000000000000000e+00
0.000000000000000000e+00
0.000000000000000000e+00
0.000000000000000000e+00
0.000000000000000000e+00
1.854080399819650060e-01
0.000000000000000000e+00
1.375490715223194105e+00
1.413458082417728301e+00
0.000000000000000000e+00
0.000000000000000000e+00
1.214877723117971042e+00
1.629121122789417342e+00
7.066120558966019205e-01
2.114192140935214681e+00
4.071227835643568271e-01
1.683712480997237304e-01
0.000000000000000000e+00
5.276294933142291477e-01
7.006694901648891083e-01
1.179497286461822503e+00
6.340877929757973153e-01
1.024113037022869488e+00
6.443936318068129721e-01
3.275132889946061332e-01
0.000000000000000000e+00
3.268597463282775228e-01
0.000000000000000000e+00
3.673120868996599953e-01
