# Ensemble A, m = 1000.0, lambda = [  2.08032795e-08  -1.41278235e-08   0.00000000e+00   3.79789891e-09]
2.965425349315251147e+00
1.826072862483134607e+00
1.783342539712799768e+00
9.883686888259803904e-01
2.022825993757915164e+00
1.427045266204813423e+00
1.945802573612043007e+00
8.132562370946081476e-01
5.400771956811515340e-01
1.470498225554387750e-01
1.165627399757007021e+00
2.026822918998777423e-01
9.901599575049578883e-01
1.211122806195370494e+00
1.736536392243985150e+00
1.433502738749648620e+00
4.836637424944409402e-01
2.696120204733315706e+00
2.287827424309261115e+00
1.738007929892756209e+00
8.479832582429854826e-01
1.013051718458753969e+00
7.196414760329854499e-01
2.584368629472917345e-01
0.000000000000000000e+00
1.573916735568836600e+00
0.000000000000000000e+00
1.167445657722311569e+00
0.000000000000000000e+00
5.299630365161058787e-01
5.840829700925518342e-01
1.702638494991218110e+00
1.788735843924408542e+00
4.971971221974301747e-01
2.770409515795263289e+00
1.656793766276805080e+00
5.189869219376473941e-01
3.342773635482020333e-01
2.911578017765580562e+00
0.000000000000000000e+00
2.333724425814470482e+00
9.913079820992797275e-01
1.832395118728937344e+00
1.997099901555237755e+00
4.225664293453691989e-01
2.171561741203514639e+00
0.000000000000000000e+00
2.717543861784864845e+00
2.176659375244549111e+00
1.060077952265191421e-02
1.384389568471235510e+00
1.001911826707803099e+00
3.526081337000341875e-01
9.865267006916531578e-01
0.000000000000000000e+00
1.913791112600150335e+00
9.371708333329303864e-01
2.948410291776965009e-01
1.233089317619193048e+00
4.170153582370108025e-01
0.000000000000000000e+00
3.555015108852827704e-02
1.158728203700170045e+00
1.219994331929963094e+00
1.543433470320573875e+00
1.455881698534601698e+00
2.717975412665951218e+00
1.875454782205322246e+00
2.685271803322432649e-01
4.674921464982378927e-01
1.868527406391062184e+00
1.202626662448018635e+00
0.000000000000000000e+00
2.518730486020703818e+00
3.576313024834668397e+00
3.098314033205594953e+00
1.076562820354448169e+00
0.000000000000000000e+00
1.122765325661214675e+00
8.138209296305082274e-01
6.258466849383176323e-01
2.266072516619261457e+00
7.173716406170255189e-02
8.286583981626163276e-01
6.751959697118498083e-01
1.274394590406220829e+00
1.749743807148608443e+00
1.502907506806905991e+00
1.723091033429506425e+00
1.934166462065363135e+00
8.467241271904049071e-01
2.619473519373935133e+00
1.468877007871238538e+00
2.824493720582780032e+00
3.438042727347043304e+00
0.000000000000000000e+00
2.207739154233048229e+00
1.100725363334670970e+00
6.418795260901620781e-01
0.000000000000000000e+00
