# Ensemble A, m = 1000.0, lambda = [  1.79277248e-08  -1.42852160e-08   0.00000000e+00   3.42114951e-09]
2.132282266898075651e+00
1.770163337750910060e+00
2.969001999679065751e+00
3.251650191739768658e+00
2.060439096167010931e+00
1.113264849106600174e+00
3.235072372461598178e+00
4.566927368642892948e-01
1.266104872598918796e+00
9.447646025381672974e-02
1.709765541691525614e+00
2.499482217707751808e+00
2.283907082404913247e+00
7.091772318566053057e-01
1.306689687777527142e+00
2.659104528578295046e+00
3.630283074895255702e+00
7.178154359917564564e-01
2.271785964958274562e+00
1.281017770903177588e+00
4.663053121329105988e-01
9.815381928366885278e-01
3.139890782201164576e-01
3.500853051576351849e+00
1.885926319534609430e+00
2.954633419290587426e+00
1.928902116447833270e+00
2.862860274109731318e+00
1.481692036318775996e+00
1.775583871033676209e+00
3.978180098018241129e+00
7.223362120373664208e-01
3.162926124063779376e+00
1.486850427517249607e+00
1.866209282845165962e+00
2.868303624946521246e+00
2.270999265577066772e+00
2.728220564984775720e+00
0.000000000000000000e+00
3.855450456018106875e-01
2.557811787567418449e+00
2.754675471457801006e+00
2.733833176508424057e+00
1.263823310440044700e+00
1.851187699901241990e+00
1.552249606218786493e+00
6.020226369016509205e-01
3.042815980690385835e+00
2.543521324198017908e+00
1.942137405247262416e+00
0.000000000000000000e+00
4.271998085704199477e-01
1.232409713222225811e+00
5.784192078494068134e-01
2.015395499325559392e+00
0.000000000000000000e+00
2.284282807387443270e+00
3.497974686156355872e+00
2.058639800037597833e+00
1.694874377087005390e+00
2.955305056403856323e+00
2.098313625355567869e+00
1.176448286146279276e+00
2.163916756207830083e+00
2.297748149944032647e+00
2.714979111929244127e+00
2.335018025158501209e-01
2.606219690410558343e+00
1.845820498536038912e+00
2.906573537636569338e+00
3.389396053367516259e+00
3.354239008805048439e+00
2.177976227417342869e+00
2.725337651225233415e+00
3.235939630219228036e+00
0.000000000000000000e+00
1.894880210063290216e+00
8.073477156289825540e-01
1.114837554504009898e+00
2.457151657294688540e+00
1.547358126582820015e+00
3.868052796975312013e+00
2.184790865919531200e+00
8.867707656183522191e-01
3.753593251659164576e+00
2.929362802565220747e+00
1.824458303608640808e+00
3.876365554550501358e+00
9.496328905783413266e-01
1.551459140988258323e+00
4.863383904183923967e+00
2.572803997111848151e+00
0.000000000000000000e+00
1.211090251150956254e+00
1.133952072851785342e+00
3.716038932177958998e+00
1.702850313016190498e+00
0.000000000000000000e+00
2.580052044830897451e+00
2.202155126768517768e+00
