# Ensemble A, m = 1000.0, c_n/c_p = 0.793548387097, f = -0.996086956522
# lambda = [  3.37299436e-08  -2.66616044e-08   0.00000000e+00   2.36557157e-09]
#  
5.685288170846772182e+00
6.081000518877500483e+00
5.141398795276068689e+00
5.092745668393573233e+00
5.584319864506451125e+00
5.999637418222294016e+00
5.601092608323647859e+00
5.440114532777943879e+00
3.880220719444449795e+00
3.607319557588317682e+00
4.375748844657564973e+00
4.188559668306792716e+00
5.108038128752111717e+00
3.536518707675691875e+00
6.066531455051044297e+00
4.585464017036945172e+00
4.718538577424911118e+00
4.936899396034227117e+00
5.501295467985292120e+00
5.279059425383851867e+00
5.985510367151340994e+00
5.157314729774237883e+00
5.802449117314098181e+00
5.561678886625871954e+00
4.632037030410878664e+00
5.498771001087265908e+00
5.666739361799803198e+00
5.443044654140841487e+00
7.550015206295093151e+00
3.825901580945595626e+00
4.477330232772196439e+00
5.210239306995535280e+00
3.892741308482769114e+00
5.523635902849633794e+00
5.158649187049205942e+00
3.821455927693848231e+00
5.441561093085544698e+00
5.772228780314604180e+00
4.574242166443364788e+00
4.959373106404288301e+00
4.324137987480454193e+00
4.857522068098809598e+00
4.701203529722168817e+00
4.563165077140334702e+00
4.376091746670551785e+00
5.317428265166778800e+00
5.341448697043756688e+00
4.537430758828102206e+00
5.576364178731980203e+00
3.641430861043760459e+00
5.459610276771989845e+00
4.245465952631112039e+00
3.992647762350022056e+00
5.943153484853080926e+00
5.426317260631519090e+00
5.201442954203272961e+00
3.736507655842241427e+00
4.370575598292808728e+00
3.800404756723696931e+00
3.423698548079209036e+00
4.791303918695381192e+00
5.208182381932565441e+00
4.726883802985461180e+00
3.428787483288353588e+00
4.657520484462060573e+00
3.617064060421351979e+00
3.382875656049642021e+00
4.926713812559468053e+00
4.527271873652024325e+00
2.390915893485503485e+00
3.750951251903849926e+00
4.241826135064993508e+00
5.784547375253718648e+00
4.926639177769443378e+00
4.768193491140285012e+00
4.256879430049655078e+00
3.887366584846851048e+00
4.839819949459394088e+00
5.444697816660332812e+00
3.708394026773116803e+00
5.637249134281996810e+00
5.835767557012912832e+00
4.850557056192987382e+00
4.202813706239704850e+00
3.303030664106327396e+00
4.437823515938643659e+00
5.119077537656402832e+00
4.229751479877139175e+00
5.057365098639142076e+00
5.005434904817768427e+00
4.338769924354780372e+00
5.509483006816232376e+00
4.334325793510110714e+00
4.717453434204148977e+00
3.909620868693923779e+00
5.059064607850181972e+00
5.640546032009532418e+00
3.402579600860093478e+00
4.510236609943922836e+00
5.665971847888791935e+00
