# Ensemble A, m = 1000.0, lambda = [  2.12988023e-08  -1.68543950e-08   0.00000000e+00   3.31057760e-09]
1.010267021529204445e+00
2.090699655801885548e+00
1.715846995980450318e+00
2.668612905223351817e+00
2.558603791796318916e+00
4.198090196206845981e+00
4.398763515802025736e+00
2.902657050624806168e+00
2.064861983063172257e+00
2.638440625429042896e+00
3.557692991791018500e+00
2.827754212383664534e+00
1.254137578648600648e+00
2.441222548132140790e+00
1.762240471607540382e+00
2.157587350535317583e+00
3.485907559801279643e+00
3.065634568849619157e+00
2.755919006203042976e+00
1.501785289811175650e+00
4.362797131776295245e+00
2.940877470288994378e+00
4.495635524042822517e-01
4.232905245411437534e+00
2.490028710497818931e+00
2.488406496134506263e+00
1.994799859406458653e+00
4.499056612974850822e+00
3.399670477468460295e+00
3.151926680067452580e+00
1.791527125498387774e+00
1.352615817392177844e+00
1.828638676563453469e+00
4.327141905685280676e+00
2.667467498006852900e+00
3.136468532182012048e+00
2.555034426832054617e+00
3.376353263851791020e+00
2.654733397982220744e+00
1.786421176960528934e+00
1.875269787354242546e+00
2.911313625000868655e+00
1.514521421819621683e+00
1.304871332716386334e+00
3.036827303104035369e+00
4.007023681611015853e+00
2.633013064882101517e+00
4.111259036479726348e+00
1.196756564456418648e+00
2.675953978828981228e+00
3.844892121202843960e+00
2.523192132309994395e+00
2.721329115589154579e+00
3.339445771716526679e+00
3.164067761784786104e+00
2.650265414131437680e+00
3.246665908076598051e+00
1.865265328838453973e+00
2.464413528727726010e+00
2.902609255190589987e+00
2.561592691678158840e+00
2.679726675987851525e+00
2.910758726481567749e+00
1.374700542635139744e+00
2.807659713332315565e+00
4.586800297362473522e+00
3.590431051736889145e+00
2.115368713802372458e+00
2.693778340713197217e+00
2.041827474607397885e+00
2.037241748652121931e+00
2.870470136524470028e+00
3.132493764935012859e+00
3.334517158354054711e+00
1.817676941404976265e+00
2.300847329559304377e+00
6.164446840381506698e-01
2.786758677381405924e+00
1.393774774096816937e+00
3.740067040741498872e+00
3.356982144101789078e+00
1.288036290332498890e+00
3.313367422683394015e+00
0.000000000000000000e+00
3.034196108478896647e+00
2.261421799924575815e+00
3.745000547633045684e+00
2.298037585468844402e+00
3.780479681243703816e+00
3.096369842264436123e+00
1.019728181000236100e+00
2.975093171561000727e+00
2.363055584198963999e+00
0.000000000000000000e+00
1.337174162738574923e+00
2.942081538063345825e+00
2.142235825617870404e+00
3.253892043482455865e+00
1.757943215213901400e+00
2.083443564967916384e+00
