# Ensemble A, m = 1000.0, lambda = [  1.98310338e-08  -1.29157604e-08   0.00000000e+00   3.69506486e-09]
1.290850693983285336e+00
2.428905407848486464e-01
1.337037703840097791e+00
0.000000000000000000e+00
3.027660739338642326e-01
1.535176410321292373e+00
1.737767531199548188e+00
1.988558784121212897e+00
2.080712988425974075e+00
6.973455016360122771e-01
7.147369382403572224e-01
1.007097894794438675e+00
0.000000000000000000e+00
2.127849091926155567e-01
7.034766800111054152e-01
0.000000000000000000e+00
9.863832729810643185e-01
1.452553265838116614e+00
1.241231542743017835e+00
7.438468295548643361e-02
1.145106597327011019e-02
5.204465650767574614e-01
5.742330634256623823e-01
0.000000000000000000e+00
2.330968127217961428e+00
0.000000000000000000e+00
7.968514771438901523e-01
5.402083032422754227e-01
0.000000000000000000e+00
2.997668779470205713e+00
1.788950704195537700e+00
1.288794382808853722e+00
1.627513669180126188e+00
1.012111152131756731e+00
1.723214362894539997e+00
6.145963410990660236e-01
2.583101890230796727e+00
1.196835735776475840e+00
3.755842770246874962e-01
8.240857516262531934e-01
5.050986498231988531e-01
0.000000000000000000e+00
8.567243008549468852e-02
2.177994798006737565e+00
3.113030009541702281e+00
1.899849866950632071e+00
1.440082423122412081e+00
2.546456849894073837e+00
3.536871913410349344e-01
2.680173837945532433e+00
3.411165397571319646e-01
0.000000000000000000e+00
2.958528367335383491e-01
1.230742700618305374e+00
9.765395207581026860e-01
0.000000000000000000e+00
0.000000000000000000e+00
1.630486023415746444e-01
1.829447525442008615e+00
5.535858758665973545e-01
1.286561526512017384e+00
0.000000000000000000e+00
1.012407954654759967e+00
1.585004608827022432e+00
1.828954362435352143e+00
0.000000000000000000e+00
2.792068814157869783e-01
0.000000000000000000e+00
2.821659971317679982e+00
4.570016170507175679e-01
2.586463738239527799e-02
0.000000000000000000e+00
6.382754655070955740e-01
1.929184399348404133e+00
8.089861315837069133e-01
7.884043995053987564e-01
1.849904704456287075e+00
1.260346750329179644e+00
1.100967364254297864e+00
0.000000000000000000e+00
1.936677928990667708e+00
1.516544435140915859e+00
1.092016381412456827e+00
2.480823533526642921e-01
1.591781632524024381e+00
3.603782497090160519e-01
1.498212393268585796e+00
0.000000000000000000e+00
3.469667351584908577e-01
8.872682550393162781e-01
1.961792923800979513e-02
1.423783503323217126e+00
4.848550061867467620e-01
1.669719091209234563e+00
1.476553219552649399e+00
2.830133149773967904e+00
0.000000000000000000e+00
7.800677163715495910e-01
2.173705560812919213e+00
1.989416884915916839e+00
