# Ensemble A, m = 1000.0, c_n/c_p = 0.81935483871, f = -0.985652173913
# lambda = [  2.19332402e-08  -1.77132602e-08   0.00000000e+00   3.03332858e-09]
#  
4.646044814572551473e+00
6.123568801474964296e+00
5.362342572617611047e+00
1.123302072465373502e+00
2.134348664465824719e+00
2.842229858601077463e+00
3.846451697442234252e+00
2.709527824953751107e+00
1.737844598065626744e+00
5.887155093697642450e+00
3.391451665848911556e+00
2.580125270579892494e+00
2.634816117918286515e+00
2.260859846272802454e+00
4.335707906351897734e+00
2.956760349021228418e+00
5.491486930764970076e+00
2.384176718516061833e+00
4.619644062306575094e+00
3.453160104026471000e+00
4.402583707130348856e+00
2.830458827725986559e+00
5.467862695262675210e+00
2.253812916068008043e+00
3.895507188729486980e+00
3.439488603915898501e+00
4.922249672850892210e+00
4.479330107779452952e+00
2.091140064475780935e+00
2.504008150410876432e+00
3.106062786284236488e+00
1.761202911699692342e+00
4.213888733839729284e+00
4.612277150477602561e+00
4.793997956582337849e+00
2.829842287752396768e+00
3.465632470714123059e+00
3.913389015170397389e+00
3.863638131724896230e+00
4.852312182322846112e+00
3.793280649179922470e+00
2.414818774734853069e+00
2.963091324839141727e+00
2.324485175241520540e+00
3.332219415082084080e+00
2.577550496583887796e+00
4.400119737274618359e+00
4.121644669213757162e+00
2.161517072868475164e+00
3.151445195907284003e+00
4.570624983543665643e+00
4.567676862842979801e+00
3.055749013499869715e+00
4.673897987672119392e+00
2.534083768569633577e+00
4.385998546565735623e+00
3.375055567204711782e+00
4.782790286553216141e+00
3.160680003601283872e+00
4.612006717612026740e+00
4.391276023952579877e+00
3.945113032892987981e+00
1.931705268598377767e+00
3.242441864950698527e+00
2.185115356475564763e+00
4.330674481259491060e+00
5.681019945248135805e+00
4.939368218092357488e+00
2.105101162803068693e+00
4.756741073399759046e+00
4.080614747168418432e+00
5.573957204530535670e+00
6.201485607191466798e+00
3.428153195411230314e+00
4.551411857727314825e+00
3.091925087328682764e+00
2.967231467433452341e+00
4.697241488314039870e+00
4.055932353852424121e+00
3.200533531031100498e+00
4.400229256548311874e+00
6.152163555596961153e+00
3.316139806752983255e+00
3.877392026908137446e+00
1.329331388398628189e+00
2.687157781320914207e+00
5.167938923486338432e+00
1.963789569512217614e+00
2.973925277859919003e+00
1.726444493890931575e+00
5.272079268792809081e+00
5.255158430413665371e+00
4.004220728456031608e+00
4.958544986772199792e+00
3.120566918940913315e+00
3.041862969181944099e+00
1.973246618675069897e+00
3.632716510824094414e+00
3.843615589770318586e+00
5.119308637117645056e+00
