# Ensemble A, m = 1000.0, c_n/c_p = 0.845161290323, f = -0.97652173913
# lambda = [  1.73671942e-08  -1.43334645e-08   0.00000000e+00   3.16193558e-09]
#  
2.129040494071007483e+00
1.728157824248151897e+00
2.987965832701139579e+00
1.647272799983860336e+00
2.295256111396989596e+00
7.002066042418473302e-01
3.437796937120516816e+00
1.412319640175893509e+00
1.847670686337422596e+00
1.514055641128841945e+00
2.401113598405089977e+00
2.843257573876265543e+00
2.124970136094634920e+00
7.694491047893632363e-01
3.442742239436117568e+00
2.593162347115737454e+00
3.542721911692878312e+00
7.703863156612260621e-01
0.000000000000000000e+00
3.990108404779671325e+00
2.491975791288000508e+00
3.139057954914324711e+00
1.224218381473402895e+00
0.000000000000000000e+00
3.041570394114598397e+00
3.267715636404849633e+00
2.880257365389132573e+00
1.330969978648108398e+00
1.941513571994976373e-01
3.350175996830437875e+00
2.089080776183323440e+00
3.102429938206080262e+00
1.440998333331392933e+00
1.757327398016892417e+00
3.921942019711121663e+00
1.422924716653267474e+00
2.246338479109854180e+00
1.775059225877246405e+00
2.752884423533227487e+00
2.713712695909160644e+00
4.519780772997442853e+00
3.923741721703965180e+00
2.895729010879206644e+00
2.051485341591015477e+00
3.719388053824714824e+00
3.106196786147341182e+00
3.989268637337353596e+00
1.536236158932904772e+00
3.384206717569640865e+00
3.457651033498051474e-01
4.754796467264815973e+00
3.335190839393168627e+00
2.243264478931175532e+00
3.319631046795536555e+00
3.473049592771106475e+00
2.276460379538504775e+00
2.226675607366494170e+00
1.480615116227360195e+00
1.805812678357627155e+00
3.066484421049279874e+00
1.738347605615534253e+00
5.054779964032043438e-01
0.000000000000000000e+00
3.249012793966510770e+00
4.237716673309896542e+00
1.508523711144392543e+00
1.065583740772463761e+00
2.680839433864443677e+00
3.129012309922861057e+00
4.015180337163517521e+00
2.523095001614637845e+00
1.811195563697957756e+00
1.661616067208088188e+00
3.188152574988933008e+00
2.407483000199424517e+00
2.685709532410877731e+00
6.946830826598739961e-01
2.097112935246738807e+00
3.434523858568883536e+00
1.514866169086743541e+00
2.697738327784025447e+00
1.720192024253085039e+00
2.442840987171134515e+00
3.226718525405839255e+00
4.018474727076783104e+00
9.073512383889579258e-01
1.247514347682301405e+00
2.894589645498154340e+00
0.000000000000000000e+00
2.222455317919030282e+00
1.871182710450121967e+00
1.653992701235895701e+00
3.363433578768574073e+00
7.104793767185499931e-01
5.130419396745804050e+00
2.851633729620693281e+00
2.218186799476278726e+00
3.306267231961236064e+00
3.018029740225446567e+00
3.159349461035242168e+00
