# Ensemble A, m = 1000.0, lambda = [  2.23205796e-08  -1.73803513e-08   0.00000000e+00   3.41388712e-09]
3.585249561200506641e+00
3.664023311394629001e+00
2.621323053850981299e+00
3.810558528967964875e+00
3.873899728361803962e+00
3.060926353691462154e+00
2.101966144370783329e+00
3.297362463551851697e+00
2.242579658721285618e+00
2.884916933148828022e+00
3.860263456086272527e+00
2.126407437174603565e+00
4.171627047047981485e+00
2.017302507278343704e+00
3.642502248537689447e+00
2.299832747856108028e+00
3.735820670802760368e+00
3.068860786370151139e+00
3.097155631892564820e+00
3.057991189789734054e+00
2.555535505223349269e+00
2.138568165790164066e+00
0.000000000000000000e+00
3.744350890748577854e+00
5.606960897944500699e-01
3.595544942198133587e+00
1.707162599713043072e+00
1.846482172417650780e+00
2.820762207512525155e+00
1.237564727282641996e+00
4.165677623102796989e-01
3.395555762125708199e+00
1.486320910063370082e+00
2.936139456661400526e+00
2.558247388270169509e+00
3.044291168763123334e+00
4.314668556414016365e+00
1.924890076251596582e+00
2.292454302959836099e+00
1.458036218703931075e+00
3.345789435625142083e+00
1.948042101797581971e+00
1.738017487462890864e+00
2.821535947467375571e+00
1.527814197454528955e+00
2.492629978363032350e+00
4.268036704227735179e+00
3.584143773630359409e+00
2.543905770046263726e+00
4.336236331460558979e+00
8.788461093963504389e-01
2.414613880634571164e+00
2.089187664914511799e+00
3.673917258008829734e+00
1.860460879893156338e+00
2.325366985465850522e+00
3.609257446447711626e+00
2.275695933607626120e+00
1.031571968544916285e+00
3.554388173907724102e+00
3.059736616541990806e+00
2.250576623763266504e+00
2.989549363362788093e+00
4.571738584502415215e+00
0.000000000000000000e+00
3.293263342974535934e+00
1.952100625379888266e+00
3.860031913450201912e+00
4.282415800222030278e+00
2.789227543643979512e+00
3.415714541417300687e+00
8.818860371107705154e-01
2.451367803255644517e+00
3.918640232139301904e+00
2.738233508730745669e+00
3.840416226635944508e+00
3.251712634543599822e+00
4.011456473682270207e+00
1.799049827803631985e+00
1.060322105656348102e+00
3.612920407615049179e+00
2.806779077304109027e+00
4.126367165560181682e+00
2.572867171999987601e+00
2.730190017129596303e+00
1.982567696487570252e+00
3.268355011796650000e+00
2.491665620493072275e+00
3.463450477863962984e+00
2.574463646952813711e+00
2.728079991117102754e+00
4.113661345085524168e+00
1.853678803000927688e+00
3.705847225127251399e+00
4.464378115704699113e+00
1.644158626772199483e+00
1.678155904163047385e+00
3.246542866328011367e+00
3.491535637315748897e+00
3.543283556354626551e+00
