# Ensemble A, m = 1000.0, lambda = [  2.03030815e-08  -1.18163934e-08   0.00000000e+00   2.96146735e-09]
1.881273413631797453e+00
9.701587336224405667e-02
9.328698190866200335e-01
8.914605101858330549e-01
1.233664493555589603e+00
1.052997589350254337e+00
9.903914551595429661e-01
1.217817297765455553e+00
2.634074974889104026e-01
0.000000000000000000e+00
8.607273238807684745e-02
1.691084448924271122e+00
2.157351843953776882e+00
1.588609862968442865e+00
0.000000000000000000e+00
5.328475396407983400e-01
1.443717429456869317e+00
7.118508441589846414e-02
2.805891859149754364e+00
0.000000000000000000e+00
1.041318788634639114e+00
0.000000000000000000e+00
2.883877758354614143e-02
1.207731492318674160e+00
1.955238180257615199e-02
1.053676621257646939e+00
1.582217135391371376e-01
9.397671598585940478e-01
4.010600010245548019e-01
1.020939947864594410e+00
0.000000000000000000e+00
0.000000000000000000e+00
1.491578987915404442e+00
7.222189424619090969e-01
0.000000000000000000e+00
1.816206779074834576e-01
2.101326844939641614e+00
5.516437160350268210e-01
5.050036469185792409e-01
8.991158686364859876e-02
1.699030378796414276e+00
9.169736557063862259e-02
0.000000000000000000e+00
8.874918740206100276e-01
5.447546516345562750e-01
1.041835295746545098e+00
9.111928041165372472e-01
0.000000000000000000e+00
1.036060119589523820e+00
1.193250530840570311e+00
1.696923712006071838e+00
0.000000000000000000e+00
0.000000000000000000e+00
2.082555751834596514e+00
1.420318426030962922e+00
0.000000000000000000e+00
0.000000000000000000e+00
0.000000000000000000e+00
0.000000000000000000e+00
0.000000000000000000e+00
0.000000000000000000e+00
2.210766889812055158e+00
0.000000000000000000e+00
1.264122798620630928e+00
8.949739168718574556e-01
8.493940890196798044e-02
7.154224988416705289e-01
5.532069572381065337e-01
0.000000000000000000e+00
0.000000000000000000e+00
1.002403157472036010e+00
7.648582628269430250e-01
1.482350583137184596e+00
0.000000000000000000e+00
6.436390320927929398e-01
0.000000000000000000e+00
0.000000000000000000e+00
0.000000000000000000e+00
2.291857725007416580e+00
1.033014705817428547e-01
2.304935771506277931e-01
0.000000000000000000e+00
1.446525402063572940e+00
1.654251504713114773e+00
0.000000000000000000e+00
9.815469599445344473e-01
0.000000000000000000e+00
3.977773680747375695e-01
1.793057215454843534e-01
1.236786338899557469e+00
0.000000000000000000e+00
9.975649881189620205e-02
0.000000000000000000e+00
2.361407314368825006e+00
5.170144991770571352e-02
7.796710744822602512e-01
0.000000000000000000e+00
1.424061400577995677e-02
7.020883369174373279e-01
4.447632021909336264e-01
