# Ensemble A, m = 1000.0, lambda = [  1.38356440e-08  -1.24932518e-08   0.00000000e+00   2.61745153e-09]
1.784908746312434236e+00
1.460835174754707255e+00
2.340884466506027994e+00
0.000000000000000000e+00
2.797987722014170231e+00
1.693560382860385349e+00
6.965209269822866256e-01
6.884887726707158428e-01
2.706478377671288182e+00
1.476046445654694894e+00
0.000000000000000000e+00
1.831312168125709849e+00
2.252304631317926464e+00
1.504202890930402603e+00
3.742403140839580811e-01
1.218578784194147557e+00
0.000000000000000000e+00
0.000000000000000000e+00
1.607719178324373832e+00
7.655890181909802417e-01
1.233737250210495962e+00
1.649554929168860262e+00
5.696344371419244206e-03
1.977636343747070757e+00
0.000000000000000000e+00
5.039398755085504611e-01
3.250634107198511202e+00
1.974025968123267472e+00
0.000000000000000000e+00
1.503065425315957215e+00
1.071705225282150842e+00
1.501753613928660913e+00
0.000000000000000000e+00
7.328836794305740865e-01
1.059414737116576521e+00
1.326393811434938952e+00
1.337122541631819317e+00
2.158578836576391602e+00
2.229060130306143694e+00
1.083697859274922459e+00
1.278455193094423681e+00
4.170559032494335246e-03
5.265493159602639972e-01
2.571328870435755309e+00
2.100114043619017323e+00
2.838647243508809481e+00
9.261505680966621856e-01
1.215257223939145703e+00
1.014929014541841257e+00
8.486563130033455415e-01
1.415111721325958527e+00
2.306091193002153705e+00
1.293512850486147947e+00
4.080184891780186743e-03
3.554416673347084554e+00
9.976483938655383854e-01
4.808093895994175471e-01
1.540254749921113220e+00
1.850683863162005061e+00
3.175491467537856938e+00
1.497206947916829733e+00
9.887623492942396730e-01
0.000000000000000000e+00
0.000000000000000000e+00
8.921022510692376839e-01
1.362685554577826696e+00
1.820836749812551947e+00
2.338783222161349151e-01
1.306182915333866656e+00
1.986651923749728432e+00
1.905026253350617260e+00
0.000000000000000000e+00
7.343977540885335831e-01
9.834449405675306233e-01
1.465045150699205934e+00
5.577340897179481338e-01
3.083624777603123923e-01
6.625253153263642725e-01
1.239778355320932945e+00
2.886294495316359843e+00
1.281291660764058538e+00
1.295319603047225598e+00
3.200900465805843975e+00
1.157886579234519431e+00
6.484554168409636388e-01
2.963487684734814831e+00
3.451936568539107242e+00
2.633035433683356352e+00
0.000000000000000000e+00
1.156347013880994812e+00
2.278342309061936799e+00
2.148698546548750254e+00
1.019714803713587692e+00
1.502157841963098539e+00
1.829169554228670669e-01
1.849850036697503475e+00
2.670689717949658259e+00
1.816457330482803112e+00
6.929506118758287370e-01
1.663889955106175655e+00
