# Ensemble A, m = 1000.0, lambda = [  1.26842102e-08  -1.26683550e-08   0.00000000e+00   6.34012290e-10]
0.000000000000000000e+00
0.000000000000000000e+00
1.503569208786041056e+00
0.000000000000000000e+00
0.000000000000000000e+00
0.000000000000000000e+00
0.000000000000000000e+00
0.000000000000000000e+00
1.437187324678647071e+00
0.000000000000000000e+00
6.549124614597499547e-03
0.000000000000000000e+00
0.000000000000000000e+00
0.000000000000000000e+00
1.446146772082226972e+00
0.000000000000000000e+00
0.000000000000000000e+00
0.000000000000000000e+00
0.000000000000000000e+00
0.000000000000000000e+00
0.000000000000000000e+00
8.399848256158151671e-03
0.000000000000000000e+00
0.000000000000000000e+00
0.000000000000000000e+00
0.000000000000000000e+00
0.000000000000000000e+00
0.000000000000000000e+00
0.000000000000000000e+00
1.438042650533657985e-02
0.000000000000000000e+00
0.000000000000000000e+00
0.000000000000000000e+00
0.000000000000000000e+00
0.000000000000000000e+00
1.030523990782348902e-02
0.000000000000000000e+00
0.000000000000000000e+00
1.347026328385809935e+00
1.257904236853257807e+00
0.000000000000000000e+00
0.000000000000000000e+00
0.000000000000000000e+00
0.000000000000000000e+00
0.000000000000000000e+00
7.920194208581587958e-01
0.000000000000000000e+00
0.000000000000000000e+00
0.000000000000000000e+00
0.000000000000000000e+00
0.000000000000000000e+00
1.547988329934438134e+00
0.000000000000000000e+00
0.000000000000000000e+00
0.000000000000000000e+00
6.180796803638590742e-01
0.000000000000000000e+00
0.000000000000000000e+00
1.925674664940524305e+00
0.000000000000000000e+00
0.000000000000000000e+00
0.000000000000000000e+00
0.000000000000000000e+00
0.000000000000000000e+00
0.000000000000000000e+00
0.000000000000000000e+00
1.143544609393259748e+00
0.000000000000000000e+00
0.000000000000000000e+00
0.000000000000000000e+00
2.268811185335057434e+00
0.000000000000000000e+00
0.000000000000000000e+00
7.396338149648421512e-01
1.457625307399004866e+00
0.000000000000000000e+00
0.000000000000000000e+00
9.537667560951438306e-01
1.758983416083058193e+00
2.242517685677973382e+00
1.648246989554168263e+00
0.000000000000000000e+00
0.000000000000000000e+00
0.000000000000000000e+00
0.000000000000000000e+00
0.000000000000000000e+00
1.336896854865870024e-02
0.000000000000000000e+00
0.000000000000000000e+00
0.000000000000000000e+00
5.507684111013572137e-03
8.575506085425497194e-01
0.000000000000000000e+00
0.000000000000000000e+00
0.000000000000000000e+00
0.000000000000000000e+00
0.000000000000000000e+00
0.000000000000000000e+00
0.000000000000000000e+00
0.000000000000000000e+00
