# Ensemble A, m = 1000.0, lambda = [  1.45405539e-08  -1.11231887e-08   0.00000000e+00   3.71209996e-09]
8.150674952116644389e-01
6.192818607195291897e-02
0.000000000000000000e+00
2.820741741383126833e+00
3.460601887304358693e-01
6.423999318021907934e-01
1.912713201457619805e+00
2.132496752904713411e+00
1.321488060611643256e+00
5.485356477231523309e-01
2.146142582951716893e+00
8.680660722524474737e-01
1.020905200326705842e+00
0.000000000000000000e+00
0.000000000000000000e+00
1.872282619246651514e+00
1.631972513844157202e+00
3.175356123789058183e-01
0.000000000000000000e+00
3.920662452233867334e-01
2.865110590237287536e+00
1.727599738248452033e+00
0.000000000000000000e+00
2.778892778665583707e-01
1.775308185764165048e+00
6.880383641140637163e-01
4.773740591224886476e-01
1.070110200987684390e+00
1.734337326128051471e+00
2.431600995571812085e+00
1.811523188961179587e+00
0.000000000000000000e+00
4.538171991759629709e-01
7.026679450890415124e-01
1.391697871147030252e+00
4.772592333553508578e-03
2.986913538396400725e-01
2.963918357955460881e+00
9.665172929062586515e-01
1.167031588293620192e+00
2.052625383062246789e-02
2.333560232847303517e+00
1.434161587257827275e+00
2.592892913585685299e+00
1.781381958801896204e+00
6.506136532131419348e-02
1.247476573465492677e+00
1.515341248374084682e+00
4.569551415940597550e-01
2.889498364348897397e+00
1.499679983796751603e+00
2.005444823941317178e+00
1.172375039211951187e+00
2.149588216799572127e+00
0.000000000000000000e+00
1.678076241598829954e+00
1.794445218876407511e+00
1.337989121878646159e+00
1.244150326852212274e+00
7.256600305068302559e-01
4.320586847592521318e-01
1.670500505700474037e+00
4.908841917158453527e-01
1.313389971080510255e-01
5.209297224937690096e-01
2.906955874853106581e-01
2.470485666026116522e+00
1.027672482975644064e+00
5.066140358807190713e-01
1.232187787602293749e+00
1.561254204040748439e+00
1.442055121065006218e-01
0.000000000000000000e+00
2.116826222952912673e+00
2.816711780214333327e+00
7.906393108225832078e-01
0.000000000000000000e+00
0.000000000000000000e+00
1.678579703184924776e+00
2.017153823588146100e+00
4.307791687821580506e-01
0.000000000000000000e+00
0.000000000000000000e+00
7.412171072619072598e-01
0.000000000000000000e+00
1.421749503505425727e+00
0.000000000000000000e+00
1.719558517644168116e+00
4.171866569292085325e-01
2.189101985039692888e+00
9.429846914046601247e-01
1.016170978542170644e+00
1.877819207519638489e+00
1.580223124462214912e+00
2.096469728521390241e+00
5.435271681605183813e-01
6.344745573002448236e-01
1.935188062542977594e+00
2.911886476343670815e-01
1.244062889194980315e+00
