# Ensemble A, m = 1000.0, c_n/c_p = 1.0, f = -0.973913043478
# lambda = [  1.07861187e-08  -1.05047417e-08   0.00000000e+00   2.44760263e-09]
#  
1.110490040948413082e+00
4.936502287386169141e-01
1.918003086173219573e+00
2.305367836167333984e+00
0.000000000000000000e+00
2.834674670703374311e+00
7.940267948651001939e-01
2.843834939586005195e+00
0.000000000000000000e+00
2.980097185373772550e+00
4.981553302922038795e-01
6.383889725599242171e-01
0.000000000000000000e+00
0.000000000000000000e+00
0.000000000000000000e+00
3.643903973309903677e+00
3.772467704862265681e-01
8.285789368081895034e-01
3.543721603499898065e-01
8.717758271508265766e-01
5.128227985774189701e-01
1.431407747127990404e-01
6.272396068168980543e-01
7.797130484877251577e-01
9.829834271440429649e-01
1.919992926918336007e+00
0.000000000000000000e+00
2.283522963116739191e-01
2.652184413019957443e+00
0.000000000000000000e+00
0.000000000000000000e+00
0.000000000000000000e+00
5.962912198337955161e-01
1.261992258854738980e+00
1.973352129332232030e-01
3.635051153735398555e-01
1.033413479356288800e+00
1.092075552079503575e+00
1.314060544725225821e+00
1.117862289876805804e+00
1.910040595494671090e+00
2.828049429685904927e-03
4.943999866785102171e+00
2.140027289445094016e+00
1.934030850185336270e+00
0.000000000000000000e+00
1.418654746325873628e+00
2.414606231837360450e+00
3.374761875601089423e-01
1.564755800785567974e+00
1.694922081385018764e+00
1.274247874885246490e-01
4.324480742917884424e-01
3.661868067579492070e-02
0.000000000000000000e+00
1.575916326751491958e+00
0.000000000000000000e+00
0.000000000000000000e+00
0.000000000000000000e+00
2.362714521059076575e-02
0.000000000000000000e+00
1.139392941389644420e+00
1.694181479223926923e+00
1.700609696083957623e+00
1.468915806777455479e+00
3.228714166059634683e-01
8.059148799415768449e-01
0.000000000000000000e+00
1.076194344215580800e+00
0.000000000000000000e+00
0.000000000000000000e+00
0.000000000000000000e+00
0.000000000000000000e+00
3.196159532353478605e-01
1.126590235626378167e+00
0.000000000000000000e+00
0.000000000000000000e+00
1.879106941616186965e+00
9.526795898696251153e-02
0.000000000000000000e+00
0.000000000000000000e+00
8.724553801559469246e-01
4.093785240358727151e-01
1.288080304891119354e+00
4.182656889088021135e-01
0.000000000000000000e+00
1.382132239259551643e+00
2.107058316602194115e+00
7.429412893089085701e-01
8.215426204100548802e-01
1.512459529077367915e+00
7.513877831638677840e-01
1.761879120951788114e+00
1.189049987585637957e+00
2.493873351282031692e+00
2.436392331227246744e-01
1.549691947316963747e-01
8.518941047250233600e-01
0.000000000000000000e+00
9.542343097845592537e-01
