# Ensemble A, m = 1000.0, lambda = [  2.19901471e-08  -1.58666005e-08   0.00000000e+00   3.79987342e-09]
3.851894219146634324e+00
2.149714801278631793e+00
3.385657881440717887e-02
3.969247048777912457e-01
1.729548481118545755e+00
2.393649959843061836e+00
1.146434939201570025e+00
2.458560595519299508e+00
1.325008060965894297e+00
2.443725644745313730e+00
2.066276393046458715e+00
3.319996072021801359e-01
9.484935632051971766e-01
2.339407830447070680e+00
1.716567868287703469e+00
1.298213229385419831e-01
3.136393526044047864e-01
1.488218861455545827e+00
3.418154690953683961e+00
2.941585844304219766e-01
2.780774179534558854e+00
3.234004673010626885e+00
2.582115628967082355e+00
1.277422306234497817e+00
8.863160136588601468e-01
3.000238017736593488e+00
2.984149376683153054e+00
2.385576834378873023e+00
1.647975726298793075e+00
1.673236137661303635e+00
2.465130524275587209e+00
2.606056797638280909e+00
1.555331506489310733e+00
4.883825732236528605e-01
1.016519091773183892e+00
0.000000000000000000e+00
1.626906306090239340e+00
6.682055160404808403e-01
1.064849521346791228e+00
9.793982939149209477e-01
2.223547310567431712e+00
5.838997336741523769e-01
1.286746921872080396e+00
1.069940886243976097e+00
1.469041775982027787e+00
2.127459822979665738e+00
1.370055560291693508e+00
1.008921655733307166e+00
1.589637085746519851e+00
2.211463556276045850e+00
1.580674163602288518e+00
2.564994321678666367e+00
1.678170923106565127e+00
3.718868675594352968e+00
3.205553453039734713e+00
1.626508904840741288e+00
1.867281903481725625e+00
5.929197236161669604e-01
2.781150421236868731e-01
2.641767023783813118e-01
6.338941084769297296e-01
2.378557927003855266e+00
2.633257145412548184e+00
2.828463129479754201e+00
1.181579764132777877e+00
2.195584708670496710e+00
1.978335520951333359e+00
1.496650512517147869e+00
1.270725365576679255e+00
0.000000000000000000e+00
7.370151557211312987e-01
1.490708413245005470e+00
1.321229675672937587e+00
2.738671791132015088e+00
8.378972842901816209e-01
9.156938346249513527e-01
8.406274962592105160e-01
1.076540597372934727e+00
3.314031334228142445e+00
1.663947110682842734e+00
2.614643783747982564e+00
1.432428604906607950e+00
2.747017738242053753e+00
3.199109280321798199e+00
5.115580076137080656e-01
1.232323262692516685e+00
2.986051250816181835e+00
1.721780844295150326e+00
1.585470491552886774e+00
9.706710234341048293e-01
5.242897545798436143e-01
2.095392645927382169e+00
3.224925580473073872e+00
1.867417072391511113e+00
1.921203887579012726e+00
1.923934015495557759e+00
1.835779962677245969e+00
2.178970614541314799e+00
1.785483048033113862e+00
1.631362609352924764e+00
