# Ensemble A, m = 1000.0, lambda = [  1.09765288e-08  -1.05233929e-08   0.00000000e+00   2.57937528e-09]
0.000000000000000000e+00
0.000000000000000000e+00
3.519337537596878840e-01
7.224057356810336117e-01
2.333688385263800735e-01
6.052634214059711137e-01
2.360567138760571559e+00
0.000000000000000000e+00
1.325841530536313151e+00
1.319953445267024517e+00
6.847260910335634110e-01
1.006184368239094518e+00
4.524660143113629629e-01
1.791084895009649625e+00
8.831955158012632090e-01
3.891071846567042969e-02
1.687662036353303918e+00
0.000000000000000000e+00
1.634136305084362029e+00
0.000000000000000000e+00
1.843191102619920141e+00
1.213780759604440096e+00
0.000000000000000000e+00
8.593408019188584213e-01
7.074634580094802949e-01
0.000000000000000000e+00
1.449002098590463694e+00
1.544881522021890774e+00
0.000000000000000000e+00
6.409305096139660263e-01
0.000000000000000000e+00
5.489911343497687612e-01
2.046293240909636602e+00
8.062774742725496990e-01
7.446204498459073617e-01
3.543305852078710433e-02
4.012870470266307610e-01
1.158864984371195339e+00
0.000000000000000000e+00
1.436511680832476490e+00
2.021136082388799604e+00
0.000000000000000000e+00
1.200727630774522048e+00
2.791777801853711494e-01
1.439767671902912882e+00
1.075155865401061367e-01
1.209988789754426364e+00
1.015713640415813357e+00
1.530202899596725619e+00
3.373079084872465216e+00
0.000000000000000000e+00
3.372231591386321559e-01
2.621613730838574519e+00
2.497391365850107015e+00
8.538817877817977964e-01
0.000000000000000000e+00
1.419312270267735876e+00
1.327050495552613896e+00
1.520802782307436152e+00
0.000000000000000000e+00
1.604202723295945487e-01
1.538076248584652195e+00
7.825926843127136712e-01
2.471390307195132419e+00
7.167715978042845659e-01
1.307393278107932266e+00
6.786534031363253838e-01
6.243656662989213180e-01
1.719283033532116312e+00
0.000000000000000000e+00
0.000000000000000000e+00
0.000000000000000000e+00
0.000000000000000000e+00
0.000000000000000000e+00
1.938710322347622750e+00
2.072529153395139101e+00
0.000000000000000000e+00
2.045380777740747114e+00
1.894680764760856784e+00
5.897412880301095006e-01
7.443790659711820856e-01
0.000000000000000000e+00
0.000000000000000000e+00
0.000000000000000000e+00
3.835712369680259748e-01
0.000000000000000000e+00
0.000000000000000000e+00
7.664572565773637436e-01
1.680871320294986759e+00
1.801465606551729159e+00
0.000000000000000000e+00
1.440359774326189557e+00
0.000000000000000000e+00
8.151762847267766954e-02
6.023670484434754391e-01
1.596607103681784823e+00
3.279484486018354183e-01
0.000000000000000000e+00
1.656227026286511528e+00
1.604389471893563179e+00
